  0.1000E+01  0.3610E+01
  0.2000E+01  0.4059E+01
  0.3000E+01  0.4372E+01
  0.4000E+01  0.4410E+01
  0.5000E+01  0.4569E+01
  0.6000E+01  0.4702E+01
  0.7000E+01  0.4428E+01
  0.8000E+01  0.4619E+01
  0.9000E+01  0.4508E+01
  0.1000E+02  0.4611E+01
  0.1100E+02  0.4611E+01
  0.1200E+02  0.4675E+01
  0.1300E+02  0.4651E+01
  0.1400E+02  0.4664E+01
  0.1500E+02  0.4609E+01
  0.1600E+02  0.4748E+01
  0.1700E+02  0.4752E+01
  0.1800E+02  0.4708E+01
  0.1900E+02  0.4264E+01
  0.2000E+02  0.4490E+01
  0.2100E+02  0.4629E+01
  0.2200E+02  0.4816E+01
  0.2300E+02  0.4937E+01
  0.2400E+02  0.4884E+01
  0.2500E+02  0.5358E+01
  0.2600E+02  0.5581E+01
  0.2700E+02  0.5649E+01
  0.2800E+02  0.5814E+01
  0.2900E+02  0.5614E+01
  0.3000E+02  0.5464E+01
  0.3100E+02  0.5142E+01
  0.3200E+02  0.4933E+01
  0.3300E+02  0.5033E+01
  0.3400E+02  0.4954E+01
  0.3500E+02  0.4575E+01
  0.3600E+02  0.4611E+01
  0.3700E+02  0.4555E+01
  0.3800E+02  0.4641E+01
  0.3900E+02  0.4442E+01
  0.4000E+02  0.4695E+01
  0.4100E+02  0.4653E+01
  0.4200E+02  0.4770E+01
  0.4300E+02  0.4936E+01
  0.4400E+02  0.4795E+01
  0.4500E+02  0.4676E+01
  0.4600E+02  0.4821E+01
  0.4700E+02  0.4711E+01
  0.4800E+02  0.4705E+01
  0.4900E+02  0.4479E+01
  0.5000E+02  0.4894E+01
  0.5100E+02  0.4466E+01
  0.5200E+02  0.4918E+01
  0.5300E+02  0.5290E+01
  0.5400E+02  0.4541E+01
  0.5500E+02  0.4812E+01
  0.5600E+02  0.4782E+01
  0.5700E+02  0.4733E+01
  0.5800E+02  0.4840E+01
  0.5900E+02  0.4676E+01
  0.6000E+02  0.4750E+01
  0.6100E+02  0.4879E+01
  0.6200E+02  0.4834E+01
  0.6300E+02  0.4499E+01
  0.6400E+02  0.4743E+01
  0.6500E+02  0.4707E+01
  0.6600E+02  0.4473E+01
  0.6700E+02  0.4588E+01
  0.6800E+02  0.4708E+01
  0.6900E+02  0.4385E+01
  0.7000E+02  0.4517E+01
  0.7100E+02  0.4408E+01
  0.7200E+02  0.4425E+01
  0.7300E+02  0.4361E+01
  0.7400E+02  0.4338E+01
  0.7500E+02  0.4626E+01
  0.7600E+02  0.4583E+01
  0.7700E+02  0.4572E+01
  0.7800E+02  0.4631E+01
  0.7900E+02  0.4568E+01
  0.8000E+02  0.4628E+01
  0.8100E+02  0.5256E+01
  0.8200E+02  0.4672E+01
  0.8300E+02  0.4589E+01
  0.8400E+02  0.4897E+01
  0.8500E+02  0.4570E+01
  0.8600E+02  0.4627E+01
  0.8700E+02  0.4683E+01
  0.8800E+02  0.4745E+01
  0.8900E+02  0.4813E+01
  0.9000E+02  0.4646E+01
  0.9100E+02  0.4880E+01
  0.9200E+02  0.4713E+01
  0.9300E+02  0.4787E+01
  0.9400E+02  0.4856E+01
  0.9500E+02  0.5024E+01
  0.9600E+02  0.4558E+01
  0.9700E+02  0.4955E+01
  0.9800E+02  0.4832E+01
  0.9900E+02  0.4662E+01
  0.1000E+03  0.4687E+01
  0.1010E+03  0.4911E+01
  0.1020E+03  0.4715E+01
  0.1030E+03  0.5119E+01
  0.1040E+03  0.4609E+01
  0.1050E+03  0.4940E+01
  0.1060E+03  0.5309E+01
  0.1070E+03  0.4979E+01
  0.1080E+03  0.5217E+01
  0.1090E+03  0.5386E+01
  0.1100E+03  0.4883E+01
  0.1110E+03  0.5253E+01
  0.1120E+03  0.5243E+01
  0.1130E+03  0.4988E+01
  0.1140E+03  0.5381E+01
  0.1150E+03  0.5296E+01
  0.1160E+03  0.5154E+01
  0.1170E+03  0.5272E+01
  0.1180E+03  0.5182E+01
  0.1190E+03  0.5358E+01
  0.1200E+03  0.5534E+01
  0.1210E+03  0.5512E+01
  0.1220E+03  0.5334E+01
  0.1230E+03  0.5499E+01
  0.1240E+03  0.5500E+01
  0.1250E+03  0.5831E+01
  0.1260E+03  0.5530E+01
  0.1270E+03  0.5929E+01
  0.1280E+03  0.5918E+01
  0.1290E+03  0.6191E+01
  0.1300E+03  0.5938E+01
  0.1310E+03  0.6182E+01
  0.1320E+03  0.6037E+01
  0.1330E+03  0.5986E+01
  0.1340E+03  0.6497E+01
  0.1350E+03  0.6298E+01
  0.1360E+03  0.6460E+01
  0.1370E+03  0.6611E+01
  0.1380E+03  0.6752E+01
  0.1390E+03  0.7108E+01
  0.1400E+03  0.7345E+01
  0.1410E+03  0.7626E+01
  0.1420E+03  0.7929E+01
  0.1430E+03  0.8313E+01
  0.1440E+03  0.8336E+01
  0.1450E+03  0.8768E+01
  0.1460E+03  0.9255E+01
  0.1470E+03  0.1034E+02
  0.1480E+03  0.1085E+02
  0.1490E+03  0.1152E+02
  0.1500E+03  0.1254E+02
  0.1510E+03  0.1336E+02
  0.1520E+03  0.1441E+02
  0.1530E+03  0.1527E+02
  0.1540E+03  0.1667E+02
  0.1550E+03  0.1696E+02
  0.1560E+03  0.1801E+02
  0.1570E+03  0.1802E+02
  0.1580E+03  0.1818E+02
  0.1590E+03  0.1835E+02
  0.1600E+03  0.1831E+02
  0.1610E+03  0.1757E+02
  0.1620E+03  0.1721E+02
  0.1630E+03  0.1626E+02
  0.1640E+03  0.1536E+02
  0.1650E+03  0.1490E+02
  0.1660E+03  0.1303E+02
  0.1670E+03  0.1240E+02
  0.1680E+03  0.1153E+02
  0.1690E+03  0.1079E+02
  0.1700E+03  0.1002E+02
  0.1710E+03  0.9017E+01
  0.1720E+03  0.8759E+01
  0.1730E+03  0.8378E+01
  0.1740E+03  0.8162E+01
  0.1750E+03  0.7846E+01
  0.1760E+03  0.7359E+01
  0.1770E+03  0.7879E+01
  0.1780E+03  0.7932E+01
  0.1790E+03  0.7079E+01
  0.1800E+03  0.7529E+01
  0.1810E+03  0.7527E+01
  0.1820E+03  0.7717E+01
  0.1830E+03  0.7700E+01
  0.1840E+03  0.8178E+01
  0.1850E+03  0.7448E+01
  0.1860E+03  0.7972E+01
  0.1870E+03  0.7925E+01
  0.1880E+03  0.7976E+01
  0.1890E+03  0.8064E+01
  0.1900E+03  0.7914E+01
  0.1910E+03  0.8317E+01
  0.1920E+03  0.8137E+01
  0.1930E+03  0.8812E+01
  0.1940E+03  0.8161E+01
  0.1950E+03  0.8529E+01
  0.1960E+03  0.8272E+01
  0.1970E+03  0.8068E+01
  0.1980E+03  0.8658E+01
  0.1990E+03  0.8333E+01
  0.2000E+03  0.9394E+01
  0.2010E+03  0.9476E+01
  0.2020E+03  0.8887E+01
  0.2030E+03  0.9350E+01
  0.2040E+03  0.9632E+01
  0.2050E+03  0.9454E+01
  0.2060E+03  0.9066E+01
  0.2070E+03  0.9564E+01
  0.2080E+03  0.9569E+01
  0.2090E+03  0.9214E+01
  0.2100E+03  0.9827E+01
  0.2110E+03  0.9752E+01
  0.2120E+03  0.1032E+02
  0.2130E+03  0.9553E+01
  0.2140E+03  0.9755E+01
  0.2150E+03  0.1044E+02
  0.2160E+03  0.1034E+02
  0.2170E+03  0.1032E+02
  0.2180E+03  0.1047E+02
  0.2190E+03  0.1106E+02
  0.2200E+03  0.1080E+02
  0.2210E+03  0.1081E+02
  0.2220E+03  0.1079E+02
  0.2230E+03  0.1079E+02
  0.2240E+03  0.1125E+02
  0.2250E+03  0.1130E+02
  0.2260E+03  0.1175E+02
  0.2270E+03  0.1135E+02
  0.2280E+03  0.1210E+02
  0.2290E+03  0.1158E+02
  0.2300E+03  0.1134E+02
  0.2310E+03  0.1158E+02
  0.2320E+03  0.1171E+02
  0.2330E+03  0.1200E+02
  0.2340E+03  0.1218E+02
  0.2350E+03  0.1214E+02
  0.2360E+03  0.1211E+02
  0.2370E+03  0.1279E+02
  0.2380E+03  0.1254E+02
  0.2390E+03  0.1257E+02
  0.2400E+03  0.1220E+02
  0.2410E+03  0.1299E+02
  0.2420E+03  0.1287E+02
  0.2430E+03  0.1315E+02
  0.2440E+03  0.1324E+02
  0.2450E+03  0.1288E+02
  0.2460E+03  0.1331E+02
  0.2470E+03  0.1355E+02
  0.2480E+03  0.1351E+02
  0.2490E+03  0.1346E+02
  0.2500E+03  0.1374E+02
  0.2510E+03  0.1396E+02
  0.2520E+03  0.1389E+02
  0.2530E+03  0.1399E+02
  0.2540E+03  0.1418E+02
  0.2550E+03  0.1392E+02
  0.2560E+03  0.1350E+02
  0.2570E+03  0.1393E+02
  0.2580E+03  0.1358E+02
  0.2590E+03  0.1446E+02
  0.2600E+03  0.1460E+02
  0.2610E+03  0.1416E+02
  0.2620E+03  0.1427E+02
  0.2630E+03  0.1491E+02
  0.2640E+03  0.1510E+02
  0.2650E+03  0.1512E+02
  0.2660E+03  0.1403E+02
  0.2670E+03  0.1474E+02
  0.2680E+03  0.1462E+02
  0.2690E+03  0.1474E+02
  0.2700E+03  0.1484E+02
  0.2710E+03  0.1519E+02
  0.2720E+03  0.1462E+02
  0.2730E+03  0.1563E+02
  0.2740E+03  0.1521E+02
  0.2750E+03  0.1538E+02
  0.2760E+03  0.1493E+02
  0.2770E+03  0.1538E+02
  0.2780E+03  0.1585E+02
  0.2790E+03  0.1514E+02
  0.2800E+03  0.1593E+02
  0.2810E+03  0.1565E+02
  0.2820E+03  0.1545E+02
  0.2830E+03  0.1551E+02
  0.2840E+03  0.1548E+02
  0.2850E+03  0.1575E+02
  0.2860E+03  0.1592E+02
  0.2870E+03  0.1548E+02
  0.2880E+03  0.1567E+02
  0.2890E+03  0.1551E+02
  0.2900E+03  0.1584E+02
  0.2910E+03  0.1545E+02
  0.2920E+03  0.1569E+02
  0.2930E+03  0.1606E+02
  0.2940E+03  0.1592E+02
  0.2950E+03  0.1610E+02
  0.2960E+03  0.1592E+02
  0.2970E+03  0.1510E+02
  0.2980E+03  0.1551E+02
  0.2990E+03  0.1579E+02
  0.3000E+03  0.1574E+02
  0.3010E+03  0.1582E+02
  0.3020E+03  0.1610E+02
  0.3030E+03  0.1610E+02
  0.3040E+03  0.1558E+02
  0.3050E+03  0.1639E+02
  0.3060E+03  0.1613E+02
  0.3070E+03  0.1686E+02
  0.3080E+03  0.1642E+02
  0.3090E+03  0.1605E+02
  0.3100E+03  0.1657E+02
  0.3110E+03  0.1605E+02
  0.3120E+03  0.1616E+02
  0.3130E+03  0.1631E+02
  0.3140E+03  0.1688E+02
  0.3150E+03  0.1677E+02
  0.3160E+03  0.1653E+02
  0.3170E+03  0.1614E+02
  0.3180E+03  0.1648E+02
  0.3190E+03  0.1696E+02
  0.3200E+03  0.1724E+02
  0.3210E+03  0.1697E+02
  0.3220E+03  0.1687E+02
  0.3230E+03  0.1703E+02
  0.3240E+03  0.1746E+02
  0.3250E+03  0.1738E+02
  0.3260E+03  0.1692E+02
  0.3270E+03  0.1774E+02
  0.3280E+03  0.1803E+02
  0.3290E+03  0.1723E+02
  0.3300E+03  0.1749E+02
  0.3310E+03  0.1765E+02
  0.3320E+03  0.1767E+02
  0.3330E+03  0.1763E+02
  0.3340E+03  0.1799E+02
  0.3350E+03  0.1822E+02
  0.3360E+03  0.1817E+02
  0.3370E+03  0.1783E+02
  0.3380E+03  0.1778E+02
  0.3390E+03  0.1769E+02
  0.3400E+03  0.1852E+02
  0.3410E+03  0.1844E+02
  0.3420E+03  0.1807E+02
  0.3430E+03  0.1837E+02
  0.3440E+03  0.1813E+02
  0.3450E+03  0.1777E+02
  0.3460E+03  0.1797E+02
  0.3470E+03  0.1812E+02
  0.3480E+03  0.1788E+02
  0.3490E+03  0.1775E+02
  0.3500E+03  0.1727E+02
  0.3510E+03  0.1756E+02
  0.3520E+03  0.1729E+02
  0.3530E+03  0.1757E+02
  0.3540E+03  0.1733E+02
  0.3550E+03  0.1662E+02
  0.3560E+03  0.1725E+02
  0.3570E+03  0.1669E+02
  0.3580E+03  0.1706E+02
  0.3590E+03  0.1654E+02
  0.3600E+03  0.1619E+02
  0.3610E+03  0.1587E+02
  0.3620E+03  0.1619E+02
  0.3630E+03  0.1609E+02
  0.3640E+03  0.1644E+02
  0.3650E+03  0.1641E+02
  0.3660E+03  0.1608E+02
  0.3670E+03  0.1581E+02
  0.3680E+03  0.1587E+02
  0.3690E+03  0.1563E+02
  0.3700E+03  0.1549E+02
  0.3710E+03  0.1563E+02
  0.3720E+03  0.1561E+02
  0.3730E+03  0.1534E+02
  0.3740E+03  0.1594E+02
  0.3750E+03  0.1557E+02
  0.3760E+03  0.1549E+02
  0.3770E+03  0.1566E+02
  0.3780E+03  0.1587E+02
  0.3790E+03  0.1549E+02
  0.3800E+03  0.1501E+02
  0.3810E+03  0.1590E+02
  0.3820E+03  0.1542E+02
  0.3830E+03  0.1474E+02
  0.3840E+03  0.1464E+02
  0.3850E+03  0.1534E+02
  0.3860E+03  0.1494E+02
  0.3870E+03  0.1506E+02
  0.3880E+03  0.1544E+02
  0.3890E+03  0.1507E+02
  0.3900E+03  0.1488E+02
  0.3910E+03  0.1540E+02
  0.3920E+03  0.1518E+02
  0.3930E+03  0.1562E+02
  0.3940E+03  0.1564E+02
  0.3950E+03  0.1550E+02
  0.3960E+03  0.1543E+02
  0.3970E+03  0.1598E+02
  0.3980E+03  0.1558E+02
  0.3990E+03  0.1590E+02
  0.4000E+03  0.1531E+02
  0.4010E+03  0.1591E+02
  0.4020E+03  0.1595E+02
  0.4030E+03  0.1597E+02
  0.4040E+03  0.1589E+02
  0.4050E+03  0.1573E+02
  0.4060E+03  0.1567E+02
  0.4070E+03  0.1593E+02
  0.4080E+03  0.1631E+02
  0.4090E+03  0.1633E+02
  0.4100E+03  0.1609E+02
  0.4110E+03  0.1639E+02
  0.4120E+03  0.1635E+02
  0.4130E+03  0.1664E+02
  0.4140E+03  0.1677E+02
  0.4150E+03  0.1597E+02
  0.4160E+03  0.1673E+02
  0.4170E+03  0.1691E+02
  0.4180E+03  0.1670E+02
  0.4190E+03  0.1776E+02
  0.4200E+03  0.1676E+02
  0.4210E+03  0.1723E+02
  0.4220E+03  0.1663E+02
  0.4230E+03  0.1735E+02
  0.4240E+03  0.1752E+02
  0.4250E+03  0.1788E+02
  0.4260E+03  0.1831E+02
  0.4270E+03  0.1766E+02
  0.4280E+03  0.1833E+02
  0.4290E+03  0.1814E+02
  0.4300E+03  0.1796E+02
  0.4310E+03  0.1791E+02
  0.4320E+03  0.1860E+02
  0.4330E+03  0.1849E+02
  0.4340E+03  0.1853E+02
  0.4350E+03  0.1835E+02
  0.4360E+03  0.1859E+02
  0.4370E+03  0.1855E+02
  0.4380E+03  0.1818E+02
  0.4390E+03  0.1902E+02
  0.4400E+03  0.1762E+02
  0.4410E+03  0.1816E+02
  0.4420E+03  0.1819E+02
  0.4430E+03  0.1804E+02
  0.4440E+03  0.1783E+02
  0.4450E+03  0.1832E+02
  0.4460E+03  0.1718E+02
  0.4470E+03  0.1739E+02
  0.4480E+03  0.1744E+02
  0.4490E+03  0.1684E+02
  0.4500E+03  0.1746E+02
  0.4510E+03  0.1703E+02
  0.4520E+03  0.1689E+02
  0.4530E+03  0.1646E+02
  0.4540E+03  0.1609E+02
  0.4550E+03  0.1645E+02
  0.4560E+03  0.1608E+02
  0.4570E+03  0.1606E+02
  0.4580E+03  0.1585E+02
  0.4590E+03  0.1559E+02
  0.4600E+03  0.1528E+02
  0.4610E+03  0.1536E+02
  0.4620E+03  0.1521E+02
  0.4630E+03  0.1538E+02
  0.4640E+03  0.1485E+02
  0.4650E+03  0.1487E+02
  0.4660E+03  0.1494E+02
  0.4670E+03  0.1426E+02
  0.4680E+03  0.1392E+02
  0.4690E+03  0.1447E+02
  0.4700E+03  0.1466E+02
  0.4710E+03  0.1437E+02
  0.4720E+03  0.1385E+02
  0.4730E+03  0.1442E+02
  0.4740E+03  0.1398E+02
  0.4750E+03  0.1430E+02
  0.4760E+03  0.1419E+02
  0.4770E+03  0.1407E+02
  0.4780E+03  0.1415E+02
  0.4790E+03  0.1435E+02
  0.4800E+03  0.1479E+02
  0.4810E+03  0.1439E+02
  0.4820E+03  0.1527E+02
  0.4830E+03  0.1475E+02
  0.4840E+03  0.1434E+02
  0.4850E+03  0.1477E+02
  0.4860E+03  0.1493E+02
  0.4870E+03  0.1466E+02
  0.4880E+03  0.1501E+02
  0.4890E+03  0.1528E+02
  0.4900E+03  0.1463E+02
  0.4910E+03  0.1543E+02
  0.4920E+03  0.1577E+02
  0.4930E+03  0.1600E+02
  0.4940E+03  0.1597E+02
  0.4950E+03  0.1540E+02
  0.4960E+03  0.1634E+02
  0.4970E+03  0.1568E+02
  0.4980E+03  0.1624E+02
  0.4990E+03  0.1637E+02
  0.5000E+03  0.1667E+02
  0.5010E+03  0.1695E+02
  0.5020E+03  0.1702E+02
  0.5030E+03  0.1665E+02
  0.5040E+03  0.1707E+02
  0.5050E+03  0.1723E+02
  0.5060E+03  0.1753E+02
  0.5070E+03  0.1751E+02
  0.5080E+03  0.1777E+02
  0.5090E+03  0.1777E+02
  0.5100E+03  0.1859E+02
  0.5110E+03  0.0000E+00
  0.5120E+03  0.0000E+00
