  0.1000E+01  0.9871E+01
  0.2000E+01  0.1125E+02
  0.3000E+01  0.1183E+02
  0.4000E+01  0.1219E+02
  0.5000E+01  0.1217E+02
  0.6000E+01  0.1168E+02
  0.7000E+01  0.1229E+02
  0.8000E+01  0.1244E+02
  0.9000E+01  0.1229E+02
  0.1000E+02  0.1222E+02
  0.1100E+02  0.1202E+02
  0.1200E+02  0.1230E+02
  0.1300E+02  0.1233E+02
  0.1400E+02  0.1251E+02
  0.1500E+02  0.1247E+02
  0.1600E+02  0.1212E+02
  0.1700E+02  0.1200E+02
  0.1800E+02  0.1236E+02
  0.1900E+02  0.1181E+02
  0.2000E+02  0.1197E+02
  0.2100E+02  0.1185E+02
  0.2200E+02  0.1204E+02
  0.2300E+02  0.1140E+02
  0.2400E+02  0.1162E+02
  0.2500E+02  0.1181E+02
  0.2600E+02  0.1194E+02
  0.2700E+02  0.1152E+02
  0.2800E+02  0.1179E+02
  0.2900E+02  0.1161E+02
  0.3000E+02  0.1150E+02
  0.3100E+02  0.1152E+02
  0.3200E+02  0.1156E+02
  0.3300E+02  0.1169E+02
  0.3400E+02  0.1139E+02
  0.3500E+02  0.1146E+02
  0.3600E+02  0.1099E+02
  0.3700E+02  0.1147E+02
  0.3800E+02  0.1073E+02
  0.3900E+02  0.1091E+02
  0.4000E+02  0.1106E+02
  0.4100E+02  0.1096E+02
  0.4200E+02  0.1142E+02
  0.4300E+02  0.1108E+02
  0.4400E+02  0.1155E+02
  0.4500E+02  0.1134E+02
  0.4600E+02  0.1099E+02
  0.4700E+02  0.1128E+02
  0.4800E+02  0.1125E+02
  0.4900E+02  0.1178E+02
  0.5000E+02  0.1198E+02
  0.5100E+02  0.1148E+02
  0.5200E+02  0.1202E+02
  0.5300E+02  0.1199E+02
  0.5400E+02  0.1233E+02
  0.5500E+02  0.1246E+02
  0.5600E+02  0.1286E+02
  0.5700E+02  0.1253E+02
  0.5800E+02  0.1308E+02
  0.5900E+02  0.1386E+02
  0.6000E+02  0.1399E+02
  0.6100E+02  0.1409E+02
  0.6200E+02  0.1409E+02
  0.6300E+02  0.1423E+02
  0.6400E+02  0.1486E+02
  0.6500E+02  0.1501E+02
  0.6600E+02  0.1477E+02
  0.6700E+02  0.1573E+02
  0.6800E+02  0.1556E+02
  0.6900E+02  0.1608E+02
  0.7000E+02  0.1624E+02
  0.7100E+02  0.1602E+02
  0.7200E+02  0.1640E+02
  0.7300E+02  0.1656E+02
  0.7400E+02  0.1713E+02
  0.7500E+02  0.1689E+02
  0.7600E+02  0.1751E+02
  0.7700E+02  0.1737E+02
  0.7800E+02  0.1723E+02
  0.7900E+02  0.1733E+02
  0.8000E+02  0.1766E+02
  0.8100E+02  0.1779E+02
  0.8200E+02  0.1801E+02
  0.8300E+02  0.1755E+02
  0.8400E+02  0.1775E+02
  0.8500E+02  0.1735E+02
  0.8600E+02  0.1844E+02
  0.8700E+02  0.1792E+02
  0.8800E+02  0.1817E+02
  0.8900E+02  0.1799E+02
  0.9000E+02  0.1851E+02
  0.9100E+02  0.1822E+02
  0.9200E+02  0.1796E+02
  0.9300E+02  0.1788E+02
  0.9400E+02  0.1837E+02
  0.9500E+02  0.1822E+02
  0.9600E+02  0.1832E+02
  0.9700E+02  0.1812E+02
  0.9800E+02  0.1805E+02
  0.9900E+02  0.1842E+02
  0.1000E+03  0.1807E+02
  0.1010E+03  0.1809E+02
  0.1020E+03  0.1863E+02
  0.1030E+03  0.1857E+02
  0.1040E+03  0.1840E+02
  0.1050E+03  0.1867E+02
  0.1060E+03  0.1841E+02
  0.1070E+03  0.1840E+02
  0.1080E+03  0.1868E+02
  0.1090E+03  0.1899E+02
  0.1100E+03  0.1872E+02
  0.1110E+03  0.1915E+02
  0.1120E+03  0.1872E+02
  0.1130E+03  0.1903E+02
  0.1140E+03  0.1847E+02
  0.1150E+03  0.1925E+02
  0.1160E+03  0.1893E+02
  0.1170E+03  0.1945E+02
  0.1180E+03  0.1943E+02
  0.1190E+03  0.1874E+02
  0.1200E+03  0.1953E+02
  0.1210E+03  0.1953E+02
  0.1220E+03  0.1997E+02
  0.1230E+03  0.1942E+02
  0.1240E+03  0.1992E+02
  0.1250E+03  0.2009E+02
  0.1260E+03  0.1976E+02
  0.1270E+03  0.2038E+02
  0.1280E+03  0.2059E+02
  0.1290E+03  0.2050E+02
  0.1300E+03  0.2056E+02
  0.1310E+03  0.2124E+02
  0.1320E+03  0.2107E+02
  0.1330E+03  0.2119E+02
  0.1340E+03  0.2124E+02
  0.1350E+03  0.2115E+02
  0.1360E+03  0.2173E+02
  0.1370E+03  0.2176E+02
  0.1380E+03  0.2176E+02
  0.1390E+03  0.2298E+02
  0.1400E+03  0.2257E+02
  0.1410E+03  0.2222E+02
  0.1420E+03  0.2242E+02
  0.1430E+03  0.2341E+02
  0.1440E+03  0.2314E+02
  0.1450E+03  0.2397E+02
  0.1460E+03  0.2348E+02
  0.1470E+03  0.2421E+02
  0.1480E+03  0.2396E+02
  0.1490E+03  0.2416E+02
  0.1500E+03  0.2384E+02
  0.1510E+03  0.2487E+02
  0.1520E+03  0.2438E+02
  0.1530E+03  0.2485E+02
  0.1540E+03  0.2526E+02
  0.1550E+03  0.2549E+02
  0.1560E+03  0.2533E+02
  0.1570E+03  0.2539E+02
  0.1580E+03  0.2652E+02
  0.1590E+03  0.2647E+02
  0.1600E+03  0.2693E+02
  0.1610E+03  0.2711E+02
  0.1620E+03  0.2719E+02
  0.1630E+03  0.2713E+02
  0.1640E+03  0.2779E+02
  0.1650E+03  0.2790E+02
  0.1660E+03  0.2800E+02
  0.1670E+03  0.2812E+02
  0.1680E+03  0.2840E+02
  0.1690E+03  0.2898E+02
  0.1700E+03  0.2839E+02
  0.1710E+03  0.2823E+02
  0.1720E+03  0.2822E+02
  0.1730E+03  0.2895E+02
  0.1740E+03  0.2871E+02
  0.1750E+03  0.2737E+02
  0.1760E+03  0.2816E+02
  0.1770E+03  0.2823E+02
  0.1780E+03  0.2678E+02
  0.1790E+03  0.2731E+02
  0.1800E+03  0.2644E+02
  0.1810E+03  0.2581E+02
  0.1820E+03  0.2621E+02
  0.1830E+03  0.2581E+02
  0.1840E+03  0.2494E+02
  0.1850E+03  0.2515E+02
  0.1860E+03  0.2420E+02
  0.1870E+03  0.2336E+02
  0.1880E+03  0.2327E+02
  0.1890E+03  0.2285E+02
  0.1900E+03  0.2193E+02
  0.1910E+03  0.2244E+02
  0.1920E+03  0.2179E+02
  0.1930E+03  0.2102E+02
  0.1940E+03  0.2047E+02
  0.1950E+03  0.2027E+02
  0.1960E+03  0.2017E+02
  0.1970E+03  0.1883E+02
  0.1980E+03  0.1875E+02
  0.1990E+03  0.1857E+02
  0.2000E+03  0.1858E+02
  0.2010E+03  0.1759E+02
  0.2020E+03  0.1795E+02
  0.2030E+03  0.1735E+02
  0.2040E+03  0.1696E+02
  0.2050E+03  0.1666E+02
  0.2060E+03  0.1682E+02
  0.2070E+03  0.1582E+02
  0.2080E+03  0.1615E+02
  0.2090E+03  0.1545E+02
  0.2100E+03  0.1492E+02
  0.2110E+03  0.1443E+02
  0.2120E+03  0.1418E+02
  0.2130E+03  0.1408E+02
  0.2140E+03  0.1407E+02
  0.2150E+03  0.1420E+02
  0.2160E+03  0.1279E+02
  0.2170E+03  0.1374E+02
  0.2180E+03  0.1299E+02
  0.2190E+03  0.1304E+02
  0.2200E+03  0.1297E+02
  0.2210E+03  0.1214E+02
  0.2220E+03  0.1237E+02
  0.2230E+03  0.1209E+02
  0.2240E+03  0.1117E+02
  0.2250E+03  0.1193E+02
  0.2260E+03  0.1145E+02
  0.2270E+03  0.1115E+02
  0.2280E+03  0.1129E+02
  0.2290E+03  0.1133E+02
  0.2300E+03  0.1029E+02
  0.2310E+03  0.1016E+02
  0.2320E+03  0.1055E+02
  0.2330E+03  0.1052E+02
  0.2340E+03  0.9805E+01
  0.2350E+03  0.1059E+02
  0.2360E+03  0.1007E+02
  0.2370E+03  0.9689E+01
  0.2380E+03  0.9568E+01
  0.2390E+03  0.9192E+01
  0.2400E+03  0.9074E+01
  0.2410E+03  0.9555E+01
  0.2420E+03  0.8979E+01
  0.2430E+03  0.8662E+01
  0.2440E+03  0.9162E+01
  0.2450E+03  0.9013E+01
  0.2460E+03  0.8795E+01
  0.2470E+03  0.8378E+01
  0.2480E+03  0.8108E+01
  0.2490E+03  0.8414E+01
  0.2500E+03  0.7911E+01
  0.2510E+03  0.8244E+01
  0.2520E+03  0.7887E+01
  0.2530E+03  0.7822E+01
  0.2540E+03  0.7863E+01
  0.2550E+03  0.7508E+01
  0.2560E+03  0.7231E+01
  0.2570E+03  0.7233E+01
  0.2580E+03  0.7276E+01
  0.2590E+03  0.7250E+01
  0.2600E+03  0.7231E+01
  0.2610E+03  0.7226E+01
  0.2620E+03  0.6945E+01
  0.2630E+03  0.6858E+01
  0.2640E+03  0.7106E+01
  0.2650E+03  0.6640E+01
  0.2660E+03  0.6373E+01
  0.2670E+03  0.6449E+01
  0.2680E+03  0.6494E+01
  0.2690E+03  0.6390E+01
  0.2700E+03  0.6326E+01
  0.2710E+03  0.6430E+01
  0.2720E+03  0.6114E+01
  0.2730E+03  0.5625E+01
  0.2740E+03  0.5798E+01
  0.2750E+03  0.5817E+01
  0.2760E+03  0.5534E+01
  0.2770E+03  0.6125E+01
  0.2780E+03  0.5480E+01
  0.2790E+03  0.5417E+01
  0.2800E+03  0.5660E+01
  0.2810E+03  0.5641E+01
  0.2820E+03  0.5502E+01
  0.2830E+03  0.5436E+01
  0.2840E+03  0.5343E+01
  0.2850E+03  0.5207E+01
  0.2860E+03  0.5227E+01
  0.2870E+03  0.5051E+01
  0.2880E+03  0.5114E+01
  0.2890E+03  0.4989E+01
  0.2900E+03  0.5130E+01
  0.2910E+03  0.5115E+01
  0.2920E+03  0.4753E+01
  0.2930E+03  0.4712E+01
  0.2940E+03  0.4721E+01
  0.2950E+03  0.4651E+01
  0.2960E+03  0.4635E+01
  0.2970E+03  0.4752E+01
  0.2980E+03  0.4687E+01
  0.2990E+03  0.4428E+01
  0.3000E+03  0.4715E+01
  0.3010E+03  0.4250E+01
  0.3020E+03  0.4490E+01
  0.3030E+03  0.4265E+01
  0.3040E+03  0.4275E+01
  0.3050E+03  0.4301E+01
  0.3060E+03  0.4090E+01
  0.3070E+03  0.4033E+01
  0.3080E+03  0.3926E+01
  0.3090E+03  0.4410E+01
  0.3100E+03  0.3985E+01
  0.3110E+03  0.4173E+01
  0.3120E+03  0.3765E+01
  0.3130E+03  0.3922E+01
  0.3140E+03  0.3731E+01
  0.3150E+03  0.3641E+01
  0.3160E+03  0.3510E+01
  0.3170E+03  0.3530E+01
  0.3180E+03  0.3718E+01
  0.3190E+03  0.3775E+01
  0.3200E+03  0.3470E+01
  0.3210E+03  0.3699E+01
  0.3220E+03  0.3298E+01
  0.3230E+03  0.3149E+01
  0.3240E+03  0.3221E+01
  0.3250E+03  0.3425E+01
  0.3260E+03  0.3267E+01
  0.3270E+03  0.3349E+01
  0.3280E+03  0.3140E+01
  0.3290E+03  0.3372E+01
  0.3300E+03  0.3012E+01
  0.3310E+03  0.3143E+01
  0.3320E+03  0.3188E+01
  0.3330E+03  0.3084E+01
  0.3340E+03  0.3015E+01
  0.3350E+03  0.2955E+01
  0.3360E+03  0.2987E+01
  0.3370E+03  0.3025E+01
  0.3380E+03  0.2920E+01
  0.3390E+03  0.3055E+01
  0.3400E+03  0.2642E+01
  0.3410E+03  0.2748E+01
  0.3420E+03  0.2805E+01
  0.3430E+03  0.2911E+01
  0.3440E+03  0.2902E+01
  0.3450E+03  0.2921E+01
  0.3460E+03  0.2665E+01
  0.3470E+03  0.2496E+01
  0.3480E+03  0.2748E+01
  0.3490E+03  0.2488E+01
  0.3500E+03  0.2662E+01
  0.3510E+03  0.2402E+01
  0.3520E+03  0.2420E+01
  0.3530E+03  0.2381E+01
  0.3540E+03  0.2268E+01
  0.3550E+03  0.2320E+01
  0.3560E+03  0.2401E+01
  0.3570E+03  0.2338E+01
  0.3580E+03  0.2209E+01
  0.3590E+03  0.2527E+01
  0.3600E+03  0.2124E+01
  0.3610E+03  0.2203E+01
  0.3620E+03  0.2152E+01
  0.3630E+03  0.2309E+01
  0.3640E+03  0.2157E+01
  0.3650E+03  0.2164E+01
  0.3660E+03  0.2055E+01
  0.3670E+03  0.2044E+01
  0.3680E+03  0.2059E+01
  0.3690E+03  0.2317E+01
  0.3700E+03  0.1872E+01
  0.3710E+03  0.2172E+01
  0.3720E+03  0.1939E+01
  0.3730E+03  0.2127E+01
  0.3740E+03  0.2052E+01
  0.3750E+03  0.1975E+01
  0.3760E+03  0.1957E+01
  0.3770E+03  0.1894E+01
  0.3780E+03  0.1867E+01
  0.3790E+03  0.1808E+01
  0.3800E+03  0.1899E+01
  0.3810E+03  0.1849E+01
  0.3820E+03  0.1723E+01
  0.3830E+03  0.1726E+01
  0.3840E+03  0.1804E+01
  0.3850E+03  0.1802E+01
  0.3860E+03  0.1705E+01
  0.3870E+03  0.1879E+01
  0.3880E+03  0.1705E+01
  0.3890E+03  0.1779E+01
  0.3900E+03  0.1803E+01
  0.3910E+03  0.1783E+01
  0.3920E+03  0.1601E+01
  0.3930E+03  0.1669E+01
  0.3940E+03  0.1599E+01
  0.3950E+03  0.1596E+01
  0.3960E+03  0.1567E+01
  0.3970E+03  0.1466E+01
  0.3980E+03  0.1507E+01
  0.3990E+03  0.1524E+01
  0.4000E+03  0.1431E+01
  0.4010E+03  0.1447E+01
  0.4020E+03  0.1524E+01
  0.4030E+03  0.1513E+01
  0.4040E+03  0.1535E+01
  0.4050E+03  0.1439E+01
  0.4060E+03  0.1352E+01
  0.4070E+03  0.1408E+01
  0.4080E+03  0.1433E+01
  0.4090E+03  0.1365E+01
  0.4100E+03  0.1375E+01
  0.4110E+03  0.1362E+01
  0.4120E+03  0.1418E+01
  0.4130E+03  0.1269E+01
  0.4140E+03  0.1146E+01
  0.4150E+03  0.1208E+01
  0.4160E+03  0.1345E+01
  0.4170E+03  0.1115E+01
  0.4180E+03  0.1283E+01
  0.4190E+03  0.1089E+01
  0.4200E+03  0.1138E+01
  0.4210E+03  0.1172E+01
  0.4220E+03  0.1072E+01
  0.4230E+03  0.1055E+01
  0.4240E+03  0.1020E+01
  0.4250E+03  0.1088E+01
  0.4260E+03  0.1071E+01
  0.4270E+03  0.1036E+01
  0.4280E+03  0.1002E+01
  0.4290E+03  0.1080E+01
  0.4300E+03  0.9982E+00
  0.4310E+03  0.8559E+00
  0.4320E+03  0.1116E+01
  0.4330E+03  0.1004E+01
  0.4340E+03  0.1008E+01
  0.4350E+03  0.9799E+00
  0.4360E+03  0.9133E+00
  0.4370E+03  0.9947E+00
  0.4380E+03  0.8551E+00
  0.4390E+03  0.8026E+00
  0.4400E+03  0.9473E+00
  0.4410E+03  0.9394E+00
  0.4420E+03  0.8650E+00
  0.4430E+03  0.9840E+00
  0.4440E+03  0.6830E+00
  0.4450E+03  0.8243E+00
  0.4460E+03  0.7753E+00
  0.4470E+03  0.9756E+00
  0.4480E+03  0.6083E+00
  0.4490E+03  0.7749E+00
  0.4500E+03  0.8655E+00
  0.4510E+03  0.7383E+00
  0.4520E+03  0.7619E+00
  0.4530E+03  0.7318E+00
  0.4540E+03  0.7442E+00
  0.4550E+03  0.7557E+00
  0.4560E+03  0.6757E+00
  0.4570E+03  0.6862E+00
  0.4580E+03  0.5568E+00
  0.4590E+03  0.7657E+00
  0.4600E+03  0.6994E+00
  0.4610E+03  0.5442E+00
  0.4620E+03  0.6249E+00
  0.4630E+03  0.6553E+00
  0.4640E+03  0.6957E+00
  0.4650E+03  0.6005E+00
  0.4660E+03  0.7034E+00
  0.4670E+03  0.6089E+00
  0.4680E+03  0.6661E+00
  0.4690E+03  0.6347E+00
  0.4700E+03  0.7631E+00
  0.4710E+03  0.5744E+00
  0.4720E+03  0.7021E+00
  0.4730E+03  0.5602E+00
  0.4740E+03  0.6884E+00
  0.4750E+03  0.5994E+00
  0.4760E+03  0.5944E+00
  0.4770E+03  0.6307E+00
  0.4780E+03  0.5100E+00
  0.4790E+03  0.5777E+00
  0.4800E+03  0.5447E+00
  0.4810E+03  0.5014E+00
  0.4820E+03  0.4964E+00
  0.4830E+03  0.5357E+00
  0.4840E+03  0.4392E+00
  0.4850E+03  0.5409E+00
  0.4860E+03  0.4185E+00
  0.4870E+03  0.4468E+00
  0.4880E+03  0.4543E+00
  0.4890E+03  0.4907E+00
  0.4900E+03  0.4213E+00
  0.4910E+03  0.3970E+00
  0.4920E+03  0.4561E+00
  0.4930E+03  0.4536E+00
  0.4940E+03  0.4377E+00
  0.4950E+03  0.4526E+00
  0.4960E+03  0.4673E+00
  0.4970E+03  0.3837E+00
  0.4980E+03  0.3123E+00
  0.4990E+03  0.4433E+00
  0.5000E+03  0.3509E+00
  0.5010E+03  0.4709E+00
  0.5020E+03  0.4517E+00
  0.5030E+03  0.3417E+00
  0.5040E+03  0.3347E+00
  0.5050E+03  0.4534E+00
  0.5060E+03  0.3726E+00
  0.5070E+03  0.3214E+00
  0.5080E+03  0.2896E+00
  0.5090E+03  0.3337E+00
  0.5100E+03  0.3032E+00
  0.5110E+03  0.0000E+00
  0.5120E+03  0.0000E+00
