  0.1000E+01  0.6922E+01
  0.2000E+01  0.7833E+01
  0.3000E+01  0.8188E+01
  0.4000E+01  0.8042E+01
  0.5000E+01  0.8325E+01
  0.6000E+01  0.8372E+01
  0.7000E+01  0.8372E+01
  0.8000E+01  0.9110E+01
  0.9000E+01  0.8288E+01
  0.1000E+02  0.8531E+01
  0.1100E+02  0.8923E+01
  0.1200E+02  0.8686E+01
  0.1300E+02  0.8633E+01
  0.1400E+02  0.8620E+01
  0.1500E+02  0.8737E+01
  0.1600E+02  0.8756E+01
  0.1700E+02  0.8743E+01
  0.1800E+02  0.8523E+01
  0.1900E+02  0.8665E+01
  0.2000E+02  0.8707E+01
  0.2100E+02  0.8812E+01
  0.2200E+02  0.8501E+01
  0.2300E+02  0.8635E+01
  0.2400E+02  0.8801E+01
  0.2500E+02  0.8587E+01
  0.2600E+02  0.8181E+01
  0.2700E+02  0.8569E+01
  0.2800E+02  0.8407E+01
  0.2900E+02  0.8187E+01
  0.3000E+02  0.8145E+01
  0.3100E+02  0.8547E+01
  0.3200E+02  0.7988E+01
  0.3300E+02  0.7757E+01
  0.3400E+02  0.8052E+01
  0.3500E+02  0.8321E+01
  0.3600E+02  0.8387E+01
  0.3700E+02  0.8159E+01
  0.3800E+02  0.8001E+01
  0.3900E+02  0.7928E+01
  0.4000E+02  0.8051E+01
  0.4100E+02  0.8351E+01
  0.4200E+02  0.8005E+01
  0.4300E+02  0.8007E+01
  0.4400E+02  0.7872E+01
  0.4500E+02  0.8050E+01
  0.4600E+02  0.8089E+01
  0.4700E+02  0.8217E+01
  0.4800E+02  0.8352E+01
  0.4900E+02  0.8662E+01
  0.5000E+02  0.8949E+01
  0.5100E+02  0.8795E+01
  0.5200E+02  0.9110E+01
  0.5300E+02  0.9232E+01
  0.5400E+02  0.8965E+01
  0.5500E+02  0.9167E+01
  0.5600E+02  0.9367E+01
  0.5700E+02  0.9509E+01
  0.5800E+02  0.1040E+02
  0.5900E+02  0.9734E+01
  0.6000E+02  0.1043E+02
  0.6100E+02  0.1067E+02
  0.6200E+02  0.1043E+02
  0.6300E+02  0.1066E+02
  0.6400E+02  0.1101E+02
  0.6500E+02  0.1112E+02
  0.6600E+02  0.1152E+02
  0.6700E+02  0.1232E+02
  0.6800E+02  0.1155E+02
  0.6900E+02  0.1189E+02
  0.7000E+02  0.1219E+02
  0.7100E+02  0.1237E+02
  0.7200E+02  0.1249E+02
  0.7300E+02  0.1258E+02
  0.7400E+02  0.1297E+02
  0.7500E+02  0.1252E+02
  0.7600E+02  0.1262E+02
  0.7700E+02  0.1330E+02
  0.7800E+02  0.1280E+02
  0.7900E+02  0.1343E+02
  0.8000E+02  0.1368E+02
  0.8100E+02  0.1354E+02
  0.8200E+02  0.1316E+02
  0.8300E+02  0.1386E+02
  0.8400E+02  0.1325E+02
  0.8500E+02  0.1311E+02
  0.8600E+02  0.1378E+02
  0.8700E+02  0.1363E+02
  0.8800E+02  0.1369E+02
  0.8900E+02  0.1337E+02
  0.9000E+02  0.1334E+02
  0.9100E+02  0.1369E+02
  0.9200E+02  0.1397E+02
  0.9300E+02  0.1336E+02
  0.9400E+02  0.1329E+02
  0.9500E+02  0.1377E+02
  0.9600E+02  0.1340E+02
  0.9700E+02  0.1369E+02
  0.9800E+02  0.1320E+02
  0.9900E+02  0.1312E+02
  0.1000E+03  0.1311E+02
  0.1010E+03  0.1347E+02
  0.1020E+03  0.1379E+02
  0.1030E+03  0.1301E+02
  0.1040E+03  0.1299E+02
  0.1050E+03  0.1348E+02
  0.1060E+03  0.1375E+02
  0.1070E+03  0.1328E+02
  0.1080E+03  0.1327E+02
  0.1090E+03  0.1363E+02
  0.1100E+03  0.1366E+02
  0.1110E+03  0.1393E+02
  0.1120E+03  0.1427E+02
  0.1130E+03  0.1459E+02
  0.1140E+03  0.1409E+02
  0.1150E+03  0.1439E+02
  0.1160E+03  0.1472E+02
  0.1170E+03  0.1500E+02
  0.1180E+03  0.1443E+02
  0.1190E+03  0.1469E+02
  0.1200E+03  0.1509E+02
  0.1210E+03  0.1488E+02
  0.1220E+03  0.1514E+02
  0.1230E+03  0.1552E+02
  0.1240E+03  0.1533E+02
  0.1250E+03  0.1504E+02
  0.1260E+03  0.1543E+02
  0.1270E+03  0.1580E+02
  0.1280E+03  0.1554E+02
  0.1290E+03  0.1574E+02
  0.1300E+03  0.1607E+02
  0.1310E+03  0.1653E+02
  0.1320E+03  0.1619E+02
  0.1330E+03  0.1697E+02
  0.1340E+03  0.1629E+02
  0.1350E+03  0.1687E+02
  0.1360E+03  0.1716E+02
  0.1370E+03  0.1695E+02
  0.1380E+03  0.1776E+02
  0.1390E+03  0.1689E+02
  0.1400E+03  0.1749E+02
  0.1410E+03  0.1726E+02
  0.1420E+03  0.1738E+02
  0.1430E+03  0.1760E+02
  0.1440E+03  0.1824E+02
  0.1450E+03  0.1803E+02
  0.1460E+03  0.1868E+02
  0.1470E+03  0.1893E+02
  0.1480E+03  0.1832E+02
  0.1490E+03  0.1904E+02
  0.1500E+03  0.1925E+02
  0.1510E+03  0.1991E+02
  0.1520E+03  0.1977E+02
  0.1530E+03  0.2032E+02
  0.1540E+03  0.2063E+02
  0.1550E+03  0.2065E+02
  0.1560E+03  0.2052E+02
  0.1570E+03  0.2085E+02
  0.1580E+03  0.2105E+02
  0.1590E+03  0.2110E+02
  0.1600E+03  0.2180E+02
  0.1610E+03  0.2216E+02
  0.1620E+03  0.2204E+02
  0.1630E+03  0.2187E+02
  0.1640E+03  0.2204E+02
  0.1650E+03  0.2216E+02
  0.1660E+03  0.2223E+02
  0.1670E+03  0.2249E+02
  0.1680E+03  0.2272E+02
  0.1690E+03  0.2211E+02
  0.1700E+03  0.2207E+02
  0.1710E+03  0.2243E+02
  0.1720E+03  0.2146E+02
  0.1730E+03  0.2239E+02
  0.1740E+03  0.2162E+02
  0.1750E+03  0.2180E+02
  0.1760E+03  0.2101E+02
  0.1770E+03  0.2144E+02
  0.1780E+03  0.2130E+02
  0.1790E+03  0.2078E+02
  0.1800E+03  0.1991E+02
  0.1810E+03  0.2007E+02
  0.1820E+03  0.1903E+02
  0.1830E+03  0.1941E+02
  0.1840E+03  0.1852E+02
  0.1850E+03  0.1869E+02
  0.1860E+03  0.1787E+02
  0.1870E+03  0.1806E+02
  0.1880E+03  0.1731E+02
  0.1890E+03  0.1722E+02
  0.1900E+03  0.1685E+02
  0.1910E+03  0.1645E+02
  0.1920E+03  0.1624E+02
  0.1930E+03  0.1539E+02
  0.1940E+03  0.1524E+02
  0.1950E+03  0.1493E+02
  0.1960E+03  0.1416E+02
  0.1970E+03  0.1415E+02
  0.1980E+03  0.1412E+02
  0.1990E+03  0.1349E+02
  0.2000E+03  0.1289E+02
  0.2010E+03  0.1304E+02
  0.2020E+03  0.1255E+02
  0.2030E+03  0.1222E+02
  0.2040E+03  0.1252E+02
  0.2050E+03  0.1223E+02
  0.2060E+03  0.1149E+02
  0.2070E+03  0.1109E+02
  0.2080E+03  0.1144E+02
  0.2090E+03  0.1106E+02
  0.2100E+03  0.1117E+02
  0.2110E+03  0.1042E+02
  0.2120E+03  0.1058E+02
  0.2130E+03  0.1042E+02
  0.2140E+03  0.9893E+01
  0.2150E+03  0.9757E+01
  0.2160E+03  0.9952E+01
  0.2170E+03  0.8871E+01
  0.2180E+03  0.9084E+01
  0.2190E+03  0.8974E+01
  0.2200E+03  0.8400E+01
  0.2210E+03  0.9180E+01
  0.2220E+03  0.8326E+01
  0.2230E+03  0.8397E+01
  0.2240E+03  0.8132E+01
  0.2250E+03  0.8207E+01
  0.2260E+03  0.7541E+01
  0.2270E+03  0.8031E+01
  0.2280E+03  0.7660E+01
  0.2290E+03  0.7188E+01
  0.2300E+03  0.7455E+01
  0.2310E+03  0.7749E+01
  0.2320E+03  0.7120E+01
  0.2330E+03  0.6492E+01
  0.2340E+03  0.7281E+01
  0.2350E+03  0.6802E+01
  0.2360E+03  0.6897E+01
  0.2370E+03  0.6988E+01
  0.2380E+03  0.6537E+01
  0.2390E+03  0.6470E+01
  0.2400E+03  0.6124E+01
  0.2410E+03  0.6112E+01
  0.2420E+03  0.6066E+01
  0.2430E+03  0.5828E+01
  0.2440E+03  0.6117E+01
  0.2450E+03  0.5706E+01
  0.2460E+03  0.5795E+01
  0.2470E+03  0.5616E+01
  0.2480E+03  0.5486E+01
  0.2490E+03  0.5538E+01
  0.2500E+03  0.5663E+01
  0.2510E+03  0.5350E+01
  0.2520E+03  0.5351E+01
  0.2530E+03  0.5268E+01
  0.2540E+03  0.4896E+01
  0.2550E+03  0.4896E+01
  0.2560E+03  0.4839E+01
  0.2570E+03  0.5131E+01
  0.2580E+03  0.4739E+01
  0.2590E+03  0.4633E+01
  0.2600E+03  0.4467E+01
  0.2610E+03  0.4438E+01
  0.2620E+03  0.4683E+01
  0.2630E+03  0.4542E+01
  0.2640E+03  0.4667E+01
  0.2650E+03  0.4901E+01
  0.2660E+03  0.4187E+01
  0.2670E+03  0.4261E+01
  0.2680E+03  0.4261E+01
  0.2690E+03  0.4346E+01
  0.2700E+03  0.3922E+01
  0.2710E+03  0.4126E+01
  0.2720E+03  0.3845E+01
  0.2730E+03  0.3895E+01
  0.2740E+03  0.3810E+01
  0.2750E+03  0.3475E+01
  0.2760E+03  0.3549E+01
  0.2770E+03  0.3861E+01
  0.2780E+03  0.3893E+01
  0.2790E+03  0.3800E+01
  0.2800E+03  0.3459E+01
  0.2810E+03  0.3459E+01
  0.2820E+03  0.3424E+01
  0.2830E+03  0.3476E+01
  0.2840E+03  0.3536E+01
  0.2850E+03  0.3289E+01
  0.2860E+03  0.3400E+01
  0.2870E+03  0.3179E+01
  0.2880E+03  0.3362E+01
  0.2890E+03  0.3435E+01
  0.2900E+03  0.3363E+01
  0.2910E+03  0.3367E+01
  0.2920E+03  0.3043E+01
  0.2930E+03  0.2950E+01
  0.2940E+03  0.3225E+01
  0.2950E+03  0.2886E+01
  0.2960E+03  0.2854E+01
  0.2970E+03  0.2858E+01
  0.2980E+03  0.2980E+01
  0.2990E+03  0.2715E+01
  0.3000E+03  0.2613E+01
  0.3010E+03  0.2439E+01
  0.3020E+03  0.2771E+01
  0.3030E+03  0.2747E+01
  0.3040E+03  0.2625E+01
  0.3050E+03  0.2734E+01
  0.3060E+03  0.2563E+01
  0.3070E+03  0.2660E+01
  0.3080E+03  0.2563E+01
  0.3090E+03  0.2394E+01
  0.3100E+03  0.2331E+01
  0.3110E+03  0.2275E+01
  0.3120E+03  0.2239E+01
  0.3130E+03  0.2442E+01
  0.3140E+03  0.2520E+01
  0.3150E+03  0.2281E+01
  0.3160E+03  0.2128E+01
  0.3170E+03  0.2156E+01
  0.3180E+03  0.2290E+01
  0.3190E+03  0.2543E+01
  0.3200E+03  0.2210E+01
  0.3210E+03  0.2179E+01
  0.3220E+03  0.2277E+01
  0.3230E+03  0.2303E+01
  0.3240E+03  0.2322E+01
  0.3250E+03  0.2110E+01
  0.3260E+03  0.2069E+01
  0.3270E+03  0.2118E+01
  0.3280E+03  0.1979E+01
  0.3290E+03  0.1915E+01
  0.3300E+03  0.1972E+01
  0.3310E+03  0.1975E+01
  0.3320E+03  0.1998E+01
  0.3330E+03  0.2087E+01
  0.3340E+03  0.1972E+01
  0.3350E+03  0.1962E+01
  0.3360E+03  0.1876E+01
  0.3370E+03  0.1895E+01
  0.3380E+03  0.1987E+01
  0.3390E+03  0.1669E+01
  0.3400E+03  0.1875E+01
  0.3410E+03  0.1565E+01
  0.3420E+03  0.1720E+01
  0.3430E+03  0.1644E+01
  0.3440E+03  0.1754E+01
  0.3450E+03  0.1670E+01
  0.3460E+03  0.1553E+01
  0.3470E+03  0.1493E+01
  0.3480E+03  0.1557E+01
  0.3490E+03  0.1797E+01
  0.3500E+03  0.1647E+01
  0.3510E+03  0.1432E+01
  0.3520E+03  0.1678E+01
  0.3530E+03  0.1486E+01
  0.3540E+03  0.1501E+01
  0.3550E+03  0.1473E+01
  0.3560E+03  0.1344E+01
  0.3570E+03  0.1506E+01
  0.3580E+03  0.1523E+01
  0.3590E+03  0.1571E+01
  0.3600E+03  0.1490E+01
  0.3610E+03  0.1435E+01
  0.3620E+03  0.1349E+01
  0.3630E+03  0.1471E+01
  0.3640E+03  0.1365E+01
  0.3650E+03  0.1327E+01
  0.3660E+03  0.1430E+01
  0.3670E+03  0.1303E+01
  0.3680E+03  0.1080E+01
  0.3690E+03  0.1420E+01
  0.3700E+03  0.1335E+01
  0.3710E+03  0.1410E+01
  0.3720E+03  0.1448E+01
  0.3730E+03  0.1185E+01
  0.3740E+03  0.1193E+01
  0.3750E+03  0.1186E+01
  0.3760E+03  0.1131E+01
  0.3770E+03  0.1221E+01
  0.3780E+03  0.1072E+01
  0.3790E+03  0.1358E+01
  0.3800E+03  0.1201E+01
  0.3810E+03  0.1097E+01
  0.3820E+03  0.1024E+01
  0.3830E+03  0.1158E+01
  0.3840E+03  0.9189E+00
  0.3850E+03  0.1067E+01
  0.3860E+03  0.9729E+00
  0.3870E+03  0.1001E+01
  0.3880E+03  0.9907E+00
  0.3890E+03  0.1051E+01
  0.3900E+03  0.9792E+00
  0.3910E+03  0.9491E+00
  0.3920E+03  0.8551E+00
  0.3930E+03  0.1018E+01
  0.3940E+03  0.9363E+00
  0.3950E+03  0.1019E+01
  0.3960E+03  0.1069E+01
  0.3970E+03  0.9816E+00
  0.3980E+03  0.8902E+00
  0.3990E+03  0.8250E+00
  0.4000E+03  0.9524E+00
  0.4010E+03  0.9532E+00
  0.4020E+03  0.8861E+00
  0.4030E+03  0.6161E+00
  0.4040E+03  0.8976E+00
  0.4050E+03  0.9787E+00
  0.4060E+03  0.7498E+00
  0.4070E+03  0.7521E+00
  0.4080E+03  0.7120E+00
  0.4090E+03  0.8326E+00
  0.4100E+03  0.7207E+00
  0.4110E+03  0.6424E+00
  0.4120E+03  0.8029E+00
  0.4130E+03  0.7023E+00
  0.4140E+03  0.8399E+00
  0.4150E+03  0.6587E+00
  0.4160E+03  0.7451E+00
  0.4170E+03  0.6333E+00
  0.4180E+03  0.7555E+00
  0.4190E+03  0.6955E+00
  0.4200E+03  0.6229E+00
  0.4210E+03  0.6129E+00
  0.4220E+03  0.7463E+00
  0.4230E+03  0.6795E+00
  0.4240E+03  0.6426E+00
  0.4250E+03  0.5220E+00
  0.4260E+03  0.6594E+00
  0.4270E+03  0.5737E+00
  0.4280E+03  0.6049E+00
  0.4290E+03  0.5863E+00
  0.4300E+03  0.6503E+00
  0.4310E+03  0.6235E+00
  0.4320E+03  0.5520E+00
  0.4330E+03  0.5274E+00
  0.4340E+03  0.6848E+00
  0.4350E+03  0.4728E+00
  0.4360E+03  0.5934E+00
  0.4370E+03  0.6204E+00
  0.4380E+03  0.5923E+00
  0.4390E+03  0.5215E+00
  0.4400E+03  0.5427E+00
  0.4410E+03  0.4313E+00
  0.4420E+03  0.5011E+00
  0.4430E+03  0.5557E+00
  0.4440E+03  0.3889E+00
  0.4450E+03  0.4974E+00
  0.4460E+03  0.5425E+00
  0.4470E+03  0.4774E+00
  0.4480E+03  0.4461E+00
  0.4490E+03  0.4222E+00
  0.4500E+03  0.4252E+00
  0.4510E+03  0.3434E+00
  0.4520E+03  0.4366E+00
  0.4530E+03  0.4341E+00
  0.4540E+03  0.4036E+00
  0.4550E+03  0.4456E+00
  0.4560E+03  0.4609E+00
  0.4570E+03  0.3028E+00
  0.4580E+03  0.4434E+00
  0.4590E+03  0.3207E+00
  0.4600E+03  0.4648E+00
  0.4610E+03  0.3330E+00
  0.4620E+03  0.4208E+00
  0.4630E+03  0.4657E+00
  0.4640E+03  0.3576E+00
  0.4650E+03  0.4399E+00
  0.4660E+03  0.3577E+00
  0.4670E+03  0.3831E+00
  0.4680E+03  0.2965E+00
  0.4690E+03  0.3167E+00
  0.4700E+03  0.2803E+00
  0.4710E+03  0.2421E+00
  0.4720E+03  0.3509E+00
  0.4730E+03  0.3020E+00
  0.4740E+03  0.3647E+00
  0.4750E+03  0.3732E+00
  0.4760E+03  0.3624E+00
  0.4770E+03  0.2777E+00
  0.4780E+03  0.2476E+00
  0.4790E+03  0.3561E+00
  0.4800E+03  0.2637E+00
  0.4810E+03  0.2277E+00
  0.4820E+03  0.2211E+00
  0.4830E+03  0.2693E+00
  0.4840E+03  0.2769E+00
  0.4850E+03  0.3095E+00
  0.4860E+03  0.2677E+00
  0.4870E+03  0.3747E+00
  0.4880E+03  0.2825E+00
  0.4890E+03  0.1881E+00
  0.4900E+03  0.2522E+00
  0.4910E+03  0.2173E+00
  0.4920E+03  0.2213E+00
  0.4930E+03  0.2089E+00
  0.4940E+03  0.1956E+00
  0.4950E+03  0.2723E+00
  0.4960E+03  0.2226E+00
  0.4970E+03  0.1926E+00
  0.4980E+03  0.1432E+00
  0.4990E+03  0.1023E+00
  0.5000E+03  0.2750E+00
  0.5010E+03  0.1554E+00
  0.5020E+03  0.1602E+00
  0.5030E+03  0.1816E+00
  0.5040E+03  0.1427E+00
  0.5050E+03  0.1702E+00
  0.5060E+03  0.1669E+00
  0.5070E+03  0.1297E+00
  0.5080E+03  0.2491E+00
  0.5090E+03  0.1753E+00
  0.5100E+03  0.1469E+00
  0.5110E+03  0.0000E+00
  0.5120E+03  0.0000E+00
