  0.1000E+01  0.2317E+02
  0.2000E+01  0.2575E+02
  0.3000E+01  0.2701E+02
  0.4000E+01  0.2858E+02
  0.5000E+01  0.2850E+02
  0.6000E+01  0.2911E+02
  0.7000E+01  0.2919E+02
  0.8000E+01  0.2922E+02
  0.9000E+01  0.2943E+02
  0.1000E+02  0.2982E+02
  0.1100E+02  0.2984E+02
  0.1200E+02  0.2872E+02
  0.1300E+02  0.3032E+02
  0.1400E+02  0.2879E+02
  0.1500E+02  0.2977E+02
  0.1600E+02  0.2913E+02
  0.1700E+02  0.2992E+02
  0.1800E+02  0.2900E+02
  0.1900E+02  0.2890E+02
  0.2000E+02  0.2874E+02
  0.2100E+02  0.2916E+02
  0.2200E+02  0.2857E+02
  0.2300E+02  0.2815E+02
  0.2400E+02  0.2947E+02
  0.2500E+02  0.2864E+02
  0.2600E+02  0.2925E+02
  0.2700E+02  0.2948E+02
  0.2800E+02  0.2918E+02
  0.2900E+02  0.2874E+02
  0.3000E+02  0.2877E+02
  0.3100E+02  0.2870E+02
  0.3200E+02  0.2860E+02
  0.3300E+02  0.2848E+02
  0.3400E+02  0.2850E+02
  0.3500E+02  0.2879E+02
  0.3600E+02  0.2777E+02
  0.3700E+02  0.2827E+02
  0.3800E+02  0.2864E+02
  0.3900E+02  0.2750E+02
  0.4000E+02  0.2792E+02
  0.4100E+02  0.2829E+02
  0.4200E+02  0.2856E+02
  0.4300E+02  0.2844E+02
  0.4400E+02  0.2781E+02
  0.4500E+02  0.2867E+02
  0.4600E+02  0.2898E+02
  0.4700E+02  0.2882E+02
  0.4800E+02  0.3038E+02
  0.4900E+02  0.3002E+02
  0.5000E+02  0.3074E+02
  0.5100E+02  0.3123E+02
  0.5200E+02  0.3178E+02
  0.5300E+02  0.3232E+02
  0.5400E+02  0.3282E+02
  0.5500E+02  0.3342E+02
  0.5600E+02  0.3412E+02
  0.5700E+02  0.3441E+02
  0.5800E+02  0.3482E+02
  0.5900E+02  0.3618E+02
  0.6000E+02  0.3723E+02
  0.6100E+02  0.3751E+02
  0.6200E+02  0.3812E+02
  0.6300E+02  0.3888E+02
  0.6400E+02  0.4014E+02
  0.6500E+02  0.4061E+02
  0.6600E+02  0.4101E+02
  0.6700E+02  0.4232E+02
  0.6800E+02  0.4269E+02
  0.6900E+02  0.4386E+02
  0.7000E+02  0.4410E+02
  0.7100E+02  0.4473E+02
  0.7200E+02  0.4561E+02
  0.7300E+02  0.4612E+02
  0.7400E+02  0.4683E+02
  0.7500E+02  0.4655E+02
  0.7600E+02  0.4720E+02
  0.7700E+02  0.4829E+02
  0.7800E+02  0.4957E+02
  0.7900E+02  0.4891E+02
  0.8000E+02  0.4895E+02
  0.8100E+02  0.4987E+02
  0.8200E+02  0.4937E+02
  0.8300E+02  0.5019E+02
  0.8400E+02  0.5022E+02
  0.8500E+02  0.5011E+02
  0.8600E+02  0.4989E+02
  0.8700E+02  0.5058E+02
  0.8800E+02  0.5132E+02
  0.8900E+02  0.5086E+02
  0.9000E+02  0.5172E+02
  0.9100E+02  0.5076E+02
  0.9200E+02  0.5045E+02
  0.9300E+02  0.5177E+02
  0.9400E+02  0.5114E+02
  0.9500E+02  0.5031E+02
  0.9600E+02  0.5113E+02
  0.9700E+02  0.5149E+02
  0.9800E+02  0.5063E+02
  0.9900E+02  0.5081E+02
  0.1000E+03  0.5076E+02
  0.1010E+03  0.5128E+02
  0.1020E+03  0.4975E+02
  0.1030E+03  0.5091E+02
  0.1040E+03  0.5055E+02
  0.1050E+03  0.5002E+02
  0.1060E+03  0.4972E+02
  0.1070E+03  0.5054E+02
  0.1080E+03  0.5021E+02
  0.1090E+03  0.5040E+02
  0.1100E+03  0.5051E+02
  0.1110E+03  0.5063E+02
  0.1120E+03  0.4974E+02
  0.1130E+03  0.5069E+02
  0.1140E+03  0.5063E+02
  0.1150E+03  0.5106E+02
  0.1160E+03  0.5117E+02
  0.1170E+03  0.4996E+02
  0.1180E+03  0.5100E+02
  0.1190E+03  0.5176E+02
  0.1200E+03  0.5201E+02
  0.1210E+03  0.5188E+02
  0.1220E+03  0.5232E+02
  0.1230E+03  0.5153E+02
  0.1240E+03  0.5246E+02
  0.1250E+03  0.5256E+02
  0.1260E+03  0.5263E+02
  0.1270E+03  0.5346E+02
  0.1280E+03  0.5285E+02
  0.1290E+03  0.5346E+02
  0.1300E+03  0.5423E+02
  0.1310E+03  0.5388E+02
  0.1320E+03  0.5401E+02
  0.1330E+03  0.5397E+02
  0.1340E+03  0.5464E+02
  0.1350E+03  0.5511E+02
  0.1360E+03  0.5432E+02
  0.1370E+03  0.5493E+02
  0.1380E+03  0.5455E+02
  0.1390E+03  0.5562E+02
  0.1400E+03  0.5520E+02
  0.1410E+03  0.5649E+02
  0.1420E+03  0.5608E+02
  0.1430E+03  0.5635E+02
  0.1440E+03  0.5590E+02
  0.1450E+03  0.5636E+02
  0.1460E+03  0.5692E+02
  0.1470E+03  0.5784E+02
  0.1480E+03  0.5850E+02
  0.1490E+03  0.5739E+02
  0.1500E+03  0.5737E+02
  0.1510E+03  0.5825E+02
  0.1520E+03  0.5842E+02
  0.1530E+03  0.5908E+02
  0.1540E+03  0.5933E+02
  0.1550E+03  0.5975E+02
  0.1560E+03  0.5984E+02
  0.1570E+03  0.6119E+02
  0.1580E+03  0.6190E+02
  0.1590E+03  0.6195E+02
  0.1600E+03  0.6293E+02
  0.1610E+03  0.6456E+02
  0.1620E+03  0.6533E+02
  0.1630E+03  0.6652E+02
  0.1640E+03  0.6747E+02
  0.1650E+03  0.6901E+02
  0.1660E+03  0.7078E+02
  0.1670E+03  0.7184E+02
  0.1680E+03  0.7429E+02
  0.1690E+03  0.7557E+02
  0.1700E+03  0.7799E+02
  0.1710E+03  0.7834E+02
  0.1720E+03  0.8079E+02
  0.1730E+03  0.8129E+02
  0.1740E+03  0.8328E+02
  0.1750E+03  0.8345E+02
  0.1760E+03  0.8375E+02
  0.1770E+03  0.8548E+02
  0.1780E+03  0.8716E+02
  0.1790E+03  0.8558E+02
  0.1800E+03  0.8519E+02
  0.1810E+03  0.8514E+02
  0.1820E+03  0.8449E+02
  0.1830E+03  0.8535E+02
  0.1840E+03  0.8274E+02
  0.1850E+03  0.8272E+02
  0.1860E+03  0.8057E+02
  0.1870E+03  0.8052E+02
  0.1880E+03  0.7885E+02
  0.1890E+03  0.7696E+02
  0.1900E+03  0.7634E+02
  0.1910E+03  0.7504E+02
  0.1920E+03  0.7404E+02
  0.1930E+03  0.7279E+02
  0.1940E+03  0.7065E+02
  0.1950E+03  0.6995E+02
  0.1960E+03  0.6906E+02
  0.1970E+03  0.6653E+02
  0.1980E+03  0.6557E+02
  0.1990E+03  0.6523E+02
  0.2000E+03  0.6318E+02
  0.2010E+03  0.6218E+02
  0.2020E+03  0.6063E+02
  0.2030E+03  0.6083E+02
  0.2040E+03  0.5851E+02
  0.2050E+03  0.5747E+02
  0.2060E+03  0.5654E+02
  0.2070E+03  0.5584E+02
  0.2080E+03  0.5443E+02
  0.2090E+03  0.5431E+02
  0.2100E+03  0.5205E+02
  0.2110E+03  0.5129E+02
  0.2120E+03  0.5093E+02
  0.2130E+03  0.5001E+02
  0.2140E+03  0.4821E+02
  0.2150E+03  0.4825E+02
  0.2160E+03  0.4686E+02
  0.2170E+03  0.4569E+02
  0.2180E+03  0.4568E+02
  0.2190E+03  0.4465E+02
  0.2200E+03  0.4338E+02
  0.2210E+03  0.4313E+02
  0.2220E+03  0.4240E+02
  0.2230E+03  0.4193E+02
  0.2240E+03  0.4038E+02
  0.2250E+03  0.4128E+02
  0.2260E+03  0.3926E+02
  0.2270E+03  0.3882E+02
  0.2280E+03  0.3788E+02
  0.2290E+03  0.3735E+02
  0.2300E+03  0.3724E+02
  0.2310E+03  0.3660E+02
  0.2320E+03  0.3590E+02
  0.2330E+03  0.3535E+02
  0.2340E+03  0.3504E+02
  0.2350E+03  0.3346E+02
  0.2360E+03  0.3392E+02
  0.2370E+03  0.3416E+02
  0.2380E+03  0.3277E+02
  0.2390E+03  0.3228E+02
  0.2400E+03  0.3207E+02
  0.2410E+03  0.3138E+02
  0.2420E+03  0.3129E+02
  0.2430E+03  0.3066E+02
  0.2440E+03  0.3057E+02
  0.2450E+03  0.2988E+02
  0.2460E+03  0.2970E+02
  0.2470E+03  0.2874E+02
  0.2480E+03  0.2828E+02
  0.2490E+03  0.2779E+02
  0.2500E+03  0.2733E+02
  0.2510E+03  0.2748E+02
  0.2520E+03  0.2706E+02
  0.2530E+03  0.2724E+02
  0.2540E+03  0.2651E+02
  0.2550E+03  0.2637E+02
  0.2560E+03  0.2579E+02
  0.2570E+03  0.2525E+02
  0.2580E+03  0.2536E+02
  0.2590E+03  0.2484E+02
  0.2600E+03  0.2489E+02
  0.2610E+03  0.2456E+02
  0.2620E+03  0.2414E+02
  0.2630E+03  0.2389E+02
  0.2640E+03  0.2333E+02
  0.2650E+03  0.2315E+02
  0.2660E+03  0.2352E+02
  0.2670E+03  0.2259E+02
  0.2680E+03  0.2239E+02
  0.2690E+03  0.2225E+02
  0.2700E+03  0.2116E+02
  0.2710E+03  0.2167E+02
  0.2720E+03  0.2180E+02
  0.2730E+03  0.2062E+02
  0.2740E+03  0.2114E+02
  0.2750E+03  0.2111E+02
  0.2760E+03  0.2106E+02
  0.2770E+03  0.1976E+02
  0.2780E+03  0.1984E+02
  0.2790E+03  0.1977E+02
  0.2800E+03  0.1959E+02
  0.2810E+03  0.1921E+02
  0.2820E+03  0.1860E+02
  0.2830E+03  0.1954E+02
  0.2840E+03  0.1901E+02
  0.2850E+03  0.1807E+02
  0.2860E+03  0.1837E+02
  0.2870E+03  0.1812E+02
  0.2880E+03  0.1805E+02
  0.2890E+03  0.1742E+02
  0.2900E+03  0.1752E+02
  0.2910E+03  0.1703E+02
  0.2920E+03  0.1741E+02
  0.2930E+03  0.1699E+02
  0.2940E+03  0.1661E+02
  0.2950E+03  0.1710E+02
  0.2960E+03  0.1677E+02
  0.2970E+03  0.1651E+02
  0.2980E+03  0.1619E+02
  0.2990E+03  0.1632E+02
  0.3000E+03  0.1624E+02
  0.3010E+03  0.1573E+02
  0.3020E+03  0.1530E+02
  0.3030E+03  0.1579E+02
  0.3040E+03  0.1521E+02
  0.3050E+03  0.1537E+02
  0.3060E+03  0.1498E+02
  0.3070E+03  0.1456E+02
  0.3080E+03  0.1504E+02
  0.3090E+03  0.1456E+02
  0.3100E+03  0.1448E+02
  0.3110E+03  0.1438E+02
  0.3120E+03  0.1385E+02
  0.3130E+03  0.1371E+02
  0.3140E+03  0.1384E+02
  0.3150E+03  0.1346E+02
  0.3160E+03  0.1323E+02
  0.3170E+03  0.1355E+02
  0.3180E+03  0.1299E+02
  0.3190E+03  0.1313E+02
  0.3200E+03  0.1355E+02
  0.3210E+03  0.1300E+02
  0.3220E+03  0.1314E+02
  0.3230E+03  0.1261E+02
  0.3240E+03  0.1290E+02
  0.3250E+03  0.1180E+02
  0.3260E+03  0.1217E+02
  0.3270E+03  0.1207E+02
  0.3280E+03  0.1262E+02
  0.3290E+03  0.1229E+02
  0.3300E+03  0.1178E+02
  0.3310E+03  0.1196E+02
  0.3320E+03  0.1200E+02
  0.3330E+03  0.1162E+02
  0.3340E+03  0.1158E+02
  0.3350E+03  0.1118E+02
  0.3360E+03  0.1096E+02
  0.3370E+03  0.1148E+02
  0.3380E+03  0.1093E+02
  0.3390E+03  0.1119E+02
  0.3400E+03  0.1061E+02
  0.3410E+03  0.1094E+02
  0.3420E+03  0.1052E+02
  0.3430E+03  0.1048E+02
  0.3440E+03  0.1045E+02
  0.3450E+03  0.1002E+02
  0.3460E+03  0.1047E+02
  0.3470E+03  0.1037E+02
  0.3480E+03  0.9853E+01
  0.3490E+03  0.1009E+02
  0.3500E+03  0.1026E+02
  0.3510E+03  0.9946E+01
  0.3520E+03  0.9389E+01
  0.3530E+03  0.9952E+01
  0.3540E+03  0.9739E+01
  0.3550E+03  0.9722E+01
  0.3560E+03  0.9224E+01
  0.3570E+03  0.9029E+01
  0.3580E+03  0.9516E+01
  0.3590E+03  0.9340E+01
  0.3600E+03  0.9538E+01
  0.3610E+03  0.9150E+01
  0.3620E+03  0.8907E+01
  0.3630E+03  0.9143E+01
  0.3640E+03  0.9118E+01
  0.3650E+03  0.8737E+01
  0.3660E+03  0.9052E+01
  0.3670E+03  0.8452E+01
  0.3680E+03  0.8615E+01
  0.3690E+03  0.8792E+01
  0.3700E+03  0.8283E+01
  0.3710E+03  0.8140E+01
  0.3720E+03  0.8430E+01
  0.3730E+03  0.8321E+01
  0.3740E+03  0.7816E+01
  0.3750E+03  0.8460E+01
  0.3760E+03  0.8544E+01
  0.3770E+03  0.7904E+01
  0.3780E+03  0.7769E+01
  0.3790E+03  0.8448E+01
  0.3800E+03  0.7662E+01
  0.3810E+03  0.8092E+01
  0.3820E+03  0.7444E+01
  0.3830E+03  0.7631E+01
  0.3840E+03  0.7800E+01
  0.3850E+03  0.7434E+01
  0.3860E+03  0.7578E+01
  0.3870E+03  0.7515E+01
  0.3880E+03  0.7361E+01
  0.3890E+03  0.7891E+01
  0.3900E+03  0.7458E+01
  0.3910E+03  0.6841E+01
  0.3920E+03  0.7151E+01
  0.3930E+03  0.7549E+01
  0.3940E+03  0.7233E+01
  0.3950E+03  0.7357E+01
  0.3960E+03  0.7068E+01
  0.3970E+03  0.6883E+01
  0.3980E+03  0.6882E+01
  0.3990E+03  0.7095E+01
  0.4000E+03  0.7053E+01
  0.4010E+03  0.6480E+01
  0.4020E+03  0.6853E+01
  0.4030E+03  0.6665E+01
  0.4040E+03  0.6538E+01
  0.4050E+03  0.6539E+01
  0.4060E+03  0.6044E+01
  0.4070E+03  0.6476E+01
  0.4080E+03  0.6451E+01
  0.4090E+03  0.6311E+01
  0.4100E+03  0.6541E+01
  0.4110E+03  0.5893E+01
  0.4120E+03  0.6042E+01
  0.4130E+03  0.6018E+01
  0.4140E+03  0.5887E+01
  0.4150E+03  0.6099E+01
  0.4160E+03  0.5919E+01
  0.4170E+03  0.5793E+01
  0.4180E+03  0.5734E+01
  0.4190E+03  0.5873E+01
  0.4200E+03  0.5454E+01
  0.4210E+03  0.5345E+01
  0.4220E+03  0.5634E+01
  0.4230E+03  0.5515E+01
  0.4240E+03  0.5306E+01
  0.4250E+03  0.5317E+01
  0.4260E+03  0.5418E+01
  0.4270E+03  0.5116E+01
  0.4280E+03  0.5296E+01
  0.4290E+03  0.5054E+01
  0.4300E+03  0.4935E+01
  0.4310E+03  0.5111E+01
  0.4320E+03  0.5169E+01
  0.4330E+03  0.4695E+01
  0.4340E+03  0.4782E+01
  0.4350E+03  0.4386E+01
  0.4360E+03  0.4645E+01
  0.4370E+03  0.4708E+01
  0.4380E+03  0.4494E+01
  0.4390E+03  0.4416E+01
  0.4400E+03  0.4434E+01
  0.4410E+03  0.4517E+01
  0.4420E+03  0.4470E+01
  0.4430E+03  0.4517E+01
  0.4440E+03  0.4552E+01
  0.4450E+03  0.4475E+01
  0.4460E+03  0.4518E+01
  0.4470E+03  0.4177E+01
  0.4480E+03  0.4012E+01
  0.4490E+03  0.4292E+01
  0.4500E+03  0.3939E+01
  0.4510E+03  0.3948E+01
  0.4520E+03  0.4137E+01
  0.4530E+03  0.3946E+01
  0.4540E+03  0.4072E+01
  0.4550E+03  0.3904E+01
  0.4560E+03  0.4006E+01
  0.4570E+03  0.3843E+01
  0.4580E+03  0.4051E+01
  0.4590E+03  0.4051E+01
  0.4600E+03  0.3466E+01
  0.4610E+03  0.4111E+01
  0.4620E+03  0.3763E+01
  0.4630E+03  0.3487E+01
  0.4640E+03  0.3819E+01
  0.4650E+03  0.3780E+01
  0.4660E+03  0.3709E+01
  0.4670E+03  0.3585E+01
  0.4680E+03  0.3503E+01
  0.4690E+03  0.3354E+01
  0.4700E+03  0.3710E+01
  0.4710E+03  0.3437E+01
  0.4720E+03  0.3529E+01
  0.4730E+03  0.3224E+01
  0.4740E+03  0.3388E+01
  0.4750E+03  0.3180E+01
  0.4760E+03  0.3391E+01
  0.4770E+03  0.3668E+01
  0.4780E+03  0.3510E+01
  0.4790E+03  0.3462E+01
  0.4800E+03  0.3151E+01
  0.4810E+03  0.3313E+01
  0.4820E+03  0.3297E+01
  0.4830E+03  0.3165E+01
  0.4840E+03  0.2953E+01
  0.4850E+03  0.2999E+01
  0.4860E+03  0.3330E+01
  0.4870E+03  0.3161E+01
  0.4880E+03  0.3232E+01
  0.4890E+03  0.3100E+01
  0.4900E+03  0.3029E+01
  0.4910E+03  0.2837E+01
  0.4920E+03  0.3077E+01
  0.4930E+03  0.3129E+01
  0.4940E+03  0.2838E+01
  0.4950E+03  0.2919E+01
  0.4960E+03  0.2819E+01
  0.4970E+03  0.2920E+01
  0.4980E+03  0.2783E+01
  0.4990E+03  0.2757E+01
  0.5000E+03  0.2702E+01
  0.5010E+03  0.2552E+01
  0.5020E+03  0.2651E+01
  0.5030E+03  0.2685E+01
  0.5040E+03  0.2707E+01
  0.5050E+03  0.2533E+01
  0.5060E+03  0.2331E+01
  0.5070E+03  0.2454E+01
  0.5080E+03  0.2316E+01
  0.5090E+03  0.2321E+01
  0.5100E+03  0.2080E+01
  0.5110E+03  0.0000E+00
  0.5120E+03  0.0000E+00
