  0.1000E+01  0.2935E+01
  0.2000E+01  0.3066E+01
  0.3000E+01  0.3354E+01
  0.4000E+01  0.3310E+01
  0.5000E+01  0.3153E+01
  0.6000E+01  0.3571E+01
  0.7000E+01  0.3464E+01
  0.8000E+01  0.3443E+01
  0.9000E+01  0.3746E+01
  0.1000E+02  0.3486E+01
  0.1100E+02  0.3626E+01
  0.1200E+02  0.3432E+01
  0.1300E+02  0.3205E+01
  0.1400E+02  0.3736E+01
  0.1500E+02  0.3355E+01
  0.1600E+02  0.3517E+01
  0.1700E+02  0.3505E+01
  0.1800E+02  0.3161E+01
  0.1900E+02  0.3469E+01
  0.2000E+02  0.3475E+01
  0.2100E+02  0.3284E+01
  0.2200E+02  0.3303E+01
  0.2300E+02  0.3531E+01
  0.2400E+02  0.3602E+01
  0.2500E+02  0.3661E+01
  0.2600E+02  0.3981E+01
  0.2700E+02  0.3915E+01
  0.2800E+02  0.3624E+01
  0.2900E+02  0.3472E+01
  0.3000E+02  0.3509E+01
  0.3100E+02  0.3455E+01
  0.3200E+02  0.3584E+01
  0.3300E+02  0.3207E+01
  0.3400E+02  0.3201E+01
  0.3500E+02  0.3081E+01
  0.3600E+02  0.3217E+01
  0.3700E+02  0.3034E+01
  0.3800E+02  0.3024E+01
  0.3900E+02  0.3031E+01
  0.4000E+02  0.3078E+01
  0.4100E+02  0.3093E+01
  0.4200E+02  0.3031E+01
  0.4300E+02  0.3174E+01
  0.4400E+02  0.2977E+01
  0.4500E+02  0.2991E+01
  0.4600E+02  0.2907E+01
  0.4700E+02  0.2966E+01
  0.4800E+02  0.3114E+01
  0.4900E+02  0.2976E+01
  0.5000E+02  0.3084E+01
  0.5100E+02  0.3029E+01
  0.5200E+02  0.2978E+01
  0.5300E+02  0.2858E+01
  0.5400E+02  0.2953E+01
  0.5500E+02  0.2751E+01
  0.5600E+02  0.3046E+01
  0.5700E+02  0.2998E+01
  0.5800E+02  0.2990E+01
  0.5900E+02  0.2954E+01
  0.6000E+02  0.3045E+01
  0.6100E+02  0.2979E+01
  0.6200E+02  0.2745E+01
  0.6300E+02  0.3087E+01
  0.6400E+02  0.2855E+01
  0.6500E+02  0.3032E+01
  0.6600E+02  0.2929E+01
  0.6700E+02  0.3190E+01
  0.6800E+02  0.3176E+01
  0.6900E+02  0.3142E+01
  0.7000E+02  0.3109E+01
  0.7100E+02  0.3396E+01
  0.7200E+02  0.3449E+01
  0.7300E+02  0.3461E+01
  0.7400E+02  0.3679E+01
  0.7500E+02  0.3739E+01
  0.7600E+02  0.3838E+01
  0.7700E+02  0.3878E+01
  0.7800E+02  0.4207E+01
  0.7900E+02  0.4070E+01
  0.8000E+02  0.4249E+01
  0.8100E+02  0.4586E+01
  0.8200E+02  0.4476E+01
  0.8300E+02  0.4564E+01
  0.8400E+02  0.4699E+01
  0.8500E+02  0.4712E+01
  0.8600E+02  0.4413E+01
  0.8700E+02  0.4302E+01
  0.8800E+02  0.4097E+01
  0.8900E+02  0.4059E+01
  0.9000E+02  0.3801E+01
  0.9100E+02  0.3802E+01
  0.9200E+02  0.3694E+01
  0.9300E+02  0.3401E+01
  0.9400E+02  0.3476E+01
  0.9500E+02  0.3291E+01
  0.9600E+02  0.3410E+01
  0.9700E+02  0.3545E+01
  0.9800E+02  0.3240E+01
  0.9900E+02  0.3450E+01
  0.1000E+03  0.3294E+01
  0.1010E+03  0.3510E+01
  0.1020E+03  0.3597E+01
  0.1030E+03  0.3817E+01
  0.1040E+03  0.3462E+01
  0.1050E+03  0.3482E+01
  0.1060E+03  0.3704E+01
  0.1070E+03  0.3678E+01
  0.1080E+03  0.3470E+01
  0.1090E+03  0.3793E+01
  0.1100E+03  0.3552E+01
  0.1110E+03  0.3775E+01
  0.1120E+03  0.3767E+01
  0.1130E+03  0.3790E+01
  0.1140E+03  0.3636E+01
  0.1150E+03  0.3760E+01
  0.1160E+03  0.3763E+01
  0.1170E+03  0.3832E+01
  0.1180E+03  0.4026E+01
  0.1190E+03  0.3869E+01
  0.1200E+03  0.3773E+01
  0.1210E+03  0.3926E+01
  0.1220E+03  0.4042E+01
  0.1230E+03  0.3977E+01
  0.1240E+03  0.4251E+01
  0.1250E+03  0.4142E+01
  0.1260E+03  0.4361E+01
  0.1270E+03  0.4270E+01
  0.1280E+03  0.4507E+01
  0.1290E+03  0.4412E+01
  0.1300E+03  0.4342E+01
  0.1310E+03  0.4523E+01
  0.1320E+03  0.4750E+01
  0.1330E+03  0.4715E+01
  0.1340E+03  0.4806E+01
  0.1350E+03  0.4886E+01
  0.1360E+03  0.5017E+01
  0.1370E+03  0.5058E+01
  0.1380E+03  0.5097E+01
  0.1390E+03  0.5459E+01
  0.1400E+03  0.5412E+01
  0.1410E+03  0.5536E+01
  0.1420E+03  0.5717E+01
  0.1430E+03  0.6017E+01
  0.1440E+03  0.6205E+01
  0.1450E+03  0.6436E+01
  0.1460E+03  0.6450E+01
  0.1470E+03  0.7057E+01
  0.1480E+03  0.7068E+01
  0.1490E+03  0.6884E+01
  0.1500E+03  0.7214E+01
  0.1510E+03  0.7270E+01
  0.1520E+03  0.7348E+01
  0.1530E+03  0.7340E+01
  0.1540E+03  0.7339E+01
  0.1550E+03  0.7433E+01
  0.1560E+03  0.6875E+01
  0.1570E+03  0.7064E+01
  0.1580E+03  0.6556E+01
  0.1590E+03  0.6171E+01
  0.1600E+03  0.6506E+01
  0.1610E+03  0.5857E+01
  0.1620E+03  0.5642E+01
  0.1630E+03  0.5143E+01
  0.1640E+03  0.5391E+01
  0.1650E+03  0.5007E+01
  0.1660E+03  0.4654E+01
  0.1670E+03  0.4581E+01
  0.1680E+03  0.4565E+01
  0.1690E+03  0.4219E+01
  0.1700E+03  0.4252E+01
  0.1710E+03  0.4152E+01
  0.1720E+03  0.4235E+01
  0.1730E+03  0.3913E+01
  0.1740E+03  0.4082E+01
  0.1750E+03  0.4128E+01
  0.1760E+03  0.4076E+01
  0.1770E+03  0.4150E+01
  0.1780E+03  0.4126E+01
  0.1790E+03  0.4200E+01
  0.1800E+03  0.4258E+01
  0.1810E+03  0.4233E+01
  0.1820E+03  0.4415E+01
  0.1830E+03  0.4057E+01
  0.1840E+03  0.4488E+01
  0.1850E+03  0.4569E+01
  0.1860E+03  0.4287E+01
  0.1870E+03  0.4434E+01
  0.1880E+03  0.4632E+01
  0.1890E+03  0.4488E+01
  0.1900E+03  0.4810E+01
  0.1910E+03  0.4918E+01
  0.1920E+03  0.4791E+01
  0.1930E+03  0.4689E+01
  0.1940E+03  0.4763E+01
  0.1950E+03  0.4588E+01
  0.1960E+03  0.4991E+01
  0.1970E+03  0.4992E+01
  0.1980E+03  0.5168E+01
  0.1990E+03  0.5245E+01
  0.2000E+03  0.5172E+01
  0.2010E+03  0.5265E+01
  0.2020E+03  0.4905E+01
  0.2030E+03  0.4864E+01
  0.2040E+03  0.5307E+01
  0.2050E+03  0.5479E+01
  0.2060E+03  0.5690E+01
  0.2070E+03  0.5189E+01
  0.2080E+03  0.5368E+01
  0.2090E+03  0.5547E+01
  0.2100E+03  0.5667E+01
  0.2110E+03  0.5701E+01
  0.2120E+03  0.5472E+01
  0.2130E+03  0.6074E+01
  0.2140E+03  0.5866E+01
  0.2150E+03  0.5840E+01
  0.2160E+03  0.5632E+01
  0.2170E+03  0.5814E+01
  0.2180E+03  0.5831E+01
  0.2190E+03  0.5876E+01
  0.2200E+03  0.5969E+01
  0.2210E+03  0.6278E+01
  0.2220E+03  0.6278E+01
  0.2230E+03  0.5971E+01
  0.2240E+03  0.6348E+01
  0.2250E+03  0.6267E+01
  0.2260E+03  0.6554E+01
  0.2270E+03  0.6537E+01
  0.2280E+03  0.6137E+01
  0.2290E+03  0.6385E+01
  0.2300E+03  0.6740E+01
  0.2310E+03  0.7136E+01
  0.2320E+03  0.6613E+01
  0.2330E+03  0.7121E+01
  0.2340E+03  0.6976E+01
  0.2350E+03  0.6926E+01
  0.2360E+03  0.6730E+01
  0.2370E+03  0.7226E+01
  0.2380E+03  0.7121E+01
  0.2390E+03  0.7022E+01
  0.2400E+03  0.7507E+01
  0.2410E+03  0.7463E+01
  0.2420E+03  0.7547E+01
  0.2430E+03  0.7219E+01
  0.2440E+03  0.7776E+01
  0.2450E+03  0.7853E+01
  0.2460E+03  0.7545E+01
  0.2470E+03  0.7864E+01
  0.2480E+03  0.7605E+01
  0.2490E+03  0.7582E+01
  0.2500E+03  0.7551E+01
  0.2510E+03  0.7962E+01
  0.2520E+03  0.7841E+01
  0.2530E+03  0.7448E+01
  0.2540E+03  0.8077E+01
  0.2550E+03  0.7927E+01
  0.2560E+03  0.8447E+01
  0.2570E+03  0.8229E+01
  0.2580E+03  0.8215E+01
  0.2590E+03  0.8505E+01
  0.2600E+03  0.8407E+01
  0.2610E+03  0.8347E+01
  0.2620E+03  0.8961E+01
  0.2630E+03  0.8458E+01
  0.2640E+03  0.8401E+01
  0.2650E+03  0.8421E+01
  0.2660E+03  0.8862E+01
  0.2670E+03  0.8971E+01
  0.2680E+03  0.8500E+01
  0.2690E+03  0.8969E+01
  0.2700E+03  0.8675E+01
  0.2710E+03  0.8991E+01
  0.2720E+03  0.8978E+01
  0.2730E+03  0.8882E+01
  0.2740E+03  0.9287E+01
  0.2750E+03  0.9085E+01
  0.2760E+03  0.9384E+01
  0.2770E+03  0.9187E+01
  0.2780E+03  0.9268E+01
  0.2790E+03  0.9491E+01
  0.2800E+03  0.9538E+01
  0.2810E+03  0.9627E+01
  0.2820E+03  0.9244E+01
  0.2830E+03  0.9571E+01
  0.2840E+03  0.9432E+01
  0.2850E+03  0.9275E+01
  0.2860E+03  0.9642E+01
  0.2870E+03  0.9500E+01
  0.2880E+03  0.9877E+01
  0.2890E+03  0.9749E+01
  0.2900E+03  0.9988E+01
  0.2910E+03  0.9768E+01
  0.2920E+03  0.1009E+02
  0.2930E+03  0.9890E+01
  0.2940E+03  0.9923E+01
  0.2950E+03  0.1015E+02
  0.2960E+03  0.9918E+01
  0.2970E+03  0.1036E+02
  0.2980E+03  0.1018E+02
  0.2990E+03  0.9929E+01
  0.3000E+03  0.9993E+01
  0.3010E+03  0.1053E+02
  0.3020E+03  0.1037E+02
  0.3030E+03  0.1039E+02
  0.3040E+03  0.1089E+02
  0.3050E+03  0.1055E+02
  0.3060E+03  0.1029E+02
  0.3070E+03  0.1086E+02
  0.3080E+03  0.1118E+02
  0.3090E+03  0.1076E+02
  0.3100E+03  0.1062E+02
  0.3110E+03  0.1074E+02
  0.3120E+03  0.1122E+02
  0.3130E+03  0.1066E+02
  0.3140E+03  0.1112E+02
  0.3150E+03  0.1093E+02
  0.3160E+03  0.1132E+02
  0.3170E+03  0.1117E+02
  0.3180E+03  0.1109E+02
  0.3190E+03  0.1081E+02
  0.3200E+03  0.1126E+02
  0.3210E+03  0.1179E+02
  0.3220E+03  0.1163E+02
  0.3230E+03  0.1130E+02
  0.3240E+03  0.1126E+02
  0.3250E+03  0.1112E+02
  0.3260E+03  0.1168E+02
  0.3270E+03  0.1117E+02
  0.3280E+03  0.1144E+02
  0.3290E+03  0.1157E+02
  0.3300E+03  0.1143E+02
  0.3310E+03  0.1147E+02
  0.3320E+03  0.1143E+02
  0.3330E+03  0.1134E+02
  0.3340E+03  0.1160E+02
  0.3350E+03  0.1152E+02
  0.3360E+03  0.1162E+02
  0.3370E+03  0.1153E+02
  0.3380E+03  0.1186E+02
  0.3390E+03  0.1146E+02
  0.3400E+03  0.1115E+02
  0.3410E+03  0.1147E+02
  0.3420E+03  0.1173E+02
  0.3430E+03  0.1145E+02
  0.3440E+03  0.1174E+02
  0.3450E+03  0.1165E+02
  0.3460E+03  0.1170E+02
  0.3470E+03  0.1150E+02
  0.3480E+03  0.1166E+02
  0.3490E+03  0.1119E+02
  0.3500E+03  0.1143E+02
  0.3510E+03  0.1128E+02
  0.3520E+03  0.1129E+02
  0.3530E+03  0.1143E+02
  0.3540E+03  0.1176E+02
  0.3550E+03  0.1151E+02
  0.3560E+03  0.1147E+02
  0.3570E+03  0.1138E+02
  0.3580E+03  0.1133E+02
  0.3590E+03  0.1148E+02
  0.3600E+03  0.1191E+02
  0.3610E+03  0.1115E+02
  0.3620E+03  0.1140E+02
  0.3630E+03  0.1144E+02
  0.3640E+03  0.1149E+02
  0.3650E+03  0.1193E+02
  0.3660E+03  0.1159E+02
  0.3670E+03  0.1141E+02
  0.3680E+03  0.1189E+02
  0.3690E+03  0.1146E+02
  0.3700E+03  0.1171E+02
  0.3710E+03  0.1169E+02
  0.3720E+03  0.1229E+02
  0.3730E+03  0.1168E+02
  0.3740E+03  0.1208E+02
  0.3750E+03  0.1183E+02
  0.3760E+03  0.1228E+02
  0.3770E+03  0.1215E+02
  0.3780E+03  0.1240E+02
  0.3790E+03  0.1213E+02
  0.3800E+03  0.1245E+02
  0.3810E+03  0.1227E+02
  0.3820E+03  0.1207E+02
  0.3830E+03  0.1219E+02
  0.3840E+03  0.1242E+02
  0.3850E+03  0.1213E+02
  0.3860E+03  0.1243E+02
  0.3870E+03  0.1239E+02
  0.3880E+03  0.1255E+02
  0.3890E+03  0.1268E+02
  0.3900E+03  0.1246E+02
  0.3910E+03  0.1272E+02
  0.3920E+03  0.1284E+02
  0.3930E+03  0.1284E+02
  0.3940E+03  0.1277E+02
  0.3950E+03  0.1311E+02
  0.3960E+03  0.1298E+02
  0.3970E+03  0.1340E+02
  0.3980E+03  0.1310E+02
  0.3990E+03  0.1315E+02
  0.4000E+03  0.1336E+02
  0.4010E+03  0.1302E+02
  0.4020E+03  0.1320E+02
  0.4030E+03  0.1331E+02
  0.4040E+03  0.1283E+02
  0.4050E+03  0.1326E+02
  0.4060E+03  0.1357E+02
  0.4070E+03  0.1285E+02
  0.4080E+03  0.1359E+02
  0.4090E+03  0.1267E+02
  0.4100E+03  0.1396E+02
  0.4110E+03  0.1361E+02
  0.4120E+03  0.1347E+02
  0.4130E+03  0.1358E+02
  0.4140E+03  0.1387E+02
  0.4150E+03  0.1328E+02
  0.4160E+03  0.1407E+02
  0.4170E+03  0.1375E+02
  0.4180E+03  0.1326E+02
  0.4190E+03  0.1379E+02
  0.4200E+03  0.1394E+02
  0.4210E+03  0.1373E+02
  0.4220E+03  0.1323E+02
  0.4230E+03  0.1378E+02
  0.4240E+03  0.1401E+02
  0.4250E+03  0.1354E+02
  0.4260E+03  0.1344E+02
  0.4270E+03  0.1346E+02
  0.4280E+03  0.1363E+02
  0.4290E+03  0.1328E+02
  0.4300E+03  0.1389E+02
  0.4310E+03  0.1374E+02
  0.4320E+03  0.1337E+02
  0.4330E+03  0.1343E+02
  0.4340E+03  0.1366E+02
  0.4350E+03  0.1325E+02
  0.4360E+03  0.1295E+02
  0.4370E+03  0.1294E+02
  0.4380E+03  0.1340E+02
  0.4390E+03  0.1262E+02
  0.4400E+03  0.1308E+02
  0.4410E+03  0.1330E+02
  0.4420E+03  0.1317E+02
  0.4430E+03  0.1306E+02
  0.4440E+03  0.1364E+02
  0.4450E+03  0.1292E+02
  0.4460E+03  0.1260E+02
  0.4470E+03  0.1291E+02
  0.4480E+03  0.1284E+02
  0.4490E+03  0.1315E+02
  0.4500E+03  0.1310E+02
  0.4510E+03  0.1265E+02
  0.4520E+03  0.1307E+02
  0.4530E+03  0.1249E+02
  0.4540E+03  0.1287E+02
  0.4550E+03  0.1253E+02
  0.4560E+03  0.1218E+02
  0.4570E+03  0.1273E+02
  0.4580E+03  0.1233E+02
  0.4590E+03  0.1275E+02
  0.4600E+03  0.1211E+02
  0.4610E+03  0.1260E+02
  0.4620E+03  0.1239E+02
  0.4630E+03  0.1268E+02
  0.4640E+03  0.1251E+02
  0.4650E+03  0.1270E+02
  0.4660E+03  0.1173E+02
  0.4670E+03  0.1256E+02
  0.4680E+03  0.1249E+02
  0.4690E+03  0.1306E+02
  0.4700E+03  0.1347E+02
  0.4710E+03  0.1175E+02
  0.4720E+03  0.1261E+02
  0.4730E+03  0.1249E+02
  0.4740E+03  0.1249E+02
  0.4750E+03  0.1266E+02
  0.4760E+03  0.1202E+02
  0.4770E+03  0.1241E+02
  0.4780E+03  0.1193E+02
  0.4790E+03  0.1209E+02
  0.4800E+03  0.1236E+02
  0.4810E+03  0.1244E+02
  0.4820E+03  0.1248E+02
  0.4830E+03  0.1196E+02
  0.4840E+03  0.1274E+02
  0.4850E+03  0.1181E+02
  0.4860E+03  0.1202E+02
  0.4870E+03  0.1195E+02
  0.4880E+03  0.1242E+02
  0.4890E+03  0.1232E+02
  0.4900E+03  0.1225E+02
  0.4910E+03  0.1231E+02
  0.4920E+03  0.1191E+02
  0.4930E+03  0.1180E+02
  0.4940E+03  0.1148E+02
  0.4950E+03  0.1217E+02
  0.4960E+03  0.1231E+02
  0.4970E+03  0.1176E+02
  0.4980E+03  0.1179E+02
  0.4990E+03  0.1169E+02
  0.5000E+03  0.1173E+02
  0.5010E+03  0.1112E+02
  0.5020E+03  0.1108E+02
  0.5030E+03  0.1179E+02
  0.5040E+03  0.1133E+02
  0.5050E+03  0.1115E+02
  0.5060E+03  0.1130E+02
  0.5070E+03  0.1054E+02
  0.5080E+03  0.1084E+02
  0.5090E+03  0.1102E+02
  0.5100E+03  0.1015E+02
  0.5110E+03  0.0000E+00
  0.5120E+03  0.0000E+00
