  0.1000E+01  0.6210E+00
  0.2000E+01  0.1321E+01
  0.3000E+01  0.1110E+01
  0.4000E+01  0.5810E+00
  0.5000E+01  0.4881E+00
  0.6000E+01  0.4544E+00
  0.7000E+01  0.4211E+00
  0.8000E+01  0.3811E+00
  0.9000E+01  0.3538E+00
  0.1000E+02  0.3156E+00
  0.1100E+02  0.2870E+00
  0.1200E+02  0.2631E+00
  0.1300E+02  0.2354E+00
  0.1400E+02  0.2050E+00
  0.1500E+02  0.1836E+00
  0.1600E+02  0.1611E+00
  0.1700E+02  0.1494E+00
  0.1800E+02  0.1355E+00
  0.1900E+02  0.1442E+00
  0.2000E+02  0.2676E+00
  0.2100E+02  0.9396E+00
  0.2200E+02  0.3456E+01
  0.2300E+02  0.1069E+02
  0.2400E+02  0.2633E+02
  0.2500E+02  0.5158E+02
  0.2600E+02  0.8071E+02
  0.2700E+02  0.1012E+03
  0.2800E+02  0.1037E+03
  0.2900E+02  0.8929E+02
  0.3000E+02  0.6800E+02
  0.3100E+02  0.4898E+02
  0.3200E+02  0.3437E+02
  0.3300E+02  0.2305E+02
  0.3400E+02  0.1376E+02
  0.3500E+02  0.7031E+01
  0.3600E+02  0.3092E+01
  0.3700E+02  0.1207E+01
  0.3800E+02  0.5274E+00
  0.3900E+02  0.3707E+00
  0.4000E+02  0.3909E+00
  0.4100E+02  0.4731E+00
  0.4200E+02  0.5641E+00
  0.4300E+02  0.6719E+00
  0.4400E+02  0.7693E+00
  0.4500E+02  0.8677E+00
  0.4600E+02  0.9715E+00
  0.4700E+02  0.1128E+01
  0.4800E+02  0.1215E+01
  0.4900E+02  0.1334E+01
  0.5000E+02  0.1470E+01
  0.5100E+02  0.1580E+01
  0.5200E+02  0.1710E+01
  0.5300E+02  0.1836E+01
  0.5400E+02  0.1949E+01
  0.5500E+02  0.2035E+01
  0.5600E+02  0.2095E+01
  0.5700E+02  0.2098E+01
  0.5800E+02  0.1958E+01
  0.5900E+02  0.1835E+01
  0.6000E+02  0.1622E+01
  0.6100E+02  0.1383E+01
  0.6200E+02  0.1095E+01
  0.6300E+02  0.8278E+00
  0.6400E+02  0.5858E+00
  0.6500E+02  0.3906E+00
  0.6600E+02  0.2692E+00
  0.6700E+02  0.1843E+00
  0.6800E+02  0.1442E+00
  0.6900E+02  0.1030E+00
  0.7000E+02  0.8878E-01
  0.7100E+02  0.7263E-01
  0.7200E+02  0.6843E-01
  0.7300E+02  0.7395E-01
  0.7400E+02  0.6183E-01
  0.7500E+02  0.6218E-01
  0.7600E+02  0.6351E-01
  0.7700E+02  0.6398E-01
  0.7800E+02  0.6121E-01
  0.7900E+02  0.6304E-01
  0.8000E+02  0.6247E-01
  0.8100E+02  0.6373E-01
  0.8200E+02  0.6401E-01
  0.8300E+02  0.7077E-01
  0.8400E+02  0.7543E-01
  0.8500E+02  0.7794E-01
  0.8600E+02  0.7743E-01
  0.8700E+02  0.8787E-01
  0.8800E+02  0.9221E-01
  0.8900E+02  0.8882E-01
  0.9000E+02  0.1094E+00
  0.9100E+02  0.1067E+00
  0.9200E+02  0.1156E+00
  0.9300E+02  0.1257E+00
  0.9400E+02  0.1291E+00
  0.9500E+02  0.1267E+00
  0.9600E+02  0.1293E+00
  0.9700E+02  0.1367E+00
  0.9800E+02  0.1314E+00
  0.9900E+02  0.1147E+00
  0.1000E+03  0.1179E+00
  0.1010E+03  0.1131E+00
  0.1020E+03  0.1194E+00
  0.1030E+03  0.1016E+00
  0.1040E+03  0.1072E+00
  0.1050E+03  0.1054E+00
  0.1060E+03  0.1060E+00
  0.1070E+03  0.1096E+00
  0.1080E+03  0.1110E+00
  0.1090E+03  0.1083E+00
  0.1100E+03  0.1196E+00
  0.1110E+03  0.1276E+00
  0.1120E+03  0.1499E+00
  0.1130E+03  0.1759E+00
  0.1140E+03  0.2245E+00
  0.1150E+03  0.2699E+00
  0.1160E+03  0.3327E+00
  0.1170E+03  0.4336E+00
  0.1180E+03  0.5378E+00
  0.1190E+03  0.6887E+00
  0.1200E+03  0.8666E+00
  0.1210E+03  0.1049E+01
  0.1220E+03  0.1238E+01
  0.1230E+03  0.1466E+01
  0.1240E+03  0.1669E+01
  0.1250E+03  0.1892E+01
  0.1260E+03  0.2120E+01
  0.1270E+03  0.2282E+01
  0.1280E+03  0.2390E+01
  0.1290E+03  0.2546E+01
  0.1300E+03  0.2585E+01
  0.1310E+03  0.2614E+01
  0.1320E+03  0.2559E+01
  0.1330E+03  0.2519E+01
  0.1340E+03  0.2492E+01
  0.1350E+03  0.2454E+01
  0.1360E+03  0.2414E+01
  0.1370E+03  0.2502E+01
  0.1380E+03  0.2729E+01
  0.1390E+03  0.3194E+01
  0.1400E+03  0.3851E+01
  0.1410E+03  0.4849E+01
  0.1420E+03  0.6327E+01
  0.1430E+03  0.8250E+01
  0.1440E+03  0.1098E+02
  0.1450E+03  0.1448E+02
  0.1460E+03  0.1864E+02
  0.1470E+03  0.2395E+02
  0.1480E+03  0.3024E+02
  0.1490E+03  0.3735E+02
  0.1500E+03  0.4542E+02
  0.1510E+03  0.5408E+02
  0.1520E+03  0.6324E+02
  0.1530E+03  0.7248E+02
  0.1540E+03  0.8108E+02
  0.1550E+03  0.8891E+02
  0.1560E+03  0.9579E+02
  0.1570E+03  0.1007E+03
  0.1580E+03  0.1041E+03
  0.1590E+03  0.1049E+03
  0.1600E+03  0.1038E+03
  0.1610E+03  0.1004E+03
  0.1620E+03  0.9503E+02
  0.1630E+03  0.8810E+02
  0.1640E+03  0.8012E+02
  0.1650E+03  0.7106E+02
  0.1660E+03  0.6187E+02
  0.1670E+03  0.5275E+02
  0.1680E+03  0.4384E+02
  0.1690E+03  0.3591E+02
  0.1700E+03  0.2876E+02
  0.1710E+03  0.2236E+02
  0.1720E+03  0.1725E+02
  0.1730E+03  0.1292E+02
  0.1740E+03  0.9498E+01
  0.1750E+03  0.6830E+01
  0.1760E+03  0.4814E+01
  0.1770E+03  0.3302E+01
  0.1780E+03  0.2246E+01
  0.1790E+03  0.1503E+01
  0.1800E+03  0.1007E+01
  0.1810E+03  0.6499E+00
  0.1820E+03  0.4097E+00
  0.1830E+03  0.2661E+00
  0.1840E+03  0.1686E+00
  0.1850E+03  0.1175E+00
  0.1860E+03  0.7803E-01
  0.1870E+03  0.6942E-01
  0.1880E+03  0.5578E-01
  0.1890E+03  0.4862E-01
  0.1900E+03  0.3999E-01
  0.1910E+03  0.4195E-01
  0.1920E+03  0.4169E-01
  0.1930E+03  0.3895E-01
  0.1940E+03  0.3536E-01
  0.1950E+03  0.3701E-01
  0.1960E+03  0.3177E-01
  0.1970E+03  0.3120E-01
  0.1980E+03  0.2577E-01
  0.1990E+03  0.3117E-01
  0.2000E+03  0.2788E-01
  0.2010E+03  0.2400E-01
  0.2020E+03  0.2108E-01
  0.2030E+03  0.2390E-01
  0.2040E+03  0.1690E-01
  0.2050E+03  0.1367E-01
  0.2060E+03  0.1972E-01
  0.2070E+03  0.1615E-01
  0.2080E+03  0.1628E-01
  0.2090E+03  0.1345E-01
  0.2100E+03  0.1041E-01
  0.2110E+03  0.1086E-01
  0.2120E+03  0.9930E-02
  0.2130E+03  0.1158E-01
  0.2140E+03  0.1284E-01
  0.2150E+03  0.1142E-01
  0.2160E+03  0.8232E-02
  0.2170E+03  0.1033E-01
  0.2180E+03  0.8574E-02
  0.2190E+03  0.1049E-01
  0.2200E+03  0.1069E-01
  0.2210E+03  0.9751E-02
  0.2220E+03  0.9516E-02
  0.2230E+03  0.1238E-01
  0.2240E+03  0.1066E-01
  0.2250E+03  0.1038E-01
  0.2260E+03  0.1271E-01
  0.2270E+03  0.1161E-01
  0.2280E+03  0.1458E-01
  0.2290E+03  0.1328E-01
  0.2300E+03  0.1656E-01
  0.2310E+03  0.1837E-01
  0.2320E+03  0.2014E-01
  0.2330E+03  0.2311E-01
  0.2340E+03  0.2267E-01
  0.2350E+03  0.2426E-01
  0.2360E+03  0.2577E-01
  0.2370E+03  0.3130E-01
  0.2380E+03  0.3283E-01
  0.2390E+03  0.3990E-01
  0.2400E+03  0.3948E-01
  0.2410E+03  0.3938E-01
  0.2420E+03  0.4071E-01
  0.2430E+03  0.4609E-01
  0.2440E+03  0.5060E-01
  0.2450E+03  0.4660E-01
  0.2460E+03  0.5478E-01
  0.2470E+03  0.5028E-01
  0.2480E+03  0.5284E-01
  0.2490E+03  0.5474E-01
  0.2500E+03  0.4942E-01
  0.2510E+03  0.4816E-01
  0.2520E+03  0.5177E-01
  0.2530E+03  0.5028E-01
  0.2540E+03  0.4793E-01
  0.2550E+03  0.4850E-01
  0.2560E+03  0.4650E-01
  0.2570E+03  0.4508E-01
  0.2580E+03  0.4723E-01
  0.2590E+03  0.4120E-01
  0.2600E+03  0.4363E-01
  0.2610E+03  0.3831E-01
  0.2620E+03  0.3925E-01
  0.2630E+03  0.3770E-01
  0.2640E+03  0.3533E-01
  0.2650E+03  0.4475E-01
  0.2660E+03  0.4101E-01
  0.2670E+03  0.4008E-01
  0.2680E+03  0.3700E-01
  0.2690E+03  0.4223E-01
  0.2700E+03  0.4926E-01
  0.2710E+03  0.4751E-01
  0.2720E+03  0.4960E-01
  0.2730E+03  0.4947E-01
  0.2740E+03  0.5339E-01
  0.2750E+03  0.5011E-01
  0.2760E+03  0.5097E-01
  0.2770E+03  0.4672E-01
  0.2780E+03  0.5440E-01
  0.2790E+03  0.4993E-01
  0.2800E+03  0.5914E-01
  0.2810E+03  0.5526E-01
  0.2820E+03  0.5324E-01
  0.2830E+03  0.5928E-01
  0.2840E+03  0.4880E-01
  0.2850E+03  0.5725E-01
  0.2860E+03  0.5689E-01
  0.2870E+03  0.6186E-01
  0.2880E+03  0.5417E-01
  0.2890E+03  0.5238E-01
  0.2900E+03  0.5049E-01
  0.2910E+03  0.5102E-01
  0.2920E+03  0.4786E-01
  0.2930E+03  0.4171E-01
  0.2940E+03  0.4141E-01
  0.2950E+03  0.3709E-01
  0.2960E+03  0.4235E-01
  0.2970E+03  0.3864E-01
  0.2980E+03  0.4774E-01
  0.2990E+03  0.4319E-01
  0.3000E+03  0.3813E-01
  0.3010E+03  0.3656E-01
  0.3020E+03  0.3337E-01
  0.3030E+03  0.3628E-01
  0.3040E+03  0.3834E-01
  0.3050E+03  0.3586E-01
  0.3060E+03  0.3411E-01
  0.3070E+03  0.3806E-01
  0.3080E+03  0.3704E-01
  0.3090E+03  0.3510E-01
  0.3100E+03  0.3562E-01
  0.3110E+03  0.3284E-01
  0.3120E+03  0.3642E-01
  0.3130E+03  0.4265E-01
  0.3140E+03  0.3970E-01
  0.3150E+03  0.4283E-01
  0.3160E+03  0.4680E-01
  0.3170E+03  0.4359E-01
  0.3180E+03  0.4719E-01
  0.3190E+03  0.4240E-01
  0.3200E+03  0.4954E-01
  0.3210E+03  0.4892E-01
  0.3220E+03  0.4766E-01
  0.3230E+03  0.5347E-01
  0.3240E+03  0.5794E-01
  0.3250E+03  0.5529E-01
  0.3260E+03  0.6108E-01
  0.3270E+03  0.5555E-01
  0.3280E+03  0.5783E-01
  0.3290E+03  0.6617E-01
  0.3300E+03  0.5821E-01
  0.3310E+03  0.6824E-01
  0.3320E+03  0.6984E-01
  0.3330E+03  0.7152E-01
  0.3340E+03  0.7436E-01
  0.3350E+03  0.6835E-01
  0.3360E+03  0.6832E-01
  0.3370E+03  0.7536E-01
  0.3380E+03  0.7735E-01
  0.3390E+03  0.7634E-01
  0.3400E+03  0.8016E-01
  0.3410E+03  0.8005E-01
  0.3420E+03  0.7494E-01
  0.3430E+03  0.7070E-01
  0.3440E+03  0.7736E-01
  0.3450E+03  0.8606E-01
  0.3460E+03  0.7321E-01
  0.3470E+03  0.7694E-01
  0.3480E+03  0.8020E-01
  0.3490E+03  0.7365E-01
  0.3500E+03  0.7621E-01
  0.3510E+03  0.7352E-01
  0.3520E+03  0.6724E-01
  0.3530E+03  0.6468E-01
  0.3540E+03  0.6453E-01
  0.3550E+03  0.6393E-01
  0.3560E+03  0.5736E-01
  0.3570E+03  0.5420E-01
  0.3580E+03  0.5062E-01
  0.3590E+03  0.4938E-01
  0.3600E+03  0.4151E-01
  0.3610E+03  0.4240E-01
  0.3620E+03  0.3935E-01
  0.3630E+03  0.4266E-01
  0.3640E+03  0.3907E-01
  0.3650E+03  0.3212E-01
  0.3660E+03  0.3019E-01
  0.3670E+03  0.2906E-01
  0.3680E+03  0.2737E-01
  0.3690E+03  0.2258E-01
  0.3700E+03  0.2438E-01
  0.3710E+03  0.1935E-01
  0.3720E+03  0.2047E-01
  0.3730E+03  0.2032E-01
  0.3740E+03  0.1690E-01
  0.3750E+03  0.1535E-01
  0.3760E+03  0.1372E-01
  0.3770E+03  0.1467E-01
  0.3780E+03  0.1436E-01
  0.3790E+03  0.1025E-01
  0.3800E+03  0.1307E-01
  0.3810E+03  0.1274E-01
  0.3820E+03  0.1001E-01
  0.3830E+03  0.8834E-02
  0.3840E+03  0.7341E-02
  0.3850E+03  0.1014E-01
  0.3860E+03  0.8662E-02
  0.3870E+03  0.8112E-02
  0.3880E+03  0.9156E-02
  0.3890E+03  0.5372E-02
  0.3900E+03  0.1071E-01
  0.3910E+03  0.7771E-02
  0.3920E+03  0.5834E-02
  0.3930E+03  0.7294E-02
  0.3940E+03  0.6516E-02
  0.3950E+03  0.7011E-02
  0.3960E+03  0.8977E-02
  0.3970E+03  0.7084E-02
  0.3980E+03  0.9766E-02
  0.3990E+03  0.1294E-01
  0.4000E+03  0.9315E-02
  0.4010E+03  0.8400E-02
  0.4020E+03  0.1143E-01
  0.4030E+03  0.9937E-02
  0.4040E+03  0.9635E-02
  0.4050E+03  0.1501E-01
  0.4060E+03  0.1332E-01
  0.4070E+03  0.1461E-01
  0.4080E+03  0.1472E-01
  0.4090E+03  0.1491E-01
  0.4100E+03  0.1728E-01
  0.4110E+03  0.1826E-01
  0.4120E+03  0.1739E-01
  0.4130E+03  0.1806E-01
  0.4140E+03  0.2136E-01
  0.4150E+03  0.2287E-01
  0.4160E+03  0.2599E-01
  0.4170E+03  0.2876E-01
  0.4180E+03  0.3182E-01
  0.4190E+03  0.3418E-01
  0.4200E+03  0.2864E-01
  0.4210E+03  0.3915E-01
  0.4220E+03  0.4099E-01
  0.4230E+03  0.4165E-01
  0.4240E+03  0.4148E-01
  0.4250E+03  0.4200E-01
  0.4260E+03  0.5021E-01
  0.4270E+03  0.4780E-01
  0.4280E+03  0.5211E-01
  0.4290E+03  0.5888E-01
  0.4300E+03  0.5839E-01
  0.4310E+03  0.6132E-01
  0.4320E+03  0.6083E-01
  0.4330E+03  0.6806E-01
  0.4340E+03  0.6648E-01
  0.4350E+03  0.6780E-01
  0.4360E+03  0.6780E-01
  0.4370E+03  0.6802E-01
  0.4380E+03  0.7144E-01
  0.4390E+03  0.6612E-01
  0.4400E+03  0.6416E-01
  0.4410E+03  0.6689E-01
  0.4420E+03  0.7520E-01
  0.4430E+03  0.7530E-01
  0.4440E+03  0.6103E-01
  0.4450E+03  0.6183E-01
  0.4460E+03  0.6461E-01
  0.4470E+03  0.6044E-01
  0.4480E+03  0.6254E-01
  0.4490E+03  0.6054E-01
  0.4500E+03  0.6238E-01
  0.4510E+03  0.5437E-01
  0.4520E+03  0.5624E-01
  0.4530E+03  0.5023E-01
  0.4540E+03  0.4832E-01
  0.4550E+03  0.4897E-01
  0.4560E+03  0.3779E-01
  0.4570E+03  0.4627E-01
  0.4580E+03  0.3818E-01
  0.4590E+03  0.4032E-01
  0.4600E+03  0.3298E-01
  0.4610E+03  0.3217E-01
  0.4620E+03  0.3011E-01
  0.4630E+03  0.2688E-01
  0.4640E+03  0.2363E-01
  0.4650E+03  0.2279E-01
  0.4660E+03  0.2585E-01
  0.4670E+03  0.2303E-01
  0.4680E+03  0.1985E-01
  0.4690E+03  0.2026E-01
  0.4700E+03  0.1592E-01
  0.4710E+03  0.2008E-01
  0.4720E+03  0.2009E-01
  0.4730E+03  0.1908E-01
  0.4740E+03  0.1885E-01
  0.4750E+03  0.1779E-01
  0.4760E+03  0.2266E-01
  0.4770E+03  0.2001E-01
  0.4780E+03  0.1877E-01
  0.4790E+03  0.2292E-01
  0.4800E+03  0.1844E-01
  0.4810E+03  0.2358E-01
  0.4820E+03  0.2441E-01
  0.4830E+03  0.2257E-01
  0.4840E+03  0.2816E-01
  0.4850E+03  0.2913E-01
  0.4860E+03  0.3171E-01
  0.4870E+03  0.3365E-01
  0.4880E+03  0.3936E-01
  0.4890E+03  0.3847E-01
  0.4900E+03  0.3647E-01
  0.4910E+03  0.4461E-01
  0.4920E+03  0.4862E-01
  0.4930E+03  0.4990E-01
  0.4940E+03  0.5460E-01
  0.4950E+03  0.6098E-01
  0.4960E+03  0.5990E-01
  0.4970E+03  0.6752E-01
  0.4980E+03  0.6808E-01
  0.4990E+03  0.7119E-01
  0.5000E+03  0.7181E-01
  0.5010E+03  0.8571E-01
  0.5020E+03  0.9324E-01
  0.5030E+03  0.9073E-01
  0.5040E+03  0.9512E-01
  0.5050E+03  0.1020E+00
  0.5060E+03  0.1082E+00
  0.5070E+03  0.1062E+00
  0.5080E+03  0.1117E+00
  0.5090E+03  0.1151E+00
  0.5100E+03  0.1173E+00
  0.5110E+03  0.0000E+00
  0.5120E+03  0.0000E+00
