  0.1000E+01  0.1148E+01
  0.2000E+01  0.1278E+01
  0.3000E+01  0.1385E+01
  0.4000E+01  0.1201E+01
  0.5000E+01  0.1335E+01
  0.6000E+01  0.1262E+01
  0.7000E+01  0.1424E+01
  0.8000E+01  0.1504E+01
  0.9000E+01  0.1441E+01
  0.1000E+02  0.1374E+01
  0.1100E+02  0.1200E+01
  0.1200E+02  0.1357E+01
  0.1300E+02  0.1335E+01
  0.1400E+02  0.1464E+01
  0.1500E+02  0.1578E+01
  0.1600E+02  0.1450E+01
  0.1700E+02  0.1377E+01
  0.1800E+02  0.1442E+01
  0.1900E+02  0.1376E+01
  0.2000E+02  0.1482E+01
  0.2100E+02  0.1425E+01
  0.2200E+02  0.1512E+01
  0.2300E+02  0.1749E+01
  0.2400E+02  0.1802E+01
  0.2500E+02  0.2035E+01
  0.2600E+02  0.2278E+01
  0.2700E+02  0.2270E+01
  0.2800E+02  0.1997E+01
  0.2900E+02  0.2015E+01
  0.3000E+02  0.1881E+01
  0.3100E+02  0.1625E+01
  0.3200E+02  0.1693E+01
  0.3300E+02  0.1505E+01
  0.3400E+02  0.1487E+01
  0.3500E+02  0.1381E+01
  0.3600E+02  0.1334E+01
  0.3700E+02  0.1554E+01
  0.3800E+02  0.1410E+01
  0.3900E+02  0.1477E+01
  0.4000E+02  0.1423E+01
  0.4100E+02  0.1551E+01
  0.4200E+02  0.1485E+01
  0.4300E+02  0.1436E+01
  0.4400E+02  0.1379E+01
  0.4500E+02  0.1413E+01
  0.4600E+02  0.1586E+01
  0.4700E+02  0.1509E+01
  0.4800E+02  0.1417E+01
  0.4900E+02  0.1339E+01
  0.5000E+02  0.1615E+01
  0.5100E+02  0.1572E+01
  0.5200E+02  0.1581E+01
  0.5300E+02  0.1664E+01
  0.5400E+02  0.1632E+01
  0.5500E+02  0.1719E+01
  0.5600E+02  0.1722E+01
  0.5700E+02  0.1687E+01
  0.5800E+02  0.1736E+01
  0.5900E+02  0.1647E+01
  0.6000E+02  0.1877E+01
  0.6100E+02  0.1791E+01
  0.6200E+02  0.2024E+01
  0.6300E+02  0.1951E+01
  0.6400E+02  0.2132E+01
  0.6500E+02  0.2173E+01
  0.6600E+02  0.2237E+01
  0.6700E+02  0.2298E+01
  0.6800E+02  0.2371E+01
  0.6900E+02  0.2330E+01
  0.7000E+02  0.2476E+01
  0.7100E+02  0.2619E+01
  0.7200E+02  0.2875E+01
  0.7300E+02  0.3005E+01
  0.7400E+02  0.3274E+01
  0.7500E+02  0.3334E+01
  0.7600E+02  0.3740E+01
  0.7700E+02  0.3817E+01
  0.7800E+02  0.3869E+01
  0.7900E+02  0.4204E+01
  0.8000E+02  0.4490E+01
  0.8100E+02  0.4399E+01
  0.8200E+02  0.4494E+01
  0.8300E+02  0.4533E+01
  0.8400E+02  0.4713E+01
  0.8500E+02  0.4481E+01
  0.8600E+02  0.4443E+01
  0.8700E+02  0.4212E+01
  0.8800E+02  0.3939E+01
  0.8900E+02  0.3538E+01
  0.9000E+02  0.3184E+01
  0.9100E+02  0.2972E+01
  0.9200E+02  0.2889E+01
  0.9300E+02  0.2506E+01
  0.9400E+02  0.2453E+01
  0.9500E+02  0.2361E+01
  0.9600E+02  0.2240E+01
  0.9700E+02  0.2402E+01
  0.9800E+02  0.2437E+01
  0.9900E+02  0.2211E+01
  0.1000E+03  0.2239E+01
  0.1010E+03  0.2442E+01
  0.1020E+03  0.2237E+01
  0.1030E+03  0.2181E+01
  0.1040E+03  0.2156E+01
  0.1050E+03  0.2125E+01
  0.1060E+03  0.2451E+01
  0.1070E+03  0.2376E+01
  0.1080E+03  0.2342E+01
  0.1090E+03  0.2351E+01
  0.1100E+03  0.2519E+01
  0.1110E+03  0.2340E+01
  0.1120E+03  0.2306E+01
  0.1130E+03  0.2362E+01
  0.1140E+03  0.2415E+01
  0.1150E+03  0.2374E+01
  0.1160E+03  0.2530E+01
  0.1170E+03  0.2385E+01
  0.1180E+03  0.2412E+01
  0.1190E+03  0.2653E+01
  0.1200E+03  0.2505E+01
  0.1210E+03  0.2511E+01
  0.1220E+03  0.2475E+01
  0.1230E+03  0.2588E+01
  0.1240E+03  0.2462E+01
  0.1250E+03  0.2767E+01
  0.1260E+03  0.2497E+01
  0.1270E+03  0.2496E+01
  0.1280E+03  0.2775E+01
  0.1290E+03  0.2759E+01
  0.1300E+03  0.2624E+01
  0.1310E+03  0.2715E+01
  0.1320E+03  0.2880E+01
  0.1330E+03  0.2910E+01
  0.1340E+03  0.2907E+01
  0.1350E+03  0.2899E+01
  0.1360E+03  0.2963E+01
  0.1370E+03  0.2992E+01
  0.1380E+03  0.3106E+01
  0.1390E+03  0.3257E+01
  0.1400E+03  0.3353E+01
  0.1410E+03  0.3418E+01
  0.1420E+03  0.3316E+01
  0.1430E+03  0.3315E+01
  0.1440E+03  0.3445E+01
  0.1450E+03  0.3583E+01
  0.1460E+03  0.3609E+01
  0.1470E+03  0.3651E+01
  0.1480E+03  0.3797E+01
  0.1490E+03  0.3887E+01
  0.1500E+03  0.3890E+01
  0.1510E+03  0.3884E+01
  0.1520E+03  0.3793E+01
  0.1530E+03  0.3915E+01
  0.1540E+03  0.3583E+01
  0.1550E+03  0.3605E+01
  0.1560E+03  0.3725E+01
  0.1570E+03  0.3545E+01
  0.1580E+03  0.3592E+01
  0.1590E+03  0.3229E+01
  0.1600E+03  0.3198E+01
  0.1610E+03  0.3053E+01
  0.1620E+03  0.2999E+01
  0.1630E+03  0.3070E+01
  0.1640E+03  0.2746E+01
  0.1650E+03  0.2797E+01
  0.1660E+03  0.2783E+01
  0.1670E+03  0.2755E+01
  0.1680E+03  0.2891E+01
  0.1690E+03  0.2668E+01
  0.1700E+03  0.2576E+01
  0.1710E+03  0.2491E+01
  0.1720E+03  0.2663E+01
  0.1730E+03  0.2742E+01
  0.1740E+03  0.2390E+01
  0.1750E+03  0.2626E+01
  0.1760E+03  0.2716E+01
  0.1770E+03  0.2887E+01
  0.1780E+03  0.2680E+01
  0.1790E+03  0.2737E+01
  0.1800E+03  0.2774E+01
  0.1810E+03  0.2777E+01
  0.1820E+03  0.2760E+01
  0.1830E+03  0.2752E+01
  0.1840E+03  0.3053E+01
  0.1850E+03  0.3105E+01
  0.1860E+03  0.3185E+01
  0.1870E+03  0.2959E+01
  0.1880E+03  0.3192E+01
  0.1890E+03  0.3268E+01
  0.1900E+03  0.3229E+01
  0.1910E+03  0.3288E+01
  0.1920E+03  0.3192E+01
  0.1930E+03  0.3304E+01
  0.1940E+03  0.3395E+01
  0.1950E+03  0.3422E+01
  0.1960E+03  0.3502E+01
  0.1970E+03  0.3415E+01
  0.1980E+03  0.3842E+01
  0.1990E+03  0.3685E+01
  0.2000E+03  0.3579E+01
  0.2010E+03  0.3717E+01
  0.2020E+03  0.3778E+01
  0.2030E+03  0.3721E+01
  0.2040E+03  0.4202E+01
  0.2050E+03  0.4005E+01
  0.2060E+03  0.3898E+01
  0.2070E+03  0.3999E+01
  0.2080E+03  0.4129E+01
  0.2090E+03  0.4000E+01
  0.2100E+03  0.4321E+01
  0.2110E+03  0.4037E+01
  0.2120E+03  0.4266E+01
  0.2130E+03  0.4544E+01
  0.2140E+03  0.4327E+01
  0.2150E+03  0.4686E+01
  0.2160E+03  0.4926E+01
  0.2170E+03  0.4507E+01
  0.2180E+03  0.4384E+01
  0.2190E+03  0.4518E+01
  0.2200E+03  0.4505E+01
  0.2210E+03  0.4931E+01
  0.2220E+03  0.4885E+01
  0.2230E+03  0.4657E+01
  0.2240E+03  0.4818E+01
  0.2250E+03  0.5022E+01
  0.2260E+03  0.4850E+01
  0.2270E+03  0.5076E+01
  0.2280E+03  0.5200E+01
  0.2290E+03  0.5001E+01
  0.2300E+03  0.5258E+01
  0.2310E+03  0.5420E+01
  0.2320E+03  0.5289E+01
  0.2330E+03  0.5421E+01
  0.2340E+03  0.5400E+01
  0.2350E+03  0.5335E+01
  0.2360E+03  0.5248E+01
  0.2370E+03  0.5444E+01
  0.2380E+03  0.5577E+01
  0.2390E+03  0.5454E+01
  0.2400E+03  0.5677E+01
  0.2410E+03  0.5592E+01
  0.2420E+03  0.5967E+01
  0.2430E+03  0.5847E+01
  0.2440E+03  0.6010E+01
  0.2450E+03  0.5920E+01
  0.2460E+03  0.6055E+01
  0.2470E+03  0.6013E+01
  0.2480E+03  0.6196E+01
  0.2490E+03  0.6115E+01
  0.2500E+03  0.6115E+01
  0.2510E+03  0.6258E+01
  0.2520E+03  0.6316E+01
  0.2530E+03  0.6584E+01
  0.2540E+03  0.6275E+01
  0.2550E+03  0.6303E+01
  0.2560E+03  0.6192E+01
  0.2570E+03  0.6311E+01
  0.2580E+03  0.6321E+01
  0.2590E+03  0.6534E+01
  0.2600E+03  0.6399E+01
  0.2610E+03  0.6376E+01
  0.2620E+03  0.6775E+01
  0.2630E+03  0.6667E+01
  0.2640E+03  0.6615E+01
  0.2650E+03  0.6426E+01
  0.2660E+03  0.6826E+01
  0.2670E+03  0.6970E+01
  0.2680E+03  0.6899E+01
  0.2690E+03  0.6739E+01
  0.2700E+03  0.7012E+01
  0.2710E+03  0.6787E+01
  0.2720E+03  0.7080E+01
  0.2730E+03  0.6928E+01
  0.2740E+03  0.6851E+01
  0.2750E+03  0.6821E+01
  0.2760E+03  0.6973E+01
  0.2770E+03  0.7255E+01
  0.2780E+03  0.7156E+01
  0.2790E+03  0.6750E+01
  0.2800E+03  0.7530E+01
  0.2810E+03  0.6993E+01
  0.2820E+03  0.6855E+01
  0.2830E+03  0.7265E+01
  0.2840E+03  0.7113E+01
  0.2850E+03  0.7028E+01
  0.2860E+03  0.7127E+01
  0.2870E+03  0.7057E+01
  0.2880E+03  0.7332E+01
  0.2890E+03  0.7257E+01
  0.2900E+03  0.7035E+01
  0.2910E+03  0.7321E+01
  0.2920E+03  0.7336E+01
  0.2930E+03  0.7428E+01
  0.2940E+03  0.7269E+01
  0.2950E+03  0.7070E+01
  0.2960E+03  0.7608E+01
  0.2970E+03  0.7231E+01
  0.2980E+03  0.7573E+01
  0.2990E+03  0.7324E+01
  0.3000E+03  0.7649E+01
  0.3010E+03  0.7278E+01
  0.3020E+03  0.7722E+01
  0.3030E+03  0.7436E+01
  0.3040E+03  0.7435E+01
  0.3050E+03  0.7285E+01
  0.3060E+03  0.7367E+01
  0.3070E+03  0.7197E+01
  0.3080E+03  0.7601E+01
  0.3090E+03  0.7647E+01
  0.3100E+03  0.7553E+01
  0.3110E+03  0.7504E+01
  0.3120E+03  0.7725E+01
  0.3130E+03  0.7476E+01
  0.3140E+03  0.7218E+01
  0.3150E+03  0.7475E+01
  0.3160E+03  0.7470E+01
  0.3170E+03  0.7356E+01
  0.3180E+03  0.7602E+01
  0.3190E+03  0.7615E+01
  0.3200E+03  0.7490E+01
  0.3210E+03  0.7665E+01
  0.3220E+03  0.7305E+01
  0.3230E+03  0.7303E+01
  0.3240E+03  0.7520E+01
  0.3250E+03  0.7323E+01
  0.3260E+03  0.7516E+01
  0.3270E+03  0.7353E+01
  0.3280E+03  0.6973E+01
  0.3290E+03  0.7449E+01
  0.3300E+03  0.7243E+01
  0.3310E+03  0.7462E+01
  0.3320E+03  0.7390E+01
  0.3330E+03  0.7082E+01
  0.3340E+03  0.7254E+01
  0.3350E+03  0.7000E+01
  0.3360E+03  0.7103E+01
  0.3370E+03  0.7120E+01
  0.3380E+03  0.7148E+01
  0.3390E+03  0.6785E+01
  0.3400E+03  0.6813E+01
  0.3410E+03  0.7188E+01
  0.3420E+03  0.7039E+01
  0.3430E+03  0.6908E+01
  0.3440E+03  0.7058E+01
  0.3450E+03  0.6967E+01
  0.3460E+03  0.7062E+01
  0.3470E+03  0.7129E+01
  0.3480E+03  0.7293E+01
  0.3490E+03  0.6973E+01
  0.3500E+03  0.6943E+01
  0.3510E+03  0.6682E+01
  0.3520E+03  0.7057E+01
  0.3530E+03  0.7014E+01
  0.3540E+03  0.6764E+01
  0.3550E+03  0.6633E+01
  0.3560E+03  0.6866E+01
  0.3570E+03  0.6625E+01
  0.3580E+03  0.6897E+01
  0.3590E+03  0.6940E+01
  0.3600E+03  0.7096E+01
  0.3610E+03  0.6430E+01
  0.3620E+03  0.6787E+01
  0.3630E+03  0.6646E+01
  0.3640E+03  0.6668E+01
  0.3650E+03  0.6463E+01
  0.3660E+03  0.6701E+01
  0.3670E+03  0.6364E+01
  0.3680E+03  0.6917E+01
  0.3690E+03  0.6479E+01
  0.3700E+03  0.6488E+01
  0.3710E+03  0.6328E+01
  0.3720E+03  0.6591E+01
  0.3730E+03  0.6733E+01
  0.3740E+03  0.6529E+01
  0.3750E+03  0.6518E+01
  0.3760E+03  0.6192E+01
  0.3770E+03  0.6092E+01
  0.3780E+03  0.6070E+01
  0.3790E+03  0.6271E+01
  0.3800E+03  0.6299E+01
  0.3810E+03  0.6293E+01
  0.3820E+03  0.6183E+01
  0.3830E+03  0.6299E+01
  0.3840E+03  0.6042E+01
  0.3850E+03  0.6051E+01
  0.3860E+03  0.6001E+01
  0.3870E+03  0.5849E+01
  0.3880E+03  0.5969E+01
  0.3890E+03  0.6023E+01
  0.3900E+03  0.5847E+01
  0.3910E+03  0.6244E+01
  0.3920E+03  0.5951E+01
  0.3930E+03  0.6105E+01
  0.3940E+03  0.5936E+01
  0.3950E+03  0.5821E+01
  0.3960E+03  0.5810E+01
  0.3970E+03  0.5611E+01
  0.3980E+03  0.5672E+01
  0.3990E+03  0.5677E+01
  0.4000E+03  0.5418E+01
  0.4010E+03  0.5720E+01
  0.4020E+03  0.5594E+01
  0.4030E+03  0.5542E+01
  0.4040E+03  0.5653E+01
  0.4050E+03  0.5713E+01
  0.4060E+03  0.5929E+01
  0.4070E+03  0.5178E+01
  0.4080E+03  0.5194E+01
  0.4090E+03  0.5256E+01
  0.4100E+03  0.5463E+01
  0.4110E+03  0.5221E+01
  0.4120E+03  0.5522E+01
  0.4130E+03  0.5142E+01
  0.4140E+03  0.4989E+01
  0.4150E+03  0.5136E+01
  0.4160E+03  0.5090E+01
  0.4170E+03  0.4860E+01
  0.4180E+03  0.5161E+01
  0.4190E+03  0.4878E+01
  0.4200E+03  0.4708E+01
  0.4210E+03  0.5038E+01
  0.4220E+03  0.4898E+01
  0.4230E+03  0.4644E+01
  0.4240E+03  0.4860E+01
  0.4250E+03  0.4501E+01
  0.4260E+03  0.5069E+01
  0.4270E+03  0.4647E+01
  0.4280E+03  0.4958E+01
  0.4290E+03  0.4407E+01
  0.4300E+03  0.4343E+01
  0.4310E+03  0.4521E+01
  0.4320E+03  0.4518E+01
  0.4330E+03  0.4780E+01
  0.4340E+03  0.4293E+01
  0.4350E+03  0.4652E+01
  0.4360E+03  0.4306E+01
  0.4370E+03  0.4417E+01
  0.4380E+03  0.3928E+01
  0.4390E+03  0.3991E+01
  0.4400E+03  0.4323E+01
  0.4410E+03  0.4158E+01
  0.4420E+03  0.3886E+01
  0.4430E+03  0.3865E+01
  0.4440E+03  0.3948E+01
  0.4450E+03  0.4019E+01
  0.4460E+03  0.3854E+01
  0.4470E+03  0.3774E+01
  0.4480E+03  0.3683E+01
  0.4490E+03  0.3708E+01
  0.4500E+03  0.3863E+01
  0.4510E+03  0.3785E+01
  0.4520E+03  0.3809E+01
  0.4530E+03  0.3642E+01
  0.4540E+03  0.3246E+01
  0.4550E+03  0.3363E+01
  0.4560E+03  0.3469E+01
  0.4570E+03  0.3561E+01
  0.4580E+03  0.3418E+01
  0.4590E+03  0.3470E+01
  0.4600E+03  0.3531E+01
  0.4610E+03  0.3325E+01
  0.4620E+03  0.3653E+01
  0.4630E+03  0.3408E+01
  0.4640E+03  0.3391E+01
  0.4650E+03  0.3239E+01
  0.4660E+03  0.3669E+01
  0.4670E+03  0.3062E+01
  0.4680E+03  0.3352E+01
  0.4690E+03  0.3301E+01
  0.4700E+03  0.3053E+01
  0.4710E+03  0.2843E+01
  0.4720E+03  0.2977E+01
  0.4730E+03  0.2854E+01
  0.4740E+03  0.2976E+01
  0.4750E+03  0.2801E+01
  0.4760E+03  0.2909E+01
  0.4770E+03  0.2841E+01
  0.4780E+03  0.2635E+01
  0.4790E+03  0.2642E+01
  0.4800E+03  0.2666E+01
  0.4810E+03  0.2784E+01
  0.4820E+03  0.2658E+01
  0.4830E+03  0.2602E+01
  0.4840E+03  0.3017E+01
  0.4850E+03  0.2690E+01
  0.4860E+03  0.2443E+01
  0.4870E+03  0.2594E+01
  0.4880E+03  0.2250E+01
  0.4890E+03  0.2671E+01
  0.4900E+03  0.2582E+01
  0.4910E+03  0.2131E+01
  0.4920E+03  0.2464E+01
  0.4930E+03  0.2274E+01
  0.4940E+03  0.2414E+01
  0.4950E+03  0.2151E+01
  0.4960E+03  0.2068E+01
  0.4970E+03  0.2103E+01
  0.4980E+03  0.2314E+01
  0.4990E+03  0.2059E+01
  0.5000E+03  0.2075E+01
  0.5010E+03  0.1917E+01
  0.5020E+03  0.2097E+01
  0.5030E+03  0.1826E+01
  0.5040E+03  0.1926E+01
  0.5050E+03  0.1891E+01
  0.5060E+03  0.1842E+01
  0.5070E+03  0.1725E+01
  0.5080E+03  0.1723E+01
  0.5090E+03  0.1619E+01
  0.5100E+03  0.1650E+01
  0.5110E+03  0.0000E+00
  0.5120E+03  0.0000E+00
