  0.1000E+01  0.2749E+01
  0.2000E+01  0.3292E+01
  0.3000E+01  0.3318E+01
  0.4000E+01  0.3401E+01
  0.5000E+01  0.3503E+01
  0.6000E+01  0.3477E+01
  0.7000E+01  0.3637E+01
  0.8000E+01  0.3619E+01
  0.9000E+01  0.3665E+01
  0.1000E+02  0.3732E+01
  0.1100E+02  0.3854E+01
  0.1200E+02  0.3505E+01
  0.1300E+02  0.3842E+01
  0.1400E+02  0.3568E+01
  0.1500E+02  0.3666E+01
  0.1600E+02  0.3594E+01
  0.1700E+02  0.3810E+01
  0.1800E+02  0.3499E+01
  0.1900E+02  0.3414E+01
  0.2000E+02  0.3481E+01
  0.2100E+02  0.3217E+01
  0.2200E+02  0.3668E+01
  0.2300E+02  0.3526E+01
  0.2400E+02  0.3555E+01
  0.2500E+02  0.3567E+01
  0.2600E+02  0.3347E+01
  0.2700E+02  0.3473E+01
  0.2800E+02  0.3609E+01
  0.2900E+02  0.3350E+01
  0.3000E+02  0.3353E+01
  0.3100E+02  0.3263E+01
  0.3200E+02  0.3561E+01
  0.3300E+02  0.3462E+01
  0.3400E+02  0.3285E+01
  0.3500E+02  0.3338E+01
  0.3600E+02  0.3276E+01
  0.3700E+02  0.2896E+01
  0.3800E+02  0.3260E+01
  0.3900E+02  0.3192E+01
  0.4000E+02  0.3132E+01
  0.4100E+02  0.3055E+01
  0.4200E+02  0.2978E+01
  0.4300E+02  0.3186E+01
  0.4400E+02  0.3214E+01
  0.4500E+02  0.2912E+01
  0.4600E+02  0.2974E+01
  0.4700E+02  0.3265E+01
  0.4800E+02  0.3395E+01
  0.4900E+02  0.3258E+01
  0.5000E+02  0.3335E+01
  0.5100E+02  0.3428E+01
  0.5200E+02  0.3512E+01
  0.5300E+02  0.3444E+01
  0.5400E+02  0.3741E+01
  0.5500E+02  0.3368E+01
  0.5600E+02  0.3736E+01
  0.5700E+02  0.3563E+01
  0.5800E+02  0.3659E+01
  0.5900E+02  0.3774E+01
  0.6000E+02  0.3759E+01
  0.6100E+02  0.3922E+01
  0.6200E+02  0.3706E+01
  0.6300E+02  0.4282E+01
  0.6400E+02  0.4260E+01
  0.6500E+02  0.4176E+01
  0.6600E+02  0.4162E+01
  0.6700E+02  0.4187E+01
  0.6800E+02  0.4187E+01
  0.6900E+02  0.4453E+01
  0.7000E+02  0.4566E+01
  0.7100E+02  0.4278E+01
  0.7200E+02  0.4692E+01
  0.7300E+02  0.4493E+01
  0.7400E+02  0.4611E+01
  0.7500E+02  0.4672E+01
  0.7600E+02  0.4688E+01
  0.7700E+02  0.4935E+01
  0.7800E+02  0.4640E+01
  0.7900E+02  0.4960E+01
  0.8000E+02  0.4812E+01
  0.8100E+02  0.4964E+01
  0.8200E+02  0.4939E+01
  0.8300E+02  0.4762E+01
  0.8400E+02  0.4751E+01
  0.8500E+02  0.4689E+01
  0.8600E+02  0.4789E+01
  0.8700E+02  0.5041E+01
  0.8800E+02  0.4937E+01
  0.8900E+02  0.4945E+01
  0.9000E+02  0.4679E+01
  0.9100E+02  0.4915E+01
  0.9200E+02  0.5006E+01
  0.9300E+02  0.5028E+01
  0.9400E+02  0.5126E+01
  0.9500E+02  0.5195E+01
  0.9600E+02  0.4738E+01
  0.9700E+02  0.5112E+01
  0.9800E+02  0.5084E+01
  0.9900E+02  0.5052E+01
  0.1000E+03  0.5108E+01
  0.1010E+03  0.4988E+01
  0.1020E+03  0.5018E+01
  0.1030E+03  0.5029E+01
  0.1040E+03  0.4966E+01
  0.1050E+03  0.5008E+01
  0.1060E+03  0.5109E+01
  0.1070E+03  0.5181E+01
  0.1080E+03  0.5344E+01
  0.1090E+03  0.5384E+01
  0.1100E+03  0.5173E+01
  0.1110E+03  0.5276E+01
  0.1120E+03  0.5436E+01
  0.1130E+03  0.5173E+01
  0.1140E+03  0.5294E+01
  0.1150E+03  0.5558E+01
  0.1160E+03  0.5685E+01
  0.1170E+03  0.5656E+01
  0.1180E+03  0.5486E+01
  0.1190E+03  0.5565E+01
  0.1200E+03  0.5965E+01
  0.1210E+03  0.5663E+01
  0.1220E+03  0.6006E+01
  0.1230E+03  0.5875E+01
  0.1240E+03  0.6020E+01
  0.1250E+03  0.6074E+01
  0.1260E+03  0.6236E+01
  0.1270E+03  0.5910E+01
  0.1280E+03  0.6517E+01
  0.1290E+03  0.6377E+01
  0.1300E+03  0.6478E+01
  0.1310E+03  0.6428E+01
  0.1320E+03  0.6773E+01
  0.1330E+03  0.6786E+01
  0.1340E+03  0.6864E+01
  0.1350E+03  0.6995E+01
  0.1360E+03  0.6791E+01
  0.1370E+03  0.7275E+01
  0.1380E+03  0.7054E+01
  0.1390E+03  0.7299E+01
  0.1400E+03  0.7437E+01
  0.1410E+03  0.6950E+01
  0.1420E+03  0.7038E+01
  0.1430E+03  0.7595E+01
  0.1440E+03  0.7437E+01
  0.1450E+03  0.8219E+01
  0.1460E+03  0.7837E+01
  0.1470E+03  0.7424E+01
  0.1480E+03  0.7750E+01
  0.1490E+03  0.7765E+01
  0.1500E+03  0.8316E+01
  0.1510E+03  0.8012E+01
  0.1520E+03  0.8077E+01
  0.1530E+03  0.7949E+01
  0.1540E+03  0.7756E+01
  0.1550E+03  0.8069E+01
  0.1560E+03  0.8316E+01
  0.1570E+03  0.8500E+01
  0.1580E+03  0.8179E+01
  0.1590E+03  0.8060E+01
  0.1600E+03  0.7923E+01
  0.1610E+03  0.8326E+01
  0.1620E+03  0.8192E+01
  0.1630E+03  0.8136E+01
  0.1640E+03  0.8281E+01
  0.1650E+03  0.8067E+01
  0.1660E+03  0.7968E+01
  0.1670E+03  0.7744E+01
  0.1680E+03  0.7289E+01
  0.1690E+03  0.7881E+01
  0.1700E+03  0.7705E+01
  0.1710E+03  0.7377E+01
  0.1720E+03  0.7296E+01
  0.1730E+03  0.7246E+01
  0.1740E+03  0.7282E+01
  0.1750E+03  0.7045E+01
  0.1760E+03  0.6551E+01
  0.1770E+03  0.6897E+01
  0.1780E+03  0.6731E+01
  0.1790E+03  0.6385E+01
  0.1800E+03  0.6378E+01
  0.1810E+03  0.6280E+01
  0.1820E+03  0.5991E+01
  0.1830E+03  0.5589E+01
  0.1840E+03  0.5713E+01
  0.1850E+03  0.5721E+01
  0.1860E+03  0.5365E+01
  0.1870E+03  0.5432E+01
  0.1880E+03  0.5505E+01
  0.1890E+03  0.5253E+01
  0.1900E+03  0.4884E+01
  0.1910E+03  0.5076E+01
  0.1920E+03  0.4958E+01
  0.1930E+03  0.4910E+01
  0.1940E+03  0.4888E+01
  0.1950E+03  0.4566E+01
  0.1960E+03  0.4661E+01
  0.1970E+03  0.4230E+01
  0.1980E+03  0.4362E+01
  0.1990E+03  0.3905E+01
  0.2000E+03  0.4353E+01
  0.2010E+03  0.4097E+01
  0.2020E+03  0.4090E+01
  0.2030E+03  0.3815E+01
  0.2040E+03  0.3592E+01
  0.2050E+03  0.3718E+01
  0.2060E+03  0.3501E+01
  0.2070E+03  0.3610E+01
  0.2080E+03  0.3491E+01
  0.2090E+03  0.3325E+01
  0.2100E+03  0.3331E+01
  0.2110E+03  0.3286E+01
  0.2120E+03  0.3076E+01
  0.2130E+03  0.3260E+01
  0.2140E+03  0.3379E+01
  0.2150E+03  0.2957E+01
  0.2160E+03  0.2912E+01
  0.2170E+03  0.3262E+01
  0.2180E+03  0.2836E+01
  0.2190E+03  0.2825E+01
  0.2200E+03  0.2623E+01
  0.2210E+03  0.2641E+01
  0.2220E+03  0.2687E+01
  0.2230E+03  0.2561E+01
  0.2240E+03  0.2678E+01
  0.2250E+03  0.2267E+01
  0.2260E+03  0.2363E+01
  0.2270E+03  0.2617E+01
  0.2280E+03  0.2363E+01
  0.2290E+03  0.2411E+01
  0.2300E+03  0.2093E+01
  0.2310E+03  0.2359E+01
  0.2320E+03  0.2200E+01
  0.2330E+03  0.1983E+01
  0.2340E+03  0.2389E+01
  0.2350E+03  0.2090E+01
  0.2360E+03  0.2264E+01
  0.2370E+03  0.2015E+01
  0.2380E+03  0.2105E+01
  0.2390E+03  0.2018E+01
  0.2400E+03  0.2005E+01
  0.2410E+03  0.1888E+01
  0.2420E+03  0.2133E+01
  0.2430E+03  0.1929E+01
  0.2440E+03  0.1642E+01
  0.2450E+03  0.1800E+01
  0.2460E+03  0.1802E+01
  0.2470E+03  0.1682E+01
  0.2480E+03  0.1617E+01
  0.2490E+03  0.1734E+01
  0.2500E+03  0.1786E+01
  0.2510E+03  0.1562E+01
  0.2520E+03  0.1723E+01
  0.2530E+03  0.1513E+01
  0.2540E+03  0.1716E+01
  0.2550E+03  0.1729E+01
  0.2560E+03  0.1469E+01
  0.2570E+03  0.1596E+01
  0.2580E+03  0.1362E+01
  0.2590E+03  0.1379E+01
  0.2600E+03  0.1299E+01
  0.2610E+03  0.1317E+01
  0.2620E+03  0.1595E+01
  0.2630E+03  0.1389E+01
  0.2640E+03  0.1332E+01
  0.2650E+03  0.1324E+01
  0.2660E+03  0.1201E+01
  0.2670E+03  0.1146E+01
  0.2680E+03  0.1384E+01
  0.2690E+03  0.1327E+01
  0.2700E+03  0.1193E+01
  0.2710E+03  0.1161E+01
  0.2720E+03  0.1226E+01
  0.2730E+03  0.1123E+01
  0.2740E+03  0.1113E+01
  0.2750E+03  0.1177E+01
  0.2760E+03  0.1249E+01
  0.2770E+03  0.1041E+01
  0.2780E+03  0.1066E+01
  0.2790E+03  0.9400E+00
  0.2800E+03  0.1195E+01
  0.2810E+03  0.1058E+01
  0.2820E+03  0.1132E+01
  0.2830E+03  0.1000E+01
  0.2840E+03  0.1089E+01
  0.2850E+03  0.9321E+00
  0.2860E+03  0.1075E+01
  0.2870E+03  0.1012E+01
  0.2880E+03  0.8977E+00
  0.2890E+03  0.8915E+00
  0.2900E+03  0.9585E+00
  0.2910E+03  0.8553E+00
  0.2920E+03  0.8830E+00
  0.2930E+03  0.7286E+00
  0.2940E+03  0.9371E+00
  0.2950E+03  0.8821E+00
  0.2960E+03  0.9013E+00
  0.2970E+03  0.9333E+00
  0.2980E+03  0.7601E+00
  0.2990E+03  0.8380E+00
  0.3000E+03  0.7774E+00
  0.3010E+03  0.6563E+00
  0.3020E+03  0.8184E+00
  0.3030E+03  0.8354E+00
  0.3040E+03  0.7244E+00
  0.3050E+03  0.7549E+00
  0.3060E+03  0.5566E+00
  0.3070E+03  0.7144E+00
  0.3080E+03  0.9227E+00
  0.3090E+03  0.8098E+00
  0.3100E+03  0.7955E+00
  0.3110E+03  0.6412E+00
  0.3120E+03  0.6197E+00
  0.3130E+03  0.6229E+00
  0.3140E+03  0.7150E+00
  0.3150E+03  0.6505E+00
  0.3160E+03  0.5925E+00
  0.3170E+03  0.5327E+00
  0.3180E+03  0.5670E+00
  0.3190E+03  0.5726E+00
  0.3200E+03  0.6500E+00
  0.3210E+03  0.6374E+00
  0.3220E+03  0.5069E+00
  0.3230E+03  0.5397E+00
  0.3240E+03  0.5652E+00
  0.3250E+03  0.5378E+00
  0.3260E+03  0.6679E+00
  0.3270E+03  0.6317E+00
  0.3280E+03  0.5955E+00
  0.3290E+03  0.4464E+00
  0.3300E+03  0.4278E+00
  0.3310E+03  0.4872E+00
  0.3320E+03  0.5455E+00
  0.3330E+03  0.4917E+00
  0.3340E+03  0.5688E+00
  0.3350E+03  0.4348E+00
  0.3360E+03  0.4162E+00
  0.3370E+03  0.4632E+00
  0.3380E+03  0.5015E+00
  0.3390E+03  0.5050E+00
  0.3400E+03  0.4741E+00
  0.3410E+03  0.3962E+00
  0.3420E+03  0.3661E+00
  0.3430E+03  0.4064E+00
  0.3440E+03  0.4422E+00
  0.3450E+03  0.5009E+00
  0.3460E+03  0.4378E+00
  0.3470E+03  0.3809E+00
  0.3480E+03  0.4170E+00
  0.3490E+03  0.4568E+00
  0.3500E+03  0.4634E+00
  0.3510E+03  0.4004E+00
  0.3520E+03  0.3404E+00
  0.3530E+03  0.3357E+00
  0.3540E+03  0.3370E+00
  0.3550E+03  0.3593E+00
  0.3560E+03  0.4132E+00
  0.3570E+03  0.4378E+00
  0.3580E+03  0.3878E+00
  0.3590E+03  0.3225E+00
  0.3600E+03  0.3361E+00
  0.3610E+03  0.3363E+00
  0.3620E+03  0.3440E+00
  0.3630E+03  0.3578E+00
  0.3640E+03  0.2887E+00
  0.3650E+03  0.3256E+00
  0.3660E+03  0.3386E+00
  0.3670E+03  0.3238E+00
  0.3680E+03  0.2999E+00
  0.3690E+03  0.2639E+00
  0.3700E+03  0.2863E+00
  0.3710E+03  0.2655E+00
  0.3720E+03  0.2851E+00
  0.3730E+03  0.3191E+00
  0.3740E+03  0.2561E+00
  0.3750E+03  0.2145E+00
  0.3760E+03  0.2822E+00
  0.3770E+03  0.2355E+00
  0.3780E+03  0.2448E+00
  0.3790E+03  0.3799E+00
  0.3800E+03  0.2885E+00
  0.3810E+03  0.2048E+00
  0.3820E+03  0.2889E+00
  0.3830E+03  0.2257E+00
  0.3840E+03  0.2699E+00
  0.3850E+03  0.2511E+00
  0.3860E+03  0.2365E+00
  0.3870E+03  0.2845E+00
  0.3880E+03  0.2327E+00
  0.3890E+03  0.2519E+00
  0.3900E+03  0.2385E+00
  0.3910E+03  0.2111E+00
  0.3920E+03  0.2232E+00
  0.3930E+03  0.2378E+00
  0.3940E+03  0.2132E+00
  0.3950E+03  0.2901E+00
  0.3960E+03  0.2358E+00
  0.3970E+03  0.3114E+00
  0.3980E+03  0.1673E+00
  0.3990E+03  0.1592E+00
  0.4000E+03  0.1490E+00
  0.4010E+03  0.1921E+00
  0.4020E+03  0.1907E+00
  0.4030E+03  0.1858E+00
  0.4040E+03  0.2216E+00
  0.4050E+03  0.1751E+00
  0.4060E+03  0.1480E+00
  0.4070E+03  0.1805E+00
  0.4080E+03  0.1777E+00
  0.4090E+03  0.1469E+00
  0.4100E+03  0.1528E+00
  0.4110E+03  0.1677E+00
  0.4120E+03  0.1527E+00
  0.4130E+03  0.1996E+00
  0.4140E+03  0.1336E+00
  0.4150E+03  0.1324E+00
  0.4160E+03  0.1403E+00
  0.4170E+03  0.1427E+00
  0.4180E+03  0.1388E+00
  0.4190E+03  0.1431E+00
  0.4200E+03  0.1585E+00
  0.4210E+03  0.9391E-01
  0.4220E+03  0.1581E+00
  0.4230E+03  0.9703E-01
  0.4240E+03  0.6146E-01
  0.4250E+03  0.8945E-01
  0.4260E+03  0.1094E+00
  0.4270E+03  0.1203E+00
  0.4280E+03  0.8300E-01
  0.4290E+03  0.1225E+00
  0.4300E+03  0.1327E+00
  0.4310E+03  0.1029E+00
  0.4320E+03  0.9332E-01
  0.4330E+03  0.1139E+00
  0.4340E+03  0.1261E+00
  0.4350E+03  0.1060E+00
  0.4360E+03  0.9227E-01
  0.4370E+03  0.1257E+00
  0.4380E+03  0.7797E-01
  0.4390E+03  0.8381E-01
  0.4400E+03  0.5323E-01
  0.4410E+03  0.1462E+00
  0.4420E+03  0.7442E-01
  0.4430E+03  0.9959E-01
  0.4440E+03  0.7905E-01
  0.4450E+03  0.5688E-01
  0.4460E+03  0.1289E+00
  0.4470E+03  0.8026E-01
  0.4480E+03  0.1074E+00
  0.4490E+03  0.6409E-01
  0.4500E+03  0.8889E-01
  0.4510E+03  0.4724E-01
  0.4520E+03  0.1400E+00
  0.4530E+03  0.9207E-01
  0.4540E+03  0.7193E-01
  0.4550E+03  0.5708E-01
  0.4560E+03  0.4826E-01
  0.4570E+03  0.8951E-01
  0.4580E+03  0.9421E-01
  0.4590E+03  0.3977E-01
  0.4600E+03  0.9761E-01
  0.4610E+03  0.6481E-01
  0.4620E+03  0.2580E-01
  0.4630E+03  0.5785E-01
  0.4640E+03  0.3956E-01
  0.4650E+03  0.4539E-01
  0.4660E+03  0.1102E+00
  0.4670E+03  0.6054E-01
  0.4680E+03  0.4547E-01
  0.4690E+03  0.4177E-01
  0.4700E+03  0.8027E-01
  0.4710E+03  0.5883E-01
  0.4720E+03  0.6160E-01
  0.4730E+03  0.5740E-01
  0.4740E+03  0.3662E-01
  0.4750E+03  0.2883E-01
  0.4760E+03  0.7477E-01
  0.4770E+03  0.7085E-01
  0.4780E+03  0.4078E-01
  0.4790E+03  0.3387E-01
  0.4800E+03  0.4648E-01
  0.4810E+03  0.6058E-01
  0.4820E+03  0.4416E-01
  0.4830E+03  0.4080E-01
  0.4840E+03  0.4249E-01
  0.4850E+03  0.5824E-01
  0.4860E+03  0.8425E-02
  0.4870E+03  0.1864E-01
  0.4880E+03  0.1226E-01
  0.4890E+03  0.2152E-01
  0.4900E+03  0.3115E-01
  0.4910E+03  0.2326E-01
  0.4920E+03  0.3706E-01
  0.4930E+03  0.1675E-01
  0.4940E+03  0.1028E-01
  0.4950E+03  0.1872E-01
  0.4960E+03  0.9724E-02
  0.4970E+03  0.6459E-01
  0.4980E+03  0.3273E-01
  0.4990E+03  0.2652E-01
  0.5000E+03  0.7644E-01
  0.5010E+03  0.0000E+00
  0.5020E+03  0.2431E-01
  0.5030E+03  0.2724E-01
  0.5040E+03  0.4974E-01
  0.5050E+03  0.8569E-02
  0.5060E+03  0.5308E-01
  0.5070E+03  0.3743E-01
  0.5080E+03  0.4522E-02
  0.5090E+03  0.1594E-01
  0.5100E+03  0.3520E-01
  0.5110E+03  0.0000E+00
  0.5120E+03  0.0000E+00
