  0.1000E+01  0.1283E+01
  0.2000E+01  0.1387E+01
  0.3000E+01  0.1388E+01
  0.4000E+01  0.1392E+01
  0.5000E+01  0.1390E+01
  0.6000E+01  0.1339E+01
  0.7000E+01  0.1278E+01
  0.8000E+01  0.1208E+01
  0.9000E+01  0.1186E+01
  0.1000E+02  0.1118E+01
  0.1100E+02  0.1098E+01
  0.1200E+02  0.1027E+01
  0.1300E+02  0.9730E+00
  0.1400E+02  0.9188E+00
  0.1500E+02  0.8460E+00
  0.1600E+02  0.8200E+00
  0.1700E+02  0.7343E+00
  0.1800E+02  0.7081E+00
  0.1900E+02  0.6514E+00
  0.2000E+02  0.6248E+00
  0.2100E+02  0.5763E+00
  0.2200E+02  0.5345E+00
  0.2300E+02  0.5019E+00
  0.2400E+02  0.4674E+00
  0.2500E+02  0.4484E+00
  0.2600E+02  0.3978E+00
  0.2700E+02  0.3822E+00
  0.2800E+02  0.3507E+00
  0.2900E+02  0.3273E+00
  0.3000E+02  0.2995E+00
  0.3100E+02  0.2940E+00
  0.3200E+02  0.2719E+00
  0.3300E+02  0.2483E+00
  0.3400E+02  0.2230E+00
  0.3500E+02  0.2137E+00
  0.3600E+02  0.2127E+00
  0.3700E+02  0.1907E+00
  0.3800E+02  0.1793E+00
  0.3900E+02  0.1830E+00
  0.4000E+02  0.1799E+00
  0.4100E+02  0.1858E+00
  0.4200E+02  0.1789E+00
  0.4300E+02  0.1836E+00
  0.4400E+02  0.1950E+00
  0.4500E+02  0.2208E+00
  0.4600E+02  0.2294E+00
  0.4700E+02  0.2376E+00
  0.4800E+02  0.2682E+00
  0.4900E+02  0.2981E+00
  0.5000E+02  0.3378E+00
  0.5100E+02  0.3587E+00
  0.5200E+02  0.3988E+00
  0.5300E+02  0.4409E+00
  0.5400E+02  0.4685E+00
  0.5500E+02  0.5237E+00
  0.5600E+02  0.5413E+00
  0.5700E+02  0.6141E+00
  0.5800E+02  0.6514E+00
  0.5900E+02  0.7012E+00
  0.6000E+02  0.7047E+00
  0.6100E+02  0.7519E+00
  0.6200E+02  0.7901E+00
  0.6300E+02  0.8149E+00
  0.6400E+02  0.8517E+00
  0.6500E+02  0.9082E+00
  0.6600E+02  0.9057E+00
  0.6700E+02  0.9468E+00
  0.6800E+02  0.9399E+00
  0.6900E+02  0.9992E+00
  0.7000E+02  0.1005E+01
  0.7100E+02  0.1033E+01
  0.7200E+02  0.1057E+01
  0.7300E+02  0.1090E+01
  0.7400E+02  0.1091E+01
  0.7500E+02  0.1094E+01
  0.7600E+02  0.1132E+01
  0.7700E+02  0.1155E+01
  0.7800E+02  0.1164E+01
  0.7900E+02  0.1214E+01
  0.8000E+02  0.1252E+01
  0.8100E+02  0.1312E+01
  0.8200E+02  0.1342E+01
  0.8300E+02  0.1393E+01
  0.8400E+02  0.1444E+01
  0.8500E+02  0.1498E+01
  0.8600E+02  0.1551E+01
  0.8700E+02  0.1631E+01
  0.8800E+02  0.1736E+01
  0.8900E+02  0.1842E+01
  0.9000E+02  0.1944E+01
  0.9100E+02  0.2112E+01
  0.9200E+02  0.2290E+01
  0.9300E+02  0.2459E+01
  0.9400E+02  0.2695E+01
  0.9500E+02  0.2937E+01
  0.9600E+02  0.3175E+01
  0.9700E+02  0.3466E+01
  0.9800E+02  0.3698E+01
  0.9900E+02  0.3837E+01
  0.1000E+03  0.3993E+01
  0.1010E+03  0.4145E+01
  0.1020E+03  0.4146E+01
  0.1030E+03  0.4148E+01
  0.1040E+03  0.4017E+01
  0.1050E+03  0.3922E+01
  0.1060E+03  0.3777E+01
  0.1070E+03  0.3581E+01
  0.1080E+03  0.3324E+01
  0.1090E+03  0.3147E+01
  0.1100E+03  0.2870E+01
  0.1110E+03  0.2598E+01
  0.1120E+03  0.2438E+01
  0.1130E+03  0.2192E+01
  0.1140E+03  0.2006E+01
  0.1150E+03  0.1802E+01
  0.1160E+03  0.1593E+01
  0.1170E+03  0.1442E+01
  0.1180E+03  0.1311E+01
  0.1190E+03  0.1199E+01
  0.1200E+03  0.1088E+01
  0.1210E+03  0.9710E+00
  0.1220E+03  0.9462E+00
  0.1230E+03  0.8296E+00
  0.1240E+03  0.8079E+00
  0.1250E+03  0.7687E+00
  0.1260E+03  0.7746E+00
  0.1270E+03  0.7349E+00
  0.1280E+03  0.6947E+00
  0.1290E+03  0.6918E+00
  0.1300E+03  0.6552E+00
  0.1310E+03  0.6332E+00
  0.1320E+03  0.5975E+00
  0.1330E+03  0.5405E+00
  0.1340E+03  0.5092E+00
  0.1350E+03  0.4660E+00
  0.1360E+03  0.4295E+00
  0.1370E+03  0.3744E+00
  0.1380E+03  0.3415E+00
  0.1390E+03  0.3107E+00
  0.1400E+03  0.2734E+00
  0.1410E+03  0.2417E+00
  0.1420E+03  0.2257E+00
  0.1430E+03  0.2154E+00
  0.1440E+03  0.1978E+00
  0.1450E+03  0.1964E+00
  0.1460E+03  0.1794E+00
  0.1470E+03  0.1675E+00
  0.1480E+03  0.1691E+00
  0.1490E+03  0.1603E+00
  0.1500E+03  0.1638E+00
  0.1510E+03  0.1546E+00
  0.1520E+03  0.1529E+00
  0.1530E+03  0.1591E+00
  0.1540E+03  0.1506E+00
  0.1550E+03  0.1424E+00
  0.1560E+03  0.1467E+00
  0.1570E+03  0.1468E+00
  0.1580E+03  0.1497E+00
  0.1590E+03  0.1393E+00
  0.1600E+03  0.1466E+00
  0.1610E+03  0.1550E+00
  0.1620E+03  0.1578E+00
  0.1630E+03  0.1506E+00
  0.1640E+03  0.1468E+00
  0.1650E+03  0.1485E+00
  0.1660E+03  0.1578E+00
  0.1670E+03  0.1670E+00
  0.1680E+03  0.1570E+00
  0.1690E+03  0.1786E+00
  0.1700E+03  0.1652E+00
  0.1710E+03  0.1681E+00
  0.1720E+03  0.1797E+00
  0.1730E+03  0.1787E+00
  0.1740E+03  0.1888E+00
  0.1750E+03  0.1825E+00
  0.1760E+03  0.1840E+00
  0.1770E+03  0.1795E+00
  0.1780E+03  0.1850E+00
  0.1790E+03  0.1769E+00
  0.1800E+03  0.1735E+00
  0.1810E+03  0.1873E+00
  0.1820E+03  0.1787E+00
  0.1830E+03  0.1823E+00
  0.1840E+03  0.1785E+00
  0.1850E+03  0.1721E+00
  0.1860E+03  0.1676E+00
  0.1870E+03  0.1729E+00
  0.1880E+03  0.1702E+00
  0.1890E+03  0.1750E+00
  0.1900E+03  0.1604E+00
  0.1910E+03  0.1594E+00
  0.1920E+03  0.1667E+00
  0.1930E+03  0.1493E+00
  0.1940E+03  0.1589E+00
  0.1950E+03  0.1451E+00
  0.1960E+03  0.1515E+00
  0.1970E+03  0.1492E+00
  0.1980E+03  0.1400E+00
  0.1990E+03  0.1350E+00
  0.2000E+03  0.1311E+00
  0.2010E+03  0.1339E+00
  0.2020E+03  0.1323E+00
  0.2030E+03  0.1285E+00
  0.2040E+03  0.1219E+00
  0.2050E+03  0.1268E+00
  0.2060E+03  0.1200E+00
  0.2070E+03  0.1178E+00
  0.2080E+03  0.1176E+00
  0.2090E+03  0.1154E+00
  0.2100E+03  0.1113E+00
  0.2110E+03  0.1000E+00
  0.2120E+03  0.1087E+00
  0.2130E+03  0.1036E+00
  0.2140E+03  0.1020E+00
  0.2150E+03  0.1072E+00
  0.2160E+03  0.9648E-01
  0.2170E+03  0.9921E-01
  0.2180E+03  0.9334E-01
  0.2190E+03  0.9809E-01
  0.2200E+03  0.8988E-01
  0.2210E+03  0.9278E-01
  0.2220E+03  0.8506E-01
  0.2230E+03  0.8363E-01
  0.2240E+03  0.8429E-01
  0.2250E+03  0.7787E-01
  0.2260E+03  0.8470E-01
  0.2270E+03  0.8096E-01
  0.2280E+03  0.7754E-01
  0.2290E+03  0.7558E-01
  0.2300E+03  0.7612E-01
  0.2310E+03  0.7125E-01
  0.2320E+03  0.7173E-01
  0.2330E+03  0.6803E-01
  0.2340E+03  0.6682E-01
  0.2350E+03  0.6147E-01
  0.2360E+03  0.6357E-01
  0.2370E+03  0.5731E-01
  0.2380E+03  0.5713E-01
  0.2390E+03  0.5945E-01
  0.2400E+03  0.5915E-01
  0.2410E+03  0.5488E-01
  0.2420E+03  0.4981E-01
  0.2430E+03  0.4857E-01
  0.2440E+03  0.5607E-01
  0.2450E+03  0.5084E-01
  0.2460E+03  0.4724E-01
  0.2470E+03  0.4468E-01
  0.2480E+03  0.4097E-01
  0.2490E+03  0.4273E-01
  0.2500E+03  0.3794E-01
  0.2510E+03  0.4130E-01
  0.2520E+03  0.4024E-01
  0.2530E+03  0.3584E-01
  0.2540E+03  0.3302E-01
  0.2550E+03  0.3610E-01
  0.2560E+03  0.4108E-01
  0.2570E+03  0.3032E-01
  0.2580E+03  0.3411E-01
  0.2590E+03  0.2803E-01
  0.2600E+03  0.3307E-01
  0.2610E+03  0.3608E-01
  0.2620E+03  0.2895E-01
  0.2630E+03  0.3043E-01
  0.2640E+03  0.2816E-01
  0.2650E+03  0.2654E-01
  0.2660E+03  0.2826E-01
  0.2670E+03  0.2902E-01
  0.2680E+03  0.2265E-01
  0.2690E+03  0.2822E-01
  0.2700E+03  0.2588E-01
  0.2710E+03  0.2453E-01
  0.2720E+03  0.2631E-01
  0.2730E+03  0.2538E-01
  0.2740E+03  0.2464E-01
  0.2750E+03  0.2198E-01
  0.2760E+03  0.2292E-01
  0.2770E+03  0.2056E-01
  0.2780E+03  0.2165E-01
  0.2790E+03  0.2300E-01
  0.2800E+03  0.2381E-01
  0.2810E+03  0.1870E-01
  0.2820E+03  0.1993E-01
  0.2830E+03  0.2006E-01
  0.2840E+03  0.1963E-01
  0.2850E+03  0.1690E-01
  0.2860E+03  0.2265E-01
  0.2870E+03  0.2040E-01
  0.2880E+03  0.2138E-01
  0.2890E+03  0.1869E-01
  0.2900E+03  0.2065E-01
  0.2910E+03  0.1957E-01
  0.2920E+03  0.1878E-01
  0.2930E+03  0.1928E-01
  0.2940E+03  0.2191E-01
  0.2950E+03  0.2048E-01
  0.2960E+03  0.1787E-01
  0.2970E+03  0.1904E-01
  0.2980E+03  0.1784E-01
  0.2990E+03  0.2064E-01
  0.3000E+03  0.1838E-01
  0.3010E+03  0.1680E-01
  0.3020E+03  0.1648E-01
  0.3030E+03  0.2009E-01
  0.3040E+03  0.1846E-01
  0.3050E+03  0.1941E-01
  0.3060E+03  0.1589E-01
  0.3070E+03  0.1621E-01
  0.3080E+03  0.1682E-01
  0.3090E+03  0.2147E-01
  0.3100E+03  0.1986E-01
  0.3110E+03  0.1616E-01
  0.3120E+03  0.1728E-01
  0.3130E+03  0.1547E-01
  0.3140E+03  0.1626E-01
  0.3150E+03  0.1504E-01
  0.3160E+03  0.1820E-01
  0.3170E+03  0.1906E-01
  0.3180E+03  0.1636E-01
  0.3190E+03  0.1807E-01
  0.3200E+03  0.1816E-01
  0.3210E+03  0.1763E-01
  0.3220E+03  0.1917E-01
  0.3230E+03  0.1540E-01
  0.3240E+03  0.1613E-01
  0.3250E+03  0.1582E-01
  0.3260E+03  0.1621E-01
  0.3270E+03  0.1480E-01
  0.3280E+03  0.1759E-01
  0.3290E+03  0.1454E-01
  0.3300E+03  0.1506E-01
  0.3310E+03  0.1787E-01
  0.3320E+03  0.1746E-01
  0.3330E+03  0.1408E-01
  0.3340E+03  0.1475E-01
  0.3350E+03  0.1383E-01
  0.3360E+03  0.1293E-01
  0.3370E+03  0.1612E-01
  0.3380E+03  0.1636E-01
  0.3390E+03  0.1578E-01
  0.3400E+03  0.1238E-01
  0.3410E+03  0.1171E-01
  0.3420E+03  0.1290E-01
  0.3430E+03  0.1098E-01
  0.3440E+03  0.1112E-01
  0.3450E+03  0.1476E-01
  0.3460E+03  0.1366E-01
  0.3470E+03  0.1400E-01
  0.3480E+03  0.1388E-01
  0.3490E+03  0.1263E-01
  0.3500E+03  0.1368E-01
  0.3510E+03  0.1245E-01
  0.3520E+03  0.1537E-01
  0.3530E+03  0.1470E-01
  0.3540E+03  0.1205E-01
  0.3550E+03  0.1207E-01
  0.3560E+03  0.1280E-01
  0.3570E+03  0.1219E-01
  0.3580E+03  0.1147E-01
  0.3590E+03  0.1361E-01
  0.3600E+03  0.1068E-01
  0.3610E+03  0.1318E-01
  0.3620E+03  0.1300E-01
  0.3630E+03  0.1205E-01
  0.3640E+03  0.1214E-01
  0.3650E+03  0.1143E-01
  0.3660E+03  0.1137E-01
  0.3670E+03  0.1216E-01
  0.3680E+03  0.1177E-01
  0.3690E+03  0.1398E-01
  0.3700E+03  0.1177E-01
  0.3710E+03  0.1205E-01
  0.3720E+03  0.1300E-01
  0.3730E+03  0.1008E-01
  0.3740E+03  0.1150E-01
  0.3750E+03  0.1070E-01
  0.3760E+03  0.1141E-01
  0.3770E+03  0.1338E-01
  0.3780E+03  0.1108E-01
  0.3790E+03  0.9153E-02
  0.3800E+03  0.1064E-01
  0.3810E+03  0.1053E-01
  0.3820E+03  0.8790E-02
  0.3830E+03  0.1026E-01
  0.3840E+03  0.9589E-02
  0.3850E+03  0.9658E-02
  0.3860E+03  0.8419E-02
  0.3870E+03  0.9686E-02
  0.3880E+03  0.1262E-01
  0.3890E+03  0.1238E-01
  0.3900E+03  0.8204E-02
  0.3910E+03  0.1313E-01
  0.3920E+03  0.6262E-02
  0.3930E+03  0.1106E-01
  0.3940E+03  0.8837E-02
  0.3950E+03  0.8781E-02
  0.3960E+03  0.1064E-01
  0.3970E+03  0.7988E-02
  0.3980E+03  0.1025E-01
  0.3990E+03  0.8756E-02
  0.4000E+03  0.1118E-01
  0.4010E+03  0.8041E-02
  0.4020E+03  0.7932E-02
  0.4030E+03  0.7926E-02
  0.4040E+03  0.8110E-02
  0.4050E+03  0.6888E-02
  0.4060E+03  0.7721E-02
  0.4070E+03  0.8171E-02
  0.4080E+03  0.9616E-02
  0.4090E+03  0.1134E-01
  0.4100E+03  0.7202E-02
  0.4110E+03  0.5966E-02
  0.4120E+03  0.7972E-02
  0.4130E+03  0.9106E-02
  0.4140E+03  0.8847E-02
  0.4150E+03  0.7557E-02
  0.4160E+03  0.4653E-02
  0.4170E+03  0.7939E-02
  0.4180E+03  0.9409E-02
  0.4190E+03  0.5859E-02
  0.4200E+03  0.7487E-02
  0.4210E+03  0.7164E-02
  0.4220E+03  0.8758E-02
  0.4230E+03  0.6367E-02
  0.4240E+03  0.6932E-02
  0.4250E+03  0.6929E-02
  0.4260E+03  0.5870E-02
  0.4270E+03  0.4893E-02
  0.4280E+03  0.4782E-02
  0.4290E+03  0.4659E-02
  0.4300E+03  0.5418E-02
  0.4310E+03  0.6069E-02
  0.4320E+03  0.7240E-02
  0.4330E+03  0.7125E-02
  0.4340E+03  0.6633E-02
  0.4350E+03  0.5953E-02
  0.4360E+03  0.6435E-02
  0.4370E+03  0.5263E-02
  0.4380E+03  0.5714E-02
  0.4390E+03  0.5292E-02
  0.4400E+03  0.5090E-02
  0.4410E+03  0.4705E-02
  0.4420E+03  0.5093E-02
  0.4430E+03  0.4888E-02
  0.4440E+03  0.5338E-02
  0.4450E+03  0.7224E-02
  0.4460E+03  0.5088E-02
  0.4470E+03  0.5834E-02
  0.4480E+03  0.4459E-02
  0.4490E+03  0.4136E-02
  0.4500E+03  0.4518E-02
  0.4510E+03  0.3813E-02
  0.4520E+03  0.4788E-02
  0.4530E+03  0.3373E-02
  0.4540E+03  0.5242E-02
  0.4550E+03  0.5754E-02
  0.4560E+03  0.4022E-02
  0.4570E+03  0.3349E-02
  0.4580E+03  0.2858E-02
  0.4590E+03  0.5643E-02
  0.4600E+03  0.3480E-02
  0.4610E+03  0.5908E-02
  0.4620E+03  0.6287E-02
  0.4630E+03  0.4352E-02
  0.4640E+03  0.5769E-02
  0.4650E+03  0.4641E-02
  0.4660E+03  0.2094E-02
  0.4670E+03  0.3749E-02
  0.4680E+03  0.7280E-02
  0.4690E+03  0.3163E-02
  0.4700E+03  0.7091E-02
  0.4710E+03  0.3218E-02
  0.4720E+03  0.3815E-02
  0.4730E+03  0.4909E-02
  0.4740E+03  0.3835E-02
  0.4750E+03  0.3620E-02
  0.4760E+03  0.3965E-02
  0.4770E+03  0.4732E-02
  0.4780E+03  0.4866E-02
  0.4790E+03  0.3811E-02
  0.4800E+03  0.4965E-02
  0.4810E+03  0.3437E-02
  0.4820E+03  0.5176E-02
  0.4830E+03  0.3387E-02
  0.4840E+03  0.5432E-02
  0.4850E+03  0.3627E-02
  0.4860E+03  0.4277E-02
  0.4870E+03  0.4004E-02
  0.4880E+03  0.3725E-02
  0.4890E+03  0.4396E-02
  0.4900E+03  0.3732E-02
  0.4910E+03  0.3542E-02
  0.4920E+03  0.3473E-02
  0.4930E+03  0.3200E-02
  0.4940E+03  0.5276E-02
  0.4950E+03  0.4344E-02
  0.4960E+03  0.3457E-02
  0.4970E+03  0.2982E-02
  0.4980E+03  0.5406E-02
  0.4990E+03  0.3153E-02
  0.5000E+03  0.2551E-02
  0.5010E+03  0.3453E-02
  0.5020E+03  0.2127E-02
  0.5030E+03  0.4297E-02
  0.5040E+03  0.2761E-02
  0.5050E+03  0.3638E-02
  0.5060E+03  0.3127E-02
  0.5070E+03  0.2734E-02
  0.5080E+03  0.2371E-02
  0.5090E+03  0.1722E-02
  0.5100E+03  0.3011E-02
  0.5110E+03  0.0000E+00
  0.5120E+03  0.0000E+00
