  0.1000E+01  0.3226E+00
  0.2000E+01  0.8088E+00
  0.3000E+01  0.4903E+00
  0.4000E+01  0.2217E+00
  0.5000E+01  0.1852E+00
  0.6000E+01  0.1707E+00
  0.7000E+01  0.1695E+00
  0.8000E+01  0.1704E+00
  0.9000E+01  0.1726E+00
  0.1000E+02  0.1932E+00
  0.1100E+02  0.2188E+00
  0.1200E+02  0.2409E+00
  0.1300E+02  0.2751E+00
  0.1400E+02  0.3164E+00
  0.1500E+02  0.3427E+00
  0.1600E+02  0.3852E+00
  0.1700E+02  0.4642E+00
  0.1800E+02  0.6669E+00
  0.1900E+02  0.1372E+01
  0.2000E+02  0.3299E+01
  0.2100E+02  0.7718E+01
  0.2200E+02  0.1618E+02
  0.2300E+02  0.2933E+02
  0.2400E+02  0.4582E+02
  0.2500E+02  0.6146E+02
  0.2600E+02  0.7090E+02
  0.2700E+02  0.7090E+02
  0.2800E+02  0.6204E+02
  0.2900E+02  0.4889E+02
  0.3000E+02  0.3535E+02
  0.3100E+02  0.2455E+02
  0.3200E+02  0.1627E+02
  0.3300E+02  0.1036E+02
  0.3400E+02  0.6227E+01
  0.3500E+02  0.3810E+01
  0.3600E+02  0.2603E+01
  0.3700E+02  0.2129E+01
  0.3800E+02  0.1984E+01
  0.3900E+02  0.2029E+01
  0.4000E+02  0.2087E+01
  0.4100E+02  0.2144E+01
  0.4200E+02  0.2194E+01
  0.4300E+02  0.2236E+01
  0.4400E+02  0.2325E+01
  0.4500E+02  0.2402E+01
  0.4600E+02  0.2466E+01
  0.4700E+02  0.2541E+01
  0.4800E+02  0.2650E+01
  0.4900E+02  0.2780E+01
  0.5000E+02  0.2917E+01
  0.5100E+02  0.3148E+01
  0.5200E+02  0.3399E+01
  0.5300E+02  0.3758E+01
  0.5400E+02  0.4189E+01
  0.5500E+02  0.4657E+01
  0.5600E+02  0.5238E+01
  0.5700E+02  0.5851E+01
  0.5800E+02  0.6571E+01
  0.5900E+02  0.7339E+01
  0.6000E+02  0.8117E+01
  0.6100E+02  0.8933E+01
  0.6200E+02  0.9810E+01
  0.6300E+02  0.1069E+02
  0.6400E+02  0.1162E+02
  0.6500E+02  0.1266E+02
  0.6600E+02  0.1367E+02
  0.6700E+02  0.1473E+02
  0.6800E+02  0.1586E+02
  0.6900E+02  0.1696E+02
  0.7000E+02  0.1815E+02
  0.7100E+02  0.1930E+02
  0.7200E+02  0.2039E+02
  0.7300E+02  0.2148E+02
  0.7400E+02  0.2236E+02
  0.7500E+02  0.2327E+02
  0.7600E+02  0.2403E+02
  0.7700E+02  0.2466E+02
  0.7800E+02  0.2520E+02
  0.7900E+02  0.2557E+02
  0.8000E+02  0.2588E+02
  0.8100E+02  0.2626E+02
  0.8200E+02  0.2639E+02
  0.8300E+02  0.2665E+02
  0.8400E+02  0.2684E+02
  0.8500E+02  0.2702E+02
  0.8600E+02  0.2724E+02
  0.8700E+02  0.2748E+02
  0.8800E+02  0.2789E+02
  0.8900E+02  0.2826E+02
  0.9000E+02  0.2871E+02
  0.9100E+02  0.2938E+02
  0.9200E+02  0.3017E+02
  0.9300E+02  0.3101E+02
  0.9400E+02  0.3211E+02
  0.9500E+02  0.3325E+02
  0.9600E+02  0.3442E+02
  0.9700E+02  0.3562E+02
  0.9800E+02  0.3668E+02
  0.9900E+02  0.3777E+02
  0.1000E+03  0.3848E+02
  0.1010E+03  0.3890E+02
  0.1020E+03  0.3918E+02
  0.1030E+03  0.3927E+02
  0.1040E+03  0.3893E+02
  0.1050E+03  0.3853E+02
  0.1060E+03  0.3796E+02
  0.1070E+03  0.3727E+02
  0.1080E+03  0.3649E+02
  0.1090E+03  0.3574E+02
  0.1100E+03  0.3488E+02
  0.1110E+03  0.3417E+02
  0.1120E+03  0.3336E+02
  0.1130E+03  0.3285E+02
  0.1140E+03  0.3223E+02
  0.1150E+03  0.3162E+02
  0.1160E+03  0.3120E+02
  0.1170E+03  0.3076E+02
  0.1180E+03  0.3028E+02
  0.1190E+03  0.2995E+02
  0.1200E+03  0.2957E+02
  0.1210E+03  0.2925E+02
  0.1220E+03  0.2914E+02
  0.1230E+03  0.2880E+02
  0.1240E+03  0.2859E+02
  0.1250E+03  0.2839E+02
  0.1260E+03  0.2823E+02
  0.1270E+03  0.2818E+02
  0.1280E+03  0.2814E+02
  0.1290E+03  0.2792E+02
  0.1300E+03  0.2779E+02
  0.1310E+03  0.2777E+02
  0.1320E+03  0.2779E+02
  0.1330E+03  0.2774E+02
  0.1340E+03  0.2764E+02
  0.1350E+03  0.2773E+02
  0.1360E+03  0.2790E+02
  0.1370E+03  0.2787E+02
  0.1380E+03  0.2801E+02
  0.1390E+03  0.2799E+02
  0.1400E+03  0.2811E+02
  0.1410E+03  0.2817E+02
  0.1420E+03  0.2820E+02
  0.1430E+03  0.2826E+02
  0.1440E+03  0.2821E+02
  0.1450E+03  0.2815E+02
  0.1460E+03  0.2807E+02
  0.1470E+03  0.2781E+02
  0.1480E+03  0.2757E+02
  0.1490E+03  0.2731E+02
  0.1500E+03  0.2676E+02
  0.1510E+03  0.2614E+02
  0.1520E+03  0.2536E+02
  0.1530E+03  0.2417E+02
  0.1540E+03  0.2307E+02
  0.1550E+03  0.2191E+02
  0.1560E+03  0.2030E+02
  0.1570E+03  0.1876E+02
  0.1580E+03  0.1717E+02
  0.1590E+03  0.1538E+02
  0.1600E+03  0.1369E+02
  0.1610E+03  0.1202E+02
  0.1620E+03  0.1044E+02
  0.1630E+03  0.8881E+01
  0.1640E+03  0.7394E+01
  0.1650E+03  0.6234E+01
  0.1660E+03  0.5034E+01
  0.1670E+03  0.3996E+01
  0.1680E+03  0.3196E+01
  0.1690E+03  0.2533E+01
  0.1700E+03  0.1967E+01
  0.1710E+03  0.1501E+01
  0.1720E+03  0.1177E+01
  0.1730E+03  0.9444E+00
  0.1740E+03  0.7186E+00
  0.1750E+03  0.5679E+00
  0.1760E+03  0.5008E+00
  0.1770E+03  0.4137E+00
  0.1780E+03  0.3641E+00
  0.1790E+03  0.3212E+00
  0.1800E+03  0.3013E+00
  0.1810E+03  0.2904E+00
  0.1820E+03  0.2698E+00
  0.1830E+03  0.2669E+00
  0.1840E+03  0.2668E+00
  0.1850E+03  0.2583E+00
  0.1860E+03  0.2450E+00
  0.1870E+03  0.2500E+00
  0.1880E+03  0.2485E+00
  0.1890E+03  0.2402E+00
  0.1900E+03  0.2329E+00
  0.1910E+03  0.2375E+00
  0.1920E+03  0.2314E+00
  0.1930E+03  0.2347E+00
  0.1940E+03  0.2274E+00
  0.1950E+03  0.2193E+00
  0.1960E+03  0.2166E+00
  0.1970E+03  0.2098E+00
  0.1980E+03  0.2024E+00
  0.1990E+03  0.2040E+00
  0.2000E+03  0.2070E+00
  0.2010E+03  0.2036E+00
  0.2020E+03  0.1997E+00
  0.2030E+03  0.1960E+00
  0.2040E+03  0.2013E+00
  0.2050E+03  0.1886E+00
  0.2060E+03  0.1858E+00
  0.2070E+03  0.1809E+00
  0.2080E+03  0.1806E+00
  0.2090E+03  0.1786E+00
  0.2100E+03  0.1769E+00
  0.2110E+03  0.1741E+00
  0.2120E+03  0.1688E+00
  0.2130E+03  0.1699E+00
  0.2140E+03  0.1714E+00
  0.2150E+03  0.1663E+00
  0.2160E+03  0.1607E+00
  0.2170E+03  0.1573E+00
  0.2180E+03  0.1567E+00
  0.2190E+03  0.1616E+00
  0.2200E+03  0.1514E+00
  0.2210E+03  0.1511E+00
  0.2220E+03  0.1536E+00
  0.2230E+03  0.1529E+00
  0.2240E+03  0.1501E+00
  0.2250E+03  0.1524E+00
  0.2260E+03  0.1498E+00
  0.2270E+03  0.1479E+00
  0.2280E+03  0.1457E+00
  0.2290E+03  0.1421E+00
  0.2300E+03  0.1356E+00
  0.2310E+03  0.1372E+00
  0.2320E+03  0.1361E+00
  0.2330E+03  0.1384E+00
  0.2340E+03  0.1335E+00
  0.2350E+03  0.1331E+00
  0.2360E+03  0.1345E+00
  0.2370E+03  0.1269E+00
  0.2380E+03  0.1310E+00
  0.2390E+03  0.1275E+00
  0.2400E+03  0.1259E+00
  0.2410E+03  0.1242E+00
  0.2420E+03  0.1280E+00
  0.2430E+03  0.1207E+00
  0.2440E+03  0.1226E+00
  0.2450E+03  0.1172E+00
  0.2460E+03  0.1111E+00
  0.2470E+03  0.1117E+00
  0.2480E+03  0.1144E+00
  0.2490E+03  0.1125E+00
  0.2500E+03  0.1156E+00
  0.2510E+03  0.1075E+00
  0.2520E+03  0.1070E+00
  0.2530E+03  0.1100E+00
  0.2540E+03  0.1054E+00
  0.2550E+03  0.1075E+00
  0.2560E+03  0.1024E+00
  0.2570E+03  0.1019E+00
  0.2580E+03  0.1013E+00
  0.2590E+03  0.1049E+00
  0.2600E+03  0.1047E+00
  0.2610E+03  0.1006E+00
  0.2620E+03  0.9779E-01
  0.2630E+03  0.9006E-01
  0.2640E+03  0.9795E-01
  0.2650E+03  0.9353E-01
  0.2660E+03  0.9616E-01
  0.2670E+03  0.9499E-01
  0.2680E+03  0.9080E-01
  0.2690E+03  0.8831E-01
  0.2700E+03  0.9200E-01
  0.2710E+03  0.9299E-01
  0.2720E+03  0.8711E-01
  0.2730E+03  0.9219E-01
  0.2740E+03  0.8536E-01
  0.2750E+03  0.9135E-01
  0.2760E+03  0.8419E-01
  0.2770E+03  0.9187E-01
  0.2780E+03  0.8376E-01
  0.2790E+03  0.8333E-01
  0.2800E+03  0.8677E-01
  0.2810E+03  0.8522E-01
  0.2820E+03  0.9192E-01
  0.2830E+03  0.7834E-01
  0.2840E+03  0.8016E-01
  0.2850E+03  0.7717E-01
  0.2860E+03  0.7532E-01
  0.2870E+03  0.8070E-01
  0.2880E+03  0.7663E-01
  0.2890E+03  0.7939E-01
  0.2900E+03  0.7676E-01
  0.2910E+03  0.7514E-01
  0.2920E+03  0.7446E-01
  0.2930E+03  0.7801E-01
  0.2940E+03  0.7176E-01
  0.2950E+03  0.7325E-01
  0.2960E+03  0.7265E-01
  0.2970E+03  0.7324E-01
  0.2980E+03  0.7376E-01
  0.2990E+03  0.6928E-01
  0.3000E+03  0.6665E-01
  0.3010E+03  0.7177E-01
  0.3020E+03  0.6361E-01
  0.3030E+03  0.6790E-01
  0.3040E+03  0.6814E-01
  0.3050E+03  0.6616E-01
  0.3060E+03  0.6200E-01
  0.3070E+03  0.6139E-01
  0.3080E+03  0.5925E-01
  0.3090E+03  0.6988E-01
  0.3100E+03  0.6530E-01
  0.3110E+03  0.7014E-01
  0.3120E+03  0.6471E-01
  0.3130E+03  0.6584E-01
  0.3140E+03  0.6112E-01
  0.3150E+03  0.6523E-01
  0.3160E+03  0.5987E-01
  0.3170E+03  0.6325E-01
  0.3180E+03  0.6023E-01
  0.3190E+03  0.5684E-01
  0.3200E+03  0.5642E-01
  0.3210E+03  0.5765E-01
  0.3220E+03  0.5564E-01
  0.3230E+03  0.5519E-01
  0.3240E+03  0.5772E-01
  0.3250E+03  0.6185E-01
  0.3260E+03  0.5126E-01
  0.3270E+03  0.5667E-01
  0.3280E+03  0.5754E-01
  0.3290E+03  0.5915E-01
  0.3300E+03  0.5806E-01
  0.3310E+03  0.5015E-01
  0.3320E+03  0.5614E-01
  0.3330E+03  0.5859E-01
  0.3340E+03  0.5059E-01
  0.3350E+03  0.5732E-01
  0.3360E+03  0.5117E-01
  0.3370E+03  0.4923E-01
  0.3380E+03  0.4965E-01
  0.3390E+03  0.5284E-01
  0.3400E+03  0.5129E-01
  0.3410E+03  0.5073E-01
  0.3420E+03  0.5368E-01
  0.3430E+03  0.5146E-01
  0.3440E+03  0.4868E-01
  0.3450E+03  0.4935E-01
  0.3460E+03  0.4668E-01
  0.3470E+03  0.4761E-01
  0.3480E+03  0.4805E-01
  0.3490E+03  0.4499E-01
  0.3500E+03  0.4560E-01
  0.3510E+03  0.4462E-01
  0.3520E+03  0.4860E-01
  0.3530E+03  0.4317E-01
  0.3540E+03  0.4866E-01
  0.3550E+03  0.4444E-01
  0.3560E+03  0.4207E-01
  0.3570E+03  0.3732E-01
  0.3580E+03  0.4143E-01
  0.3590E+03  0.4458E-01
  0.3600E+03  0.4398E-01
  0.3610E+03  0.4201E-01
  0.3620E+03  0.3981E-01
  0.3630E+03  0.3922E-01
  0.3640E+03  0.4031E-01
  0.3650E+03  0.4100E-01
  0.3660E+03  0.4546E-01
  0.3670E+03  0.3955E-01
  0.3680E+03  0.3770E-01
  0.3690E+03  0.3992E-01
  0.3700E+03  0.3729E-01
  0.3710E+03  0.4009E-01
  0.3720E+03  0.3771E-01
  0.3730E+03  0.3683E-01
  0.3740E+03  0.4161E-01
  0.3750E+03  0.3818E-01
  0.3760E+03  0.3666E-01
  0.3770E+03  0.3680E-01
  0.3780E+03  0.3823E-01
  0.3790E+03  0.3687E-01
  0.3800E+03  0.3564E-01
  0.3810E+03  0.3806E-01
  0.3820E+03  0.3651E-01
  0.3830E+03  0.3644E-01
  0.3840E+03  0.3838E-01
  0.3850E+03  0.4113E-01
  0.3860E+03  0.3440E-01
  0.3870E+03  0.3678E-01
  0.3880E+03  0.3041E-01
  0.3890E+03  0.3919E-01
  0.3900E+03  0.3616E-01
  0.3910E+03  0.3388E-01
  0.3920E+03  0.3972E-01
  0.3930E+03  0.3559E-01
  0.3940E+03  0.3550E-01
  0.3950E+03  0.3302E-01
  0.3960E+03  0.3583E-01
  0.3970E+03  0.3536E-01
  0.3980E+03  0.3418E-01
  0.3990E+03  0.3318E-01
  0.4000E+03  0.3554E-01
  0.4010E+03  0.3330E-01
  0.4020E+03  0.3465E-01
  0.4030E+03  0.2911E-01
  0.4040E+03  0.3157E-01
  0.4050E+03  0.3252E-01
  0.4060E+03  0.3444E-01
  0.4070E+03  0.3869E-01
  0.4080E+03  0.3303E-01
  0.4090E+03  0.3647E-01
  0.4100E+03  0.3455E-01
  0.4110E+03  0.2894E-01
  0.4120E+03  0.3005E-01
  0.4130E+03  0.3420E-01
  0.4140E+03  0.3401E-01
  0.4150E+03  0.3543E-01
  0.4160E+03  0.3317E-01
  0.4170E+03  0.2881E-01
  0.4180E+03  0.3760E-01
  0.4190E+03  0.3347E-01
  0.4200E+03  0.3057E-01
  0.4210E+03  0.3403E-01
  0.4220E+03  0.2821E-01
  0.4230E+03  0.3128E-01
  0.4240E+03  0.2818E-01
  0.4250E+03  0.3554E-01
  0.4260E+03  0.3080E-01
  0.4270E+03  0.3142E-01
  0.4280E+03  0.2482E-01
  0.4290E+03  0.2899E-01
  0.4300E+03  0.3026E-01
  0.4310E+03  0.3100E-01
  0.4320E+03  0.3021E-01
  0.4330E+03  0.2725E-01
  0.4340E+03  0.3023E-01
  0.4350E+03  0.2796E-01
  0.4360E+03  0.3000E-01
  0.4370E+03  0.2566E-01
  0.4380E+03  0.2947E-01
  0.4390E+03  0.2734E-01
  0.4400E+03  0.3335E-01
  0.4410E+03  0.2895E-01
  0.4420E+03  0.2399E-01
  0.4430E+03  0.2632E-01
  0.4440E+03  0.2578E-01
  0.4450E+03  0.2577E-01
  0.4460E+03  0.2464E-01
  0.4470E+03  0.2335E-01
  0.4480E+03  0.2116E-01
  0.4490E+03  0.2549E-01
  0.4500E+03  0.2321E-01
  0.4510E+03  0.3003E-01
  0.4520E+03  0.2566E-01
  0.4530E+03  0.2314E-01
  0.4540E+03  0.2620E-01
  0.4550E+03  0.2380E-01
  0.4560E+03  0.2427E-01
  0.4570E+03  0.2563E-01
  0.4580E+03  0.2570E-01
  0.4590E+03  0.2092E-01
  0.4600E+03  0.2414E-01
  0.4610E+03  0.2199E-01
  0.4620E+03  0.2262E-01
  0.4630E+03  0.2416E-01
  0.4640E+03  0.2177E-01
  0.4650E+03  0.2636E-01
  0.4660E+03  0.2632E-01
  0.4670E+03  0.2039E-01
  0.4680E+03  0.2354E-01
  0.4690E+03  0.1838E-01
  0.4700E+03  0.2443E-01
  0.4710E+03  0.1728E-01
  0.4720E+03  0.2438E-01
  0.4730E+03  0.1977E-01
  0.4740E+03  0.2219E-01
  0.4750E+03  0.2531E-01
  0.4760E+03  0.2067E-01
  0.4770E+03  0.2396E-01
  0.4780E+03  0.2284E-01
  0.4790E+03  0.2346E-01
  0.4800E+03  0.2076E-01
  0.4810E+03  0.2436E-01
  0.4820E+03  0.1772E-01
  0.4830E+03  0.1634E-01
  0.4840E+03  0.1783E-01
  0.4850E+03  0.2327E-01
  0.4860E+03  0.2118E-01
  0.4870E+03  0.2135E-01
  0.4880E+03  0.2329E-01
  0.4890E+03  0.2061E-01
  0.4900E+03  0.2136E-01
  0.4910E+03  0.1808E-01
  0.4920E+03  0.2034E-01
  0.4930E+03  0.2102E-01
  0.4940E+03  0.2276E-01
  0.4950E+03  0.1846E-01
  0.4960E+03  0.1804E-01
  0.4970E+03  0.1807E-01
  0.4980E+03  0.1879E-01
  0.4990E+03  0.1860E-01
  0.5000E+03  0.1914E-01
  0.5010E+03  0.1678E-01
  0.5020E+03  0.1689E-01
  0.5030E+03  0.1639E-01
  0.5040E+03  0.1681E-01
  0.5050E+03  0.1880E-01
  0.5060E+03  0.1737E-01
  0.5070E+03  0.1796E-01
  0.5080E+03  0.1708E-01
  0.5090E+03  0.1579E-01
  0.5100E+03  0.2032E-01
  0.5110E+03  0.0000E+00
  0.5120E+03  0.0000E+00
