  0.1000E+01  0.6256E+02
  0.2000E+01  0.7113E+02
  0.3000E+01  0.7416E+02
  0.4000E+01  0.7495E+02
  0.5000E+01  0.7551E+02
  0.6000E+01  0.7688E+02
  0.7000E+01  0.7727E+02
  0.8000E+01  0.7799E+02
  0.9000E+01  0.7777E+02
  0.1000E+02  0.7830E+02
  0.1100E+02  0.7835E+02
  0.1200E+02  0.7740E+02
  0.1300E+02  0.7924E+02
  0.1400E+02  0.7800E+02
  0.1500E+02  0.7893E+02
  0.1600E+02  0.7788E+02
  0.1700E+02  0.7862E+02
  0.1800E+02  0.7719E+02
  0.1900E+02  0.7687E+02
  0.2000E+02  0.7919E+02
  0.2100E+02  0.8348E+02
  0.2200E+02  0.9422E+02
  0.2300E+02  0.1137E+03
  0.2400E+02  0.1466E+03
  0.2500E+02  0.1869E+03
  0.2600E+02  0.2259E+03
  0.2700E+02  0.2465E+03
  0.2800E+02  0.2397E+03
  0.2900E+02  0.2120E+03
  0.3000E+02  0.1770E+03
  0.3100E+02  0.1479E+03
  0.3200E+02  0.1245E+03
  0.3300E+02  0.1067E+03
  0.3400E+02  0.9321E+02
  0.3500E+02  0.8441E+02
  0.3600E+02  0.7808E+02
  0.3700E+02  0.7733E+02
  0.3800E+02  0.7707E+02
  0.3900E+02  0.7733E+02
  0.4000E+02  0.8028E+02
  0.4100E+02  0.8431E+02
  0.4200E+02  0.8752E+02
  0.4300E+02  0.9004E+02
  0.4400E+02  0.9183E+02
  0.4500E+02  0.9356E+02
  0.4600E+02  0.9339E+02
  0.4700E+02  0.9231E+02
  0.4800E+02  0.9207E+02
  0.4900E+02  0.8907E+02
  0.5000E+02  0.8868E+02
  0.5100E+02  0.8659E+02
  0.5200E+02  0.8812E+02
  0.5300E+02  0.8986E+02
  0.5400E+02  0.9088E+02
  0.5500E+02  0.9265E+02
  0.5600E+02  0.9592E+02
  0.5700E+02  0.9653E+02
  0.5800E+02  0.9909E+02
  0.5900E+02  0.1006E+03
  0.6000E+02  0.1029E+03
  0.6100E+02  0.1034E+03
  0.6200E+02  0.1052E+03
  0.6300E+02  0.1088E+03
  0.6400E+02  0.1150E+03
  0.6500E+02  0.1226E+03
  0.6600E+02  0.1319E+03
  0.6700E+02  0.1491E+03
  0.6800E+02  0.1657E+03
  0.6900E+02  0.1875E+03
  0.7000E+02  0.2113E+03
  0.7100E+02  0.2345E+03
  0.7200E+02  0.2581E+03
  0.7300E+02  0.2739E+03
  0.7400E+02  0.2848E+03
  0.7500E+02  0.2830E+03
  0.7600E+02  0.2771E+03
  0.7700E+02  0.2665E+03
  0.7800E+02  0.2500E+03
  0.7900E+02  0.2364E+03
  0.8000E+02  0.2252E+03
  0.8100E+02  0.2188E+03
  0.8200E+02  0.2126E+03
  0.8300E+02  0.2106E+03
  0.8400E+02  0.2108E+03
  0.8500E+02  0.2070E+03
  0.8600E+02  0.2051E+03
  0.8700E+02  0.2008E+03
  0.8800E+02  0.1949E+03
  0.8900E+02  0.1856E+03
  0.9000E+02  0.1769E+03
  0.9100E+02  0.1688E+03
  0.9200E+02  0.1628E+03
  0.9300E+02  0.1566E+03
  0.9400E+02  0.1530E+03
  0.9500E+02  0.1511E+03
  0.9600E+02  0.1490E+03
  0.9700E+02  0.1509E+03
  0.9800E+02  0.1492E+03
  0.9900E+02  0.1498E+03
  0.1000E+03  0.1497E+03
  0.1010E+03  0.1522E+03
  0.1020E+03  0.1509E+03
  0.1030E+03  0.1519E+03
  0.1040E+03  0.1499E+03
  0.1050E+03  0.1498E+03
  0.1060E+03  0.1498E+03
  0.1070E+03  0.1487E+03
  0.1080E+03  0.1475E+03
  0.1090E+03  0.1482E+03
  0.1100E+03  0.1463E+03
  0.1110E+03  0.1466E+03
  0.1120E+03  0.1447E+03
  0.1130E+03  0.1452E+03
  0.1140E+03  0.1434E+03
  0.1150E+03  0.1445E+03
  0.1160E+03  0.1441E+03
  0.1170E+03  0.1434E+03
  0.1180E+03  0.1433E+03
  0.1190E+03  0.1433E+03
  0.1200E+03  0.1446E+03
  0.1210E+03  0.1446E+03
  0.1220E+03  0.1457E+03
  0.1230E+03  0.1445E+03
  0.1240E+03  0.1460E+03
  0.1250E+03  0.1472E+03
  0.1260E+03  0.1471E+03
  0.1270E+03  0.1490E+03
  0.1280E+03  0.1496E+03
  0.1290E+03  0.1499E+03
  0.1300E+03  0.1508E+03
  0.1310E+03  0.1519E+03
  0.1320E+03  0.1525E+03
  0.1330E+03  0.1529E+03
  0.1340E+03  0.1536E+03
  0.1350E+03  0.1543E+03
  0.1360E+03  0.1550E+03
  0.1370E+03  0.1559E+03
  0.1380E+03  0.1564E+03
  0.1390E+03  0.1595E+03
  0.1400E+03  0.1606E+03
  0.1410E+03  0.1625E+03
  0.1420E+03  0.1650E+03
  0.1430E+03  0.1704E+03
  0.1440E+03  0.1736E+03
  0.1450E+03  0.1809E+03
  0.1460E+03  0.1871E+03
  0.1470E+03  0.1971E+03
  0.1480E+03  0.2054E+03
  0.1490E+03  0.2145E+03
  0.1500E+03  0.2260E+03
  0.1510E+03  0.2394E+03
  0.1520E+03  0.2510E+03
  0.1530E+03  0.2637E+03
  0.1540E+03  0.2754E+03
  0.1550E+03  0.2855E+03
  0.1560E+03  0.2939E+03
  0.1570E+03  0.3004E+03
  0.1580E+03  0.3039E+03
  0.1590E+03  0.3028E+03
  0.1600E+03  0.3024E+03
  0.1610E+03  0.2972E+03
  0.1620E+03  0.2889E+03
  0.1630E+03  0.2785E+03
  0.1640E+03  0.2676E+03
  0.1650E+03  0.2561E+03
  0.1660E+03  0.2422E+03
  0.1670E+03  0.2304E+03
  0.1680E+03  0.2203E+03
  0.1690E+03  0.2100E+03
  0.1700E+03  0.2005E+03
  0.1710E+03  0.1914E+03
  0.1720E+03  0.1861E+03
  0.1730E+03  0.1817E+03
  0.1740E+03  0.1778E+03
  0.1750E+03  0.1733E+03
  0.1760E+03  0.1702E+03
  0.1770E+03  0.1718E+03
  0.1780E+03  0.1699E+03
  0.1790E+03  0.1658E+03
  0.1800E+03  0.1642E+03
  0.1810E+03  0.1626E+03
  0.1820E+03  0.1614E+03
  0.1830E+03  0.1612E+03
  0.1840E+03  0.1580E+03
  0.1850E+03  0.1580E+03
  0.1860E+03  0.1544E+03
  0.1870E+03  0.1531E+03
  0.1880E+03  0.1512E+03
  0.1890E+03  0.1486E+03
  0.1900E+03  0.1463E+03
  0.1910E+03  0.1466E+03
  0.1920E+03  0.1436E+03
  0.1930E+03  0.1414E+03
  0.1940E+03  0.1384E+03
  0.1950E+03  0.1376E+03
  0.1960E+03  0.1360E+03
  0.1970E+03  0.1312E+03
  0.1980E+03  0.1315E+03
  0.1990E+03  0.1292E+03
  0.2000E+03  0.1280E+03
  0.2010E+03  0.1263E+03
  0.2020E+03  0.1237E+03
  0.2030E+03  0.1234E+03
  0.2040E+03  0.1220E+03
  0.2050E+03  0.1200E+03
  0.2060E+03  0.1186E+03
  0.2070E+03  0.1164E+03
  0.2080E+03  0.1160E+03
  0.2090E+03  0.1142E+03
  0.2100E+03  0.1123E+03
  0.2110E+03  0.1105E+03
  0.2120E+03  0.1100E+03
  0.2130E+03  0.1096E+03
  0.2140E+03  0.1070E+03
  0.2150E+03  0.1077E+03
  0.2160E+03  0.1047E+03
  0.2170E+03  0.1038E+03
  0.2180E+03  0.1034E+03
  0.2190E+03  0.1029E+03
  0.2200E+03  0.1007E+03
  0.2210E+03  0.1011E+03
  0.2220E+03  0.9977E+02
  0.2230E+03  0.9849E+02
  0.2240E+03  0.9702E+02
  0.2250E+03  0.9821E+02
  0.2260E+03  0.9637E+02
  0.2270E+03  0.9614E+02
  0.2280E+03  0.9592E+02
  0.2290E+03  0.9396E+02
  0.2300E+03  0.9276E+02
  0.2310E+03  0.9370E+02
  0.2320E+03  0.9278E+02
  0.2330E+03  0.9230E+02
  0.2340E+03  0.9280E+02
  0.2350E+03  0.9120E+02
  0.2360E+03  0.9100E+02
  0.2370E+03  0.9253E+02
  0.2380E+03  0.9028E+02
  0.2390E+03  0.8894E+02
  0.2400E+03  0.8915E+02
  0.2410E+03  0.8978E+02
  0.2420E+03  0.8999E+02
  0.2430E+03  0.8870E+02
  0.2440E+03  0.8986E+02
  0.2450E+03  0.8853E+02
  0.2460E+03  0.8880E+02
  0.2470E+03  0.8774E+02
  0.2480E+03  0.8662E+02
  0.2490E+03  0.8711E+02
  0.2500E+03  0.8620E+02
  0.2510E+03  0.8710E+02
  0.2520E+03  0.8678E+02
  0.2530E+03  0.8605E+02
  0.2540E+03  0.8631E+02
  0.2550E+03  0.8549E+02
  0.2560E+03  0.8471E+02
  0.2570E+03  0.8439E+02
  0.2580E+03  0.8321E+02
  0.2590E+03  0.8495E+02
  0.2600E+03  0.8481E+02
  0.2610E+03  0.8370E+02
  0.2620E+03  0.8525E+02
  0.2630E+03  0.8448E+02
  0.2640E+03  0.8441E+02
  0.2650E+03  0.8351E+02
  0.2660E+03  0.8355E+02
  0.2670E+03  0.8371E+02
  0.2680E+03  0.8362E+02
  0.2690E+03  0.8284E+02
  0.2700E+03  0.8207E+02
  0.2710E+03  0.8344E+02
  0.2720E+03  0.8245E+02
  0.2730E+03  0.8230E+02
  0.2740E+03  0.8250E+02
  0.2750E+03  0.8267E+02
  0.2760E+03  0.8229E+02
  0.2770E+03  0.8251E+02
  0.2780E+03  0.8259E+02
  0.2790E+03  0.8105E+02
  0.2800E+03  0.8278E+02
  0.2810E+03  0.8134E+02
  0.2820E+03  0.7953E+02
  0.2830E+03  0.8137E+02
  0.2840E+03  0.7994E+02
  0.2850E+03  0.7911E+02
  0.2860E+03  0.8015E+02
  0.2870E+03  0.7890E+02
  0.2880E+03  0.7951E+02
  0.2890E+03  0.7793E+02
  0.2900E+03  0.7861E+02
  0.2910E+03  0.7793E+02
  0.2920E+03  0.7771E+02
  0.2930E+03  0.7716E+02
  0.2940E+03  0.7714E+02
  0.2950E+03  0.7792E+02
  0.2960E+03  0.7790E+02
  0.2970E+03  0.7665E+02
  0.2980E+03  0.7692E+02
  0.2990E+03  0.7586E+02
  0.3000E+03  0.7652E+02
  0.3010E+03  0.7629E+02
  0.3020E+03  0.7689E+02
  0.3030E+03  0.7667E+02
  0.3040E+03  0.7578E+02
  0.3050E+03  0.7712E+02
  0.3060E+03  0.7566E+02
  0.3070E+03  0.7734E+02
  0.3080E+03  0.7809E+02
  0.3090E+03  0.7765E+02
  0.3100E+03  0.7805E+02
  0.3110E+03  0.7715E+02
  0.3120E+03  0.7697E+02
  0.3130E+03  0.7708E+02
  0.3140E+03  0.7857E+02
  0.3150E+03  0.7742E+02
  0.3160E+03  0.7723E+02
  0.3170E+03  0.7813E+02
  0.3180E+03  0.7793E+02
  0.3190E+03  0.7943E+02
  0.3200E+03  0.8030E+02
  0.3210E+03  0.8026E+02
  0.3220E+03  0.8022E+02
  0.3230E+03  0.8000E+02
  0.3240E+03  0.8102E+02
  0.3250E+03  0.8040E+02
  0.3260E+03  0.8106E+02
  0.3270E+03  0.8196E+02
  0.3280E+03  0.8273E+02
  0.3290E+03  0.8309E+02
  0.3300E+03  0.8255E+02
  0.3310E+03  0.8412E+02
  0.3320E+03  0.8428E+02
  0.3330E+03  0.8388E+02
  0.3340E+03  0.8466E+02
  0.3350E+03  0.8473E+02
  0.3360E+03  0.8449E+02
  0.3370E+03  0.8599E+02
  0.3380E+03  0.8540E+02
  0.3390E+03  0.8464E+02
  0.3400E+03  0.8472E+02
  0.3410E+03  0.8600E+02
  0.3420E+03  0.8600E+02
  0.3430E+03  0.8481E+02
  0.3440E+03  0.8535E+02
  0.3450E+03  0.8401E+02
  0.3460E+03  0.8434E+02
  0.3470E+03  0.8291E+02
  0.3480E+03  0.8307E+02
  0.3490E+03  0.8135E+02
  0.3500E+03  0.8090E+02
  0.3510E+03  0.7984E+02
  0.3520E+03  0.7869E+02
  0.3530E+03  0.7812E+02
  0.3540E+03  0.7746E+02
  0.3550E+03  0.7545E+02
  0.3560E+03  0.7479E+02
  0.3570E+03  0.7253E+02
  0.3580E+03  0.7286E+02
  0.3590E+03  0.7127E+02
  0.3600E+03  0.7043E+02
  0.3610E+03  0.6746E+02
  0.3620E+03  0.6708E+02
  0.3630E+03  0.6630E+02
  0.3640E+03  0.6522E+02
  0.3650E+03  0.6435E+02
  0.3660E+03  0.6274E+02
  0.3670E+03  0.6112E+02
  0.3680E+03  0.6115E+02
  0.3690E+03  0.5983E+02
  0.3700E+03  0.5794E+02
  0.3710E+03  0.5751E+02
  0.3720E+03  0.5788E+02
  0.3730E+03  0.5631E+02
  0.3740E+03  0.5619E+02
  0.3750E+03  0.5542E+02
  0.3760E+03  0.5496E+02
  0.3770E+03  0.5384E+02
  0.3780E+03  0.5340E+02
  0.3790E+03  0.5362E+02
  0.3800E+03  0.5230E+02
  0.3810E+03  0.5295E+02
  0.3820E+03  0.5134E+02
  0.3830E+03  0.5049E+02
  0.3840E+03  0.5058E+02
  0.3850E+03  0.5034E+02
  0.3860E+03  0.4984E+02
  0.3870E+03  0.5020E+02
  0.3880E+03  0.5044E+02
  0.3890E+03  0.5052E+02
  0.3900E+03  0.4949E+02
  0.3910E+03  0.4975E+02
  0.3920E+03  0.4938E+02
  0.3930E+03  0.5064E+02
  0.3940E+03  0.4976E+02
  0.3950E+03  0.5028E+02
  0.3960E+03  0.4973E+02
  0.3970E+03  0.5013E+02
  0.3980E+03  0.4987E+02
  0.3990E+03  0.5027E+02
  0.4000E+03  0.4957E+02
  0.4010E+03  0.4986E+02
  0.4020E+03  0.5080E+02
  0.4030E+03  0.5055E+02
  0.4040E+03  0.5068E+02
  0.4050E+03  0.5135E+02
  0.4060E+03  0.5098E+02
  0.4070E+03  0.5107E+02
  0.4080E+03  0.5241E+02
  0.4090E+03  0.5189E+02
  0.4100E+03  0.5387E+02
  0.4110E+03  0.5339E+02
  0.4120E+03  0.5507E+02
  0.4130E+03  0.5500E+02
  0.4140E+03  0.5580E+02
  0.4150E+03  0.5585E+02
  0.4160E+03  0.5786E+02
  0.4170E+03  0.5812E+02
  0.4180E+03  0.5857E+02
  0.4190E+03  0.6136E+02
  0.4200E+03  0.6091E+02
  0.4210E+03  0.6247E+02
  0.4220E+03  0.6210E+02
  0.4230E+03  0.6461E+02
  0.4240E+03  0.6613E+02
  0.4250E+03  0.6648E+02
  0.4260E+03  0.6920E+02
  0.4270E+03  0.6818E+02
  0.4280E+03  0.7057E+02
  0.4290E+03  0.7086E+02
  0.4300E+03  0.7193E+02
  0.4310E+03  0.7247E+02
  0.4320E+03  0.7403E+02
  0.4330E+03  0.7493E+02
  0.4340E+03  0.7526E+02
  0.4350E+03  0.7545E+02
  0.4360E+03  0.7553E+02
  0.4370E+03  0.7635E+02
  0.4380E+03  0.7577E+02
  0.4390E+03  0.7555E+02
  0.4400E+03  0.7492E+02
  0.4410E+03  0.7566E+02
  0.4420E+03  0.7559E+02
  0.4430E+03  0.7476E+02
  0.4440E+03  0.7422E+02
  0.4450E+03  0.7366E+02
  0.4460E+03  0.7127E+02
  0.4470E+03  0.7114E+02
  0.4480E+03  0.6949E+02
  0.4490E+03  0.6950E+02
  0.4500E+03  0.6859E+02
  0.4510E+03  0.6558E+02
  0.4520E+03  0.6620E+02
  0.4530E+03  0.6300E+02
  0.4540E+03  0.6195E+02
  0.4550E+03  0.6064E+02
  0.4560E+03  0.5937E+02
  0.4570E+03  0.5815E+02
  0.4580E+03  0.5683E+02
  0.4590E+03  0.5564E+02
  0.4600E+03  0.5415E+02
  0.4610E+03  0.5255E+02
  0.4620E+03  0.5218E+02
  0.4630E+03  0.5138E+02
  0.4640E+03  0.4986E+02
  0.4650E+03  0.4908E+02
  0.4660E+03  0.4833E+02
  0.4670E+03  0.4753E+02
  0.4680E+03  0.4680E+02
  0.4690E+03  0.4691E+02
  0.4700E+03  0.4815E+02
  0.4710E+03  0.4512E+02
  0.4720E+03  0.4561E+02
  0.4730E+03  0.4546E+02
  0.4740E+03  0.4584E+02
  0.4750E+03  0.4627E+02
  0.4760E+03  0.4606E+02
  0.4770E+03  0.4689E+02
  0.4780E+03  0.4616E+02
  0.4790E+03  0.4735E+02
  0.4800E+03  0.4842E+02
  0.4810E+03  0.4906E+02
  0.4820E+03  0.5126E+02
  0.4830E+03  0.5096E+02
  0.4840E+03  0.5267E+02
  0.4850E+03  0.5319E+02
  0.4860E+03  0.5527E+02
  0.4870E+03  0.5628E+02
  0.4880E+03  0.5891E+02
  0.4890E+03  0.6083E+02
  0.4900E+03  0.6131E+02
  0.4910E+03  0.6425E+02
  0.4920E+03  0.6703E+02
  0.4930E+03  0.6862E+02
  0.4940E+03  0.7080E+02
  0.4950E+03  0.7321E+02
  0.4960E+03  0.7631E+02
  0.4970E+03  0.7698E+02
  0.4980E+03  0.8044E+02
  0.4990E+03  0.8406E+02
  0.5000E+03  0.8713E+02
  0.5010E+03  0.8890E+02
  0.5020E+03  0.9214E+02
  0.5030E+03  0.9563E+02
  0.5040E+03  0.9878E+02
  0.5050E+03  0.1019E+03
  0.5060E+03  0.1049E+03
  0.5070E+03  0.1093E+03
  0.5080E+03  0.1112E+03
  0.5090E+03  0.1155E+03
  0.5100E+03  0.1182E+03
  0.5110E+03  0.0000E+00
  0.5120E+03  0.0000E+00
