  0.1000E+01  0.2135E+01
  0.2000E+01  0.7258E+01
  0.3000E+01  0.5603E+01
  0.4000E+01  0.1917E+01
  0.5000E+01  0.1411E+01
  0.6000E+01  0.1303E+01
  0.7000E+01  0.1210E+01
  0.8000E+01  0.1097E+01
  0.9000E+01  0.1013E+01
  0.1000E+02  0.9023E+00
  0.1100E+02  0.8169E+00
  0.1200E+02  0.8008E+00
  0.1300E+02  0.7039E+00
  0.1400E+02  0.6561E+00
  0.1500E+02  0.6171E+00
  0.1600E+02  0.4976E+00
  0.1700E+02  0.4876E+00
  0.1800E+02  0.4166E+00
  0.1900E+02  0.5673E+00
  0.2000E+02  0.1637E+01
  0.2100E+02  0.7039E+01
  0.2200E+02  0.2678E+02
  0.2300E+02  0.8319E+02
  0.2400E+02  0.2057E+03
  0.2500E+02  0.4039E+03
  0.2600E+02  0.6315E+03
  0.2700E+02  0.7895E+03
  0.2800E+02  0.8009E+03
  0.2900E+02  0.6756E+03
  0.3000E+02  0.4991E+03
  0.3100E+02  0.3436E+03
  0.3200E+02  0.2315E+03
  0.3300E+02  0.1500E+03
  0.3400E+02  0.8840E+02
  0.3500E+02  0.4458E+02
  0.3600E+02  0.1934E+02
  0.3700E+02  0.7288E+01
  0.3800E+02  0.2758E+01
  0.3900E+02  0.1570E+01
  0.4000E+02  0.1581E+01
  0.4100E+02  0.1971E+01
  0.4200E+02  0.2311E+01
  0.4300E+02  0.2927E+01
  0.4400E+02  0.3292E+01
  0.4500E+02  0.3646E+01
  0.4600E+02  0.3825E+01
  0.4700E+02  0.4123E+01
  0.4800E+02  0.4249E+01
  0.4900E+02  0.4378E+01
  0.5000E+02  0.4617E+01
  0.5100E+02  0.4856E+01
  0.5200E+02  0.5161E+01
  0.5300E+02  0.5465E+01
  0.5400E+02  0.5835E+01
  0.5500E+02  0.6058E+01
  0.5600E+02  0.6230E+01
  0.5700E+02  0.6186E+01
  0.5800E+02  0.5920E+01
  0.5900E+02  0.5471E+01
  0.6000E+02  0.4826E+01
  0.6100E+02  0.4102E+01
  0.6200E+02  0.3337E+01
  0.6300E+02  0.2721E+01
  0.6400E+02  0.2299E+01
  0.6500E+02  0.2178E+01
  0.6600E+02  0.2372E+01
  0.6700E+02  0.2873E+01
  0.6800E+02  0.3739E+01
  0.6900E+02  0.5426E+01
  0.7000E+02  0.6491E+01
  0.7100E+02  0.7952E+01
  0.7200E+02  0.9124E+01
  0.7300E+02  0.1020E+02
  0.7400E+02  0.1094E+02
  0.7500E+02  0.1045E+02
  0.7600E+02  0.1010E+02
  0.7700E+02  0.8892E+01
  0.7800E+02  0.7558E+01
  0.7900E+02  0.6593E+01
  0.8000E+02  0.5718E+01
  0.8100E+02  0.4832E+01
  0.8200E+02  0.4557E+01
  0.8300E+02  0.4081E+01
  0.8400E+02  0.4053E+01
  0.8500E+02  0.4033E+01
  0.8600E+02  0.3651E+01
  0.8700E+02  0.3373E+01
  0.8800E+02  0.3127E+01
  0.8900E+02  0.2578E+01
  0.9000E+02  0.2201E+01
  0.9100E+02  0.1791E+01
  0.9200E+02  0.1328E+01
  0.9300E+02  0.1043E+01
  0.9400E+02  0.8581E+00
  0.9500E+02  0.6668E+00
  0.9600E+02  0.5849E+00
  0.9700E+02  0.4716E+00
  0.9800E+02  0.3908E+00
  0.9900E+02  0.3609E+00
  0.1000E+03  0.3583E+00
  0.1010E+03  0.3114E+00
  0.1020E+03  0.3341E+00
  0.1030E+03  0.2935E+00
  0.1040E+03  0.2947E+00
  0.1050E+03  0.2857E+00
  0.1060E+03  0.2910E+00
  0.1070E+03  0.3080E+00
  0.1080E+03  0.2960E+00
  0.1090E+03  0.2990E+00
  0.1100E+03  0.3283E+00
  0.1110E+03  0.3520E+00
  0.1120E+03  0.4139E+00
  0.1130E+03  0.4787E+00
  0.1140E+03  0.6214E+00
  0.1150E+03  0.7581E+00
  0.1160E+03  0.9512E+00
  0.1170E+03  0.1218E+01
  0.1180E+03  0.1540E+01
  0.1190E+03  0.1986E+01
  0.1200E+03  0.2451E+01
  0.1210E+03  0.2988E+01
  0.1220E+03  0.3540E+01
  0.1230E+03  0.4130E+01
  0.1240E+03  0.4792E+01
  0.1250E+03  0.5454E+01
  0.1260E+03  0.6092E+01
  0.1270E+03  0.6538E+01
  0.1280E+03  0.6856E+01
  0.1290E+03  0.7285E+01
  0.1300E+03  0.7335E+01
  0.1310E+03  0.7427E+01
  0.1320E+03  0.7380E+01
  0.1330E+03  0.7196E+01
  0.1340E+03  0.7111E+01
  0.1350E+03  0.6978E+01
  0.1360E+03  0.6904E+01
  0.1370E+03  0.7195E+01
  0.1380E+03  0.7797E+01
  0.1390E+03  0.9084E+01
  0.1400E+03  0.1100E+02
  0.1410E+03  0.1384E+02
  0.1420E+03  0.1804E+02
  0.1430E+03  0.2363E+02
  0.1440E+03  0.3132E+02
  0.1450E+03  0.4128E+02
  0.1460E+03  0.5336E+02
  0.1470E+03  0.6857E+02
  0.1480E+03  0.8659E+02
  0.1490E+03  0.1068E+03
  0.1500E+03  0.1302E+03
  0.1510E+03  0.1547E+03
  0.1520E+03  0.1809E+03
  0.1530E+03  0.2072E+03
  0.1540E+03  0.2322E+03
  0.1550E+03  0.2546E+03
  0.1560E+03  0.2741E+03
  0.1570E+03  0.2886E+03
  0.1580E+03  0.2981E+03
  0.1590E+03  0.3002E+03
  0.1600E+03  0.2970E+03
  0.1610E+03  0.2873E+03
  0.1620E+03  0.2719E+03
  0.1630E+03  0.2521E+03
  0.1640E+03  0.2293E+03
  0.1650E+03  0.2034E+03
  0.1660E+03  0.1770E+03
  0.1670E+03  0.1509E+03
  0.1680E+03  0.1257E+03
  0.1690E+03  0.1026E+03
  0.1700E+03  0.8216E+02
  0.1710E+03  0.6411E+02
  0.1720E+03  0.4926E+02
  0.1730E+03  0.3687E+02
  0.1740E+03  0.2719E+02
  0.1750E+03  0.1948E+02
  0.1760E+03  0.1372E+02
  0.1770E+03  0.9513E+01
  0.1780E+03  0.6407E+01
  0.1790E+03  0.4290E+01
  0.1800E+03  0.2850E+01
  0.1810E+03  0.1835E+01
  0.1820E+03  0.1167E+01
  0.1830E+03  0.7459E+00
  0.1840E+03  0.4756E+00
  0.1850E+03  0.3276E+00
  0.1860E+03  0.2211E+00
  0.1870E+03  0.1882E+00
  0.1880E+03  0.1518E+00
  0.1890E+03  0.1329E+00
  0.1900E+03  0.1036E+00
  0.1910E+03  0.1153E+00
  0.1920E+03  0.1054E+00
  0.1930E+03  0.1035E+00
  0.1940E+03  0.9552E-01
  0.1950E+03  0.9540E-01
  0.1960E+03  0.8408E-01
  0.1970E+03  0.8108E-01
  0.1980E+03  0.7268E-01
  0.1990E+03  0.7635E-01
  0.2000E+03  0.6658E-01
  0.2010E+03  0.6036E-01
  0.2020E+03  0.5742E-01
  0.2030E+03  0.5609E-01
  0.2040E+03  0.4222E-01
  0.2050E+03  0.4009E-01
  0.2060E+03  0.4386E-01
  0.2070E+03  0.4050E-01
  0.2080E+03  0.3892E-01
  0.2090E+03  0.3490E-01
  0.2100E+03  0.2835E-01
  0.2110E+03  0.2782E-01
  0.2120E+03  0.2311E-01
  0.2130E+03  0.2869E-01
  0.2140E+03  0.2991E-01
  0.2150E+03  0.2699E-01
  0.2160E+03  0.2035E-01
  0.2170E+03  0.2266E-01
  0.2180E+03  0.1936E-01
  0.2190E+03  0.2190E-01
  0.2200E+03  0.2440E-01
  0.2210E+03  0.2219E-01
  0.2220E+03  0.2210E-01
  0.2230E+03  0.2810E-01
  0.2240E+03  0.2628E-01
  0.2250E+03  0.2448E-01
  0.2260E+03  0.2580E-01
  0.2270E+03  0.2830E-01
  0.2280E+03  0.3288E-01
  0.2290E+03  0.3009E-01
  0.2300E+03  0.3897E-01
  0.2310E+03  0.4135E-01
  0.2320E+03  0.4875E-01
  0.2330E+03  0.5732E-01
  0.2340E+03  0.5392E-01
  0.2350E+03  0.5961E-01
  0.2360E+03  0.6340E-01
  0.2370E+03  0.7804E-01
  0.2380E+03  0.8307E-01
  0.2390E+03  0.9402E-01
  0.2400E+03  0.9627E-01
  0.2410E+03  0.9587E-01
  0.2420E+03  0.1030E+00
  0.2430E+03  0.1136E+00
  0.2440E+03  0.1259E+00
  0.2450E+03  0.1162E+00
  0.2460E+03  0.1318E+00
  0.2470E+03  0.1244E+00
  0.2480E+03  0.1294E+00
  0.2490E+03  0.1348E+00
  0.2500E+03  0.1257E+00
  0.2510E+03  0.1166E+00
  0.2520E+03  0.1287E+00
  0.2530E+03  0.1142E+00
  0.2540E+03  0.1190E+00
  0.2550E+03  0.1188E+00
  0.2560E+03  0.1076E+00
  0.2570E+03  0.1112E+00
  0.2580E+03  0.1062E+00
  0.2590E+03  0.9944E-01
  0.2600E+03  0.1065E+00
  0.2610E+03  0.9004E-01
  0.2620E+03  0.9407E-01
  0.2630E+03  0.9279E-01
  0.2640E+03  0.8598E-01
  0.2650E+03  0.1030E+00
  0.2660E+03  0.9225E-01
  0.2670E+03  0.9111E-01
  0.2680E+03  0.8755E-01
  0.2690E+03  0.9510E-01
  0.2700E+03  0.1130E+00
  0.2710E+03  0.1070E+00
  0.2720E+03  0.1173E+00
  0.2730E+03  0.1113E+00
  0.2740E+03  0.1237E+00
  0.2750E+03  0.1217E+00
  0.2760E+03  0.1267E+00
  0.2770E+03  0.1143E+00
  0.2780E+03  0.1294E+00
  0.2790E+03  0.1205E+00
  0.2800E+03  0.1336E+00
  0.2810E+03  0.1294E+00
  0.2820E+03  0.1262E+00
  0.2830E+03  0.1382E+00
  0.2840E+03  0.1192E+00
  0.2850E+03  0.1283E+00
  0.2860E+03  0.1353E+00
  0.2870E+03  0.1366E+00
  0.2880E+03  0.1266E+00
  0.2890E+03  0.1232E+00
  0.2900E+03  0.1142E+00
  0.2910E+03  0.1146E+00
  0.2920E+03  0.1125E+00
  0.2930E+03  0.9286E-01
  0.2940E+03  0.9504E-01
  0.2950E+03  0.8787E-01
  0.2960E+03  0.9752E-01
  0.2970E+03  0.8333E-01
  0.2980E+03  0.1032E+00
  0.2990E+03  0.9084E-01
  0.3000E+03  0.7985E-01
  0.3010E+03  0.8033E-01
  0.3020E+03  0.7633E-01
  0.3030E+03  0.7186E-01
  0.3040E+03  0.8342E-01
  0.3050E+03  0.7421E-01
  0.3060E+03  0.7660E-01
  0.3070E+03  0.7868E-01
  0.3080E+03  0.8107E-01
  0.3090E+03  0.7770E-01
  0.3100E+03  0.7585E-01
  0.3110E+03  0.7029E-01
  0.3120E+03  0.7877E-01
  0.3130E+03  0.8665E-01
  0.3140E+03  0.8518E-01
  0.3150E+03  0.9201E-01
  0.3160E+03  0.9472E-01
  0.3170E+03  0.9406E-01
  0.3180E+03  0.1004E+00
  0.3190E+03  0.8984E-01
  0.3200E+03  0.1097E+00
  0.3210E+03  0.1077E+00
  0.3220E+03  0.1019E+00
  0.3230E+03  0.1171E+00
  0.3240E+03  0.1202E+00
  0.3250E+03  0.1173E+00
  0.3260E+03  0.1322E+00
  0.3270E+03  0.1213E+00
  0.3280E+03  0.1241E+00
  0.3290E+03  0.1415E+00
  0.3300E+03  0.1245E+00
  0.3310E+03  0.1494E+00
  0.3320E+03  0.1559E+00
  0.3330E+03  0.1517E+00
  0.3340E+03  0.1617E+00
  0.3350E+03  0.1503E+00
  0.3360E+03  0.1473E+00
  0.3370E+03  0.1682E+00
  0.3380E+03  0.1656E+00
  0.3390E+03  0.1673E+00
  0.3400E+03  0.1698E+00
  0.3410E+03  0.1836E+00
  0.3420E+03  0.1633E+00
  0.3430E+03  0.1605E+00
  0.3440E+03  0.1743E+00
  0.3450E+03  0.1903E+00
  0.3460E+03  0.1647E+00
  0.3470E+03  0.1775E+00
  0.3480E+03  0.1784E+00
  0.3490E+03  0.1601E+00
  0.3500E+03  0.1681E+00
  0.3510E+03  0.1531E+00
  0.3520E+03  0.1475E+00
  0.3530E+03  0.1436E+00
  0.3540E+03  0.1374E+00
  0.3550E+03  0.1341E+00
  0.3560E+03  0.1236E+00
  0.3570E+03  0.1232E+00
  0.3580E+03  0.1134E+00
  0.3590E+03  0.1081E+00
  0.3600E+03  0.8953E-01
  0.3610E+03  0.9569E-01
  0.3620E+03  0.8961E-01
  0.3630E+03  0.8960E-01
  0.3640E+03  0.7981E-01
  0.3650E+03  0.7203E-01
  0.3660E+03  0.6672E-01
  0.3670E+03  0.6050E-01
  0.3680E+03  0.5881E-01
  0.3690E+03  0.4959E-01
  0.3700E+03  0.5146E-01
  0.3710E+03  0.4156E-01
  0.3720E+03  0.4438E-01
  0.3730E+03  0.4340E-01
  0.3740E+03  0.3528E-01
  0.3750E+03  0.3199E-01
  0.3760E+03  0.3009E-01
  0.3770E+03  0.2903E-01
  0.3780E+03  0.2950E-01
  0.3790E+03  0.2240E-01
  0.3800E+03  0.2620E-01
  0.3810E+03  0.2525E-01
  0.3820E+03  0.2087E-01
  0.3830E+03  0.1979E-01
  0.3840E+03  0.1723E-01
  0.3850E+03  0.2051E-01
  0.3860E+03  0.1804E-01
  0.3870E+03  0.1586E-01
  0.3880E+03  0.1745E-01
  0.3890E+03  0.1198E-01
  0.3900E+03  0.2048E-01
  0.3910E+03  0.1805E-01
  0.3920E+03  0.1367E-01
  0.3930E+03  0.1502E-01
  0.3940E+03  0.1411E-01
  0.3950E+03  0.1417E-01
  0.3960E+03  0.1935E-01
  0.3970E+03  0.1454E-01
  0.3980E+03  0.1955E-01
  0.3990E+03  0.2756E-01
  0.4000E+03  0.1992E-01
  0.4010E+03  0.1720E-01
  0.4020E+03  0.2403E-01
  0.4030E+03  0.2047E-01
  0.4040E+03  0.2054E-01
  0.4050E+03  0.3238E-01
  0.4060E+03  0.2633E-01
  0.4070E+03  0.2992E-01
  0.4080E+03  0.3042E-01
  0.4090E+03  0.3353E-01
  0.4100E+03  0.3479E-01
  0.4110E+03  0.3897E-01
  0.4120E+03  0.3929E-01
  0.4130E+03  0.4027E-01
  0.4140E+03  0.4555E-01
  0.4150E+03  0.5136E-01
  0.4160E+03  0.5657E-01
  0.4170E+03  0.5925E-01
  0.4180E+03  0.6734E-01
  0.4190E+03  0.7473E-01
  0.4200E+03  0.6958E-01
  0.4210E+03  0.8390E-01
  0.4220E+03  0.8616E-01
  0.4230E+03  0.9708E-01
  0.4240E+03  0.9237E-01
  0.4250E+03  0.9013E-01
  0.4260E+03  0.1060E+00
  0.4270E+03  0.1035E+00
  0.4280E+03  0.1122E+00
  0.4290E+03  0.1234E+00
  0.4300E+03  0.1277E+00
  0.4310E+03  0.1294E+00
  0.4320E+03  0.1303E+00
  0.4330E+03  0.1503E+00
  0.4340E+03  0.1491E+00
  0.4350E+03  0.1454E+00
  0.4360E+03  0.1487E+00
  0.4370E+03  0.1493E+00
  0.4380E+03  0.1516E+00
  0.4390E+03  0.1439E+00
  0.4400E+03  0.1360E+00
  0.4410E+03  0.1461E+00
  0.4420E+03  0.1551E+00
  0.4430E+03  0.1583E+00
  0.4440E+03  0.1385E+00
  0.4450E+03  0.1360E+00
  0.4460E+03  0.1409E+00
  0.4470E+03  0.1320E+00
  0.4480E+03  0.1342E+00
  0.4490E+03  0.1291E+00
  0.4500E+03  0.1335E+00
  0.4510E+03  0.1154E+00
  0.4520E+03  0.1214E+00
  0.4530E+03  0.1073E+00
  0.4540E+03  0.1013E+00
  0.4550E+03  0.1012E+00
  0.4560E+03  0.8422E-01
  0.4570E+03  0.1007E+00
  0.4580E+03  0.8584E-01
  0.4590E+03  0.8635E-01
  0.4600E+03  0.7299E-01
  0.4610E+03  0.7016E-01
  0.4620E+03  0.6778E-01
  0.4630E+03  0.5957E-01
  0.4640E+03  0.5681E-01
  0.4650E+03  0.4966E-01
  0.4660E+03  0.5696E-01
  0.4670E+03  0.4703E-01
  0.4680E+03  0.4402E-01
  0.4690E+03  0.4363E-01
  0.4700E+03  0.3522E-01
  0.4710E+03  0.4352E-01
  0.4720E+03  0.4368E-01
  0.4730E+03  0.4265E-01
  0.4740E+03  0.4093E-01
  0.4750E+03  0.3907E-01
  0.4760E+03  0.4923E-01
  0.4770E+03  0.4069E-01
  0.4780E+03  0.3860E-01
  0.4790E+03  0.4678E-01
  0.4800E+03  0.4131E-01
  0.4810E+03  0.4677E-01
  0.4820E+03  0.4892E-01
  0.4830E+03  0.4856E-01
  0.4840E+03  0.6132E-01
  0.4850E+03  0.6076E-01
  0.4860E+03  0.6888E-01
  0.4870E+03  0.7269E-01
  0.4880E+03  0.8142E-01
  0.4890E+03  0.8325E-01
  0.4900E+03  0.7785E-01
  0.4910E+03  0.9550E-01
  0.4920E+03  0.1025E+00
  0.4930E+03  0.1016E+00
  0.4940E+03  0.1112E+00
  0.4950E+03  0.1222E+00
  0.4960E+03  0.1280E+00
  0.4970E+03  0.1431E+00
  0.4980E+03  0.1478E+00
  0.4990E+03  0.1480E+00
  0.5000E+03  0.1534E+00
  0.5010E+03  0.1832E+00
  0.5020E+03  0.1955E+00
  0.5030E+03  0.1907E+00
  0.5040E+03  0.1988E+00
  0.5050E+03  0.2061E+00
  0.5060E+03  0.2210E+00
  0.5070E+03  0.2269E+00
  0.5080E+03  0.2363E+00
  0.5090E+03  0.2361E+00
  0.5100E+03  0.2470E+00
  0.5110E+03  0.0000E+00
  0.5120E+03  0.0000E+00
