  0.1000E+01  0.5857E+00
  0.2000E+01  0.6305E+00
  0.3000E+01  0.6066E+00
  0.4000E+01  0.5924E+00
  0.5000E+01  0.5432E+00
  0.6000E+01  0.5208E+00
  0.7000E+01  0.4977E+00
  0.8000E+01  0.4839E+00
  0.9000E+01  0.4371E+00
  0.1000E+02  0.3958E+00
  0.1100E+02  0.3673E+00
  0.1200E+02  0.3433E+00
  0.1300E+02  0.3265E+00
  0.1400E+02  0.2989E+00
  0.1500E+02  0.2687E+00
  0.1600E+02  0.2503E+00
  0.1700E+02  0.2363E+00
  0.1800E+02  0.2248E+00
  0.1900E+02  0.2013E+00
  0.2000E+02  0.1867E+00
  0.2100E+02  0.1655E+00
  0.2200E+02  0.1623E+00
  0.2300E+02  0.1504E+00
  0.2400E+02  0.1380E+00
  0.2500E+02  0.1330E+00
  0.2600E+02  0.1288E+00
  0.2700E+02  0.1211E+00
  0.2800E+02  0.1099E+00
  0.2900E+02  0.1052E+00
  0.3000E+02  0.1023E+00
  0.3100E+02  0.9832E-01
  0.3200E+02  0.9876E-01
  0.3300E+02  0.9402E-01
  0.3400E+02  0.8989E-01
  0.3500E+02  0.8646E-01
  0.3600E+02  0.8796E-01
  0.3700E+02  0.8090E-01
  0.3800E+02  0.8341E-01
  0.3900E+02  0.8504E-01
  0.4000E+02  0.8976E-01
  0.4100E+02  0.8874E-01
  0.4200E+02  0.8942E-01
  0.4300E+02  0.9857E-01
  0.4400E+02  0.1041E+00
  0.4500E+02  0.1131E+00
  0.4600E+02  0.1129E+00
  0.4700E+02  0.1303E+00
  0.4800E+02  0.1439E+00
  0.4900E+02  0.1508E+00
  0.5000E+02  0.1594E+00
  0.5100E+02  0.1944E+00
  0.5200E+02  0.1926E+00
  0.5300E+02  0.2183E+00
  0.5400E+02  0.2360E+00
  0.5500E+02  0.2398E+00
  0.5600E+02  0.2649E+00
  0.5700E+02  0.2831E+00
  0.5800E+02  0.3041E+00
  0.5900E+02  0.3328E+00
  0.6000E+02  0.3421E+00
  0.6100E+02  0.3453E+00
  0.6200E+02  0.3655E+00
  0.6300E+02  0.3695E+00
  0.6400E+02  0.3930E+00
  0.6500E+02  0.4123E+00
  0.6600E+02  0.4248E+00
  0.6700E+02  0.4209E+00
  0.6800E+02  0.4390E+00
  0.6900E+02  0.4565E+00
  0.7000E+02  0.4843E+00
  0.7100E+02  0.4912E+00
  0.7200E+02  0.4972E+00
  0.7300E+02  0.5224E+00
  0.7400E+02  0.5403E+00
  0.7500E+02  0.5659E+00
  0.7600E+02  0.5945E+00
  0.7700E+02  0.6193E+00
  0.7800E+02  0.6747E+00
  0.7900E+02  0.6898E+00
  0.8000E+02  0.7097E+00
  0.8100E+02  0.7550E+00
  0.8200E+02  0.8056E+00
  0.8300E+02  0.8399E+00
  0.8400E+02  0.8998E+00
  0.8500E+02  0.9329E+00
  0.8600E+02  0.9586E+00
  0.8700E+02  0.1028E+01
  0.8800E+02  0.1072E+01
  0.8900E+02  0.1133E+01
  0.9000E+02  0.1150E+01
  0.9100E+02  0.1195E+01
  0.9200E+02  0.1229E+01
  0.9300E+02  0.1293E+01
  0.9400E+02  0.1318E+01
  0.9500E+02  0.1362E+01
  0.9600E+02  0.1361E+01
  0.9700E+02  0.1344E+01
  0.9800E+02  0.1358E+01
  0.9900E+02  0.1310E+01
  0.1000E+03  0.1275E+01
  0.1010E+03  0.1234E+01
  0.1020E+03  0.1175E+01
  0.1030E+03  0.1115E+01
  0.1040E+03  0.1039E+01
  0.1050E+03  0.9579E+00
  0.1060E+03  0.8899E+00
  0.1070E+03  0.8574E+00
  0.1080E+03  0.7707E+00
  0.1090E+03  0.7058E+00
  0.1100E+03  0.6682E+00
  0.1110E+03  0.5885E+00
  0.1120E+03  0.5578E+00
  0.1130E+03  0.5096E+00
  0.1140E+03  0.4641E+00
  0.1150E+03  0.4374E+00
  0.1160E+03  0.4033E+00
  0.1170E+03  0.3682E+00
  0.1180E+03  0.3416E+00
  0.1190E+03  0.3183E+00
  0.1200E+03  0.2966E+00
  0.1210E+03  0.2970E+00
  0.1220E+03  0.2740E+00
  0.1230E+03  0.2517E+00
  0.1240E+03  0.2452E+00
  0.1250E+03  0.2382E+00
  0.1260E+03  0.2248E+00
  0.1270E+03  0.2062E+00
  0.1280E+03  0.2054E+00
  0.1290E+03  0.1882E+00
  0.1300E+03  0.1677E+00
  0.1310E+03  0.1765E+00
  0.1320E+03  0.1654E+00
  0.1330E+03  0.1531E+00
  0.1340E+03  0.1510E+00
  0.1350E+03  0.1538E+00
  0.1360E+03  0.1403E+00
  0.1370E+03  0.1361E+00
  0.1380E+03  0.1437E+00
  0.1390E+03  0.1254E+00
  0.1400E+03  0.1283E+00
  0.1410E+03  0.1214E+00
  0.1420E+03  0.1257E+00
  0.1430E+03  0.1179E+00
  0.1440E+03  0.1183E+00
  0.1450E+03  0.1141E+00
  0.1460E+03  0.1161E+00
  0.1470E+03  0.1123E+00
  0.1480E+03  0.1076E+00
  0.1490E+03  0.1068E+00
  0.1500E+03  0.1105E+00
  0.1510E+03  0.1063E+00
  0.1520E+03  0.1057E+00
  0.1530E+03  0.1038E+00
  0.1540E+03  0.9883E-01
  0.1550E+03  0.1081E+00
  0.1560E+03  0.9784E-01
  0.1570E+03  0.1054E+00
  0.1580E+03  0.9906E-01
  0.1590E+03  0.9998E-01
  0.1600E+03  0.1052E+00
  0.1610E+03  0.1025E+00
  0.1620E+03  0.1013E+00
  0.1630E+03  0.9447E-01
  0.1640E+03  0.9398E-01
  0.1650E+03  0.9612E-01
  0.1660E+03  0.8517E-01
  0.1670E+03  0.9067E-01
  0.1680E+03  0.8462E-01
  0.1690E+03  0.8622E-01
  0.1700E+03  0.8510E-01
  0.1710E+03  0.8875E-01
  0.1720E+03  0.8368E-01
  0.1730E+03  0.8337E-01
  0.1740E+03  0.8029E-01
  0.1750E+03  0.8773E-01
  0.1760E+03  0.7765E-01
  0.1770E+03  0.7065E-01
  0.1780E+03  0.7095E-01
  0.1790E+03  0.6773E-01
  0.1800E+03  0.7080E-01
  0.1810E+03  0.7184E-01
  0.1820E+03  0.6563E-01
  0.1830E+03  0.6110E-01
  0.1840E+03  0.6135E-01
  0.1850E+03  0.6679E-01
  0.1860E+03  0.5994E-01
  0.1870E+03  0.7032E-01
  0.1880E+03  0.5563E-01
  0.1890E+03  0.5124E-01
  0.1900E+03  0.5727E-01
  0.1910E+03  0.5193E-01
  0.1920E+03  0.4486E-01
  0.1930E+03  0.5453E-01
  0.1940E+03  0.4346E-01
  0.1950E+03  0.4899E-01
  0.1960E+03  0.4226E-01
  0.1970E+03  0.4296E-01
  0.1980E+03  0.4018E-01
  0.1990E+03  0.4402E-01
  0.2000E+03  0.4159E-01
  0.2010E+03  0.4201E-01
  0.2020E+03  0.3226E-01
  0.2030E+03  0.3518E-01
  0.2040E+03  0.3726E-01
  0.2050E+03  0.3571E-01
  0.2060E+03  0.3385E-01
  0.2070E+03  0.3311E-01
  0.2080E+03  0.3772E-01
  0.2090E+03  0.2911E-01
  0.2100E+03  0.3007E-01
  0.2110E+03  0.3683E-01
  0.2120E+03  0.3103E-01
  0.2130E+03  0.3003E-01
  0.2140E+03  0.2809E-01
  0.2150E+03  0.3085E-01
  0.2160E+03  0.2491E-01
  0.2170E+03  0.2624E-01
  0.2180E+03  0.2143E-01
  0.2190E+03  0.2000E-01
  0.2200E+03  0.2626E-01
  0.2210E+03  0.2247E-01
  0.2220E+03  0.2230E-01
  0.2230E+03  0.2253E-01
  0.2240E+03  0.1862E-01
  0.2250E+03  0.1896E-01
  0.2260E+03  0.1818E-01
  0.2270E+03  0.1748E-01
  0.2280E+03  0.1890E-01
  0.2290E+03  0.2604E-01
  0.2300E+03  0.1716E-01
  0.2310E+03  0.2165E-01
  0.2320E+03  0.1333E-01
  0.2330E+03  0.1694E-01
  0.2340E+03  0.2022E-01
  0.2350E+03  0.1689E-01
  0.2360E+03  0.1557E-01
  0.2370E+03  0.1444E-01
  0.2380E+03  0.1434E-01
  0.2390E+03  0.1378E-01
  0.2400E+03  0.1333E-01
  0.2410E+03  0.1113E-01
  0.2420E+03  0.1427E-01
  0.2430E+03  0.1054E-01
  0.2440E+03  0.9495E-02
  0.2450E+03  0.1124E-01
  0.2460E+03  0.1229E-01
  0.2470E+03  0.1062E-01
  0.2480E+03  0.1030E-01
  0.2490E+03  0.8183E-02
  0.2500E+03  0.9844E-02
  0.2510E+03  0.1347E-01
  0.2520E+03  0.9952E-02
  0.2530E+03  0.9387E-02
  0.2540E+03  0.8948E-02
  0.2550E+03  0.7803E-02
  0.2560E+03  0.1007E-01
  0.2570E+03  0.6724E-02
  0.2580E+03  0.8817E-02
  0.2590E+03  0.9997E-02
  0.2600E+03  0.7198E-02
  0.2610E+03  0.5872E-02
  0.2620E+03  0.7009E-02
  0.2630E+03  0.1059E-01
  0.2640E+03  0.8022E-02
  0.2650E+03  0.9170E-02
  0.2660E+03  0.5915E-02
  0.2670E+03  0.6513E-02
  0.2680E+03  0.6012E-02
  0.2690E+03  0.8754E-02
  0.2700E+03  0.6348E-02
  0.2710E+03  0.7246E-02
  0.2720E+03  0.6799E-02
  0.2730E+03  0.5136E-02
  0.2740E+03  0.8036E-02
  0.2750E+03  0.6846E-02
  0.2760E+03  0.9482E-02
  0.2770E+03  0.7993E-02
  0.2780E+03  0.6345E-02
  0.2790E+03  0.8624E-02
  0.2800E+03  0.4703E-02
  0.2810E+03  0.6096E-02
  0.2820E+03  0.4503E-02
  0.2830E+03  0.5544E-02
  0.2840E+03  0.4171E-02
  0.2850E+03  0.6396E-02
  0.2860E+03  0.5001E-02
  0.2870E+03  0.4040E-02
  0.2880E+03  0.4836E-02
  0.2890E+03  0.4506E-02
  0.2900E+03  0.4656E-02
  0.2910E+03  0.5287E-02
  0.2920E+03  0.4070E-02
  0.2930E+03  0.4912E-02
  0.2940E+03  0.3740E-02
  0.2950E+03  0.5097E-02
  0.2960E+03  0.5602E-02
  0.2970E+03  0.6054E-02
  0.2980E+03  0.6232E-02
  0.2990E+03  0.8595E-02
  0.3000E+03  0.5710E-02
  0.3010E+03  0.3079E-02
  0.3020E+03  0.3916E-02
  0.3030E+03  0.4491E-02
  0.3040E+03  0.5353E-02
  0.3050E+03  0.6191E-02
  0.3060E+03  0.2401E-02
  0.3070E+03  0.4799E-02
  0.3080E+03  0.5459E-02
  0.3090E+03  0.4422E-02
  0.3100E+03  0.2884E-02
  0.3110E+03  0.5765E-02
  0.3120E+03  0.2907E-02
  0.3130E+03  0.4072E-02
  0.3140E+03  0.3969E-02
  0.3150E+03  0.4717E-02
  0.3160E+03  0.4493E-02
  0.3170E+03  0.4874E-02
  0.3180E+03  0.6153E-02
  0.3190E+03  0.3801E-02
  0.3200E+03  0.1768E-02
  0.3210E+03  0.4544E-02
  0.3220E+03  0.3756E-02
  0.3230E+03  0.4359E-02
  0.3240E+03  0.4142E-02
  0.3250E+03  0.3493E-02
  0.3260E+03  0.3596E-02
  0.3270E+03  0.3885E-02
  0.3280E+03  0.3043E-02
  0.3290E+03  0.3492E-02
  0.3300E+03  0.3723E-02
  0.3310E+03  0.2613E-02
  0.3320E+03  0.3878E-02
  0.3330E+03  0.3934E-02
  0.3340E+03  0.2949E-02
  0.3350E+03  0.3131E-02
  0.3360E+03  0.1802E-02
  0.3370E+03  0.2642E-02
  0.3380E+03  0.3465E-02
  0.3390E+03  0.1591E-02
  0.3400E+03  0.3085E-02
  0.3410E+03  0.3393E-02
  0.3420E+03  0.2884E-02
  0.3430E+03  0.2809E-02
  0.3440E+03  0.2871E-02
  0.3450E+03  0.1687E-02
  0.3460E+03  0.2444E-02
  0.3470E+03  0.2428E-02
  0.3480E+03  0.2457E-02
  0.3490E+03  0.1661E-02
  0.3500E+03  0.2553E-02
  0.3510E+03  0.2483E-02
  0.3520E+03  0.2407E-02
  0.3530E+03  0.1523E-02
  0.3540E+03  0.1577E-02
  0.3550E+03  0.3491E-02
  0.3560E+03  0.3672E-02
  0.3570E+03  0.3381E-02
  0.3580E+03  0.2464E-02
  0.3590E+03  0.1338E-02
  0.3600E+03  0.1647E-02
  0.3610E+03  0.2194E-02
  0.3620E+03  0.1019E-02
  0.3630E+03  0.3008E-02
  0.3640E+03  0.2321E-02
  0.3650E+03  0.2578E-02
  0.3660E+03  0.2640E-02
  0.3670E+03  0.2870E-02
  0.3680E+03  0.1014E-02
  0.3690E+03  0.1970E-02
  0.3700E+03  0.3389E-02
  0.3710E+03  0.1465E-02
  0.3720E+03  0.2101E-02
  0.3730E+03  0.1831E-02
  0.3740E+03  0.9827E-03
  0.3750E+03  0.1034E-02
  0.3760E+03  0.7060E-03
  0.3770E+03  0.2198E-02
  0.3780E+03  0.1402E-02
  0.3790E+03  0.2170E-02
  0.3800E+03  0.2560E-02
  0.3810E+03  0.2027E-02
  0.3820E+03  0.1650E-02
  0.3830E+03  0.1463E-02
  0.3840E+03  0.1229E-02
  0.3850E+03  0.2152E-02
  0.3860E+03  0.1755E-02
  0.3870E+03  0.1753E-02
  0.3880E+03  0.1603E-02
  0.3890E+03  0.2993E-02
  0.3900E+03  0.1772E-02
  0.3910E+03  0.1977E-02
  0.3920E+03  0.3044E-02
  0.3930E+03  0.1187E-02
  0.3940E+03  0.1943E-02
  0.3950E+03  0.6417E-03
  0.3960E+03  0.1570E-02
  0.3970E+03  0.6399E-03
  0.3980E+03  0.1276E-02
  0.3990E+03  0.7216E-03
  0.4000E+03  0.1955E-02
  0.4010E+03  0.7201E-03
  0.4020E+03  0.6953E-03
  0.4030E+03  0.2533E-02
  0.4040E+03  0.1637E-02
  0.4050E+03  0.1394E-02
  0.4060E+03  0.5223E-03
  0.4070E+03  0.2067E-02
  0.4080E+03  0.7227E-03
  0.4090E+03  0.9640E-03
  0.4100E+03  0.3809E-03
  0.4110E+03  0.3040E-03
  0.4120E+03  0.1865E-02
  0.4130E+03  0.4199E-03
  0.4140E+03  0.1781E-02
  0.4150E+03  0.1793E-02
  0.4160E+03  0.2107E-02
  0.4170E+03  0.1887E-02
  0.4180E+03  0.8985E-03
  0.4190E+03  0.1934E-02
  0.4200E+03  0.1488E-02
  0.4210E+03  0.4301E-03
  0.4220E+03  0.8563E-03
  0.4230E+03  0.5437E-03
  0.4240E+03  0.9117E-03
  0.4250E+03  0.8297E-03
  0.4260E+03  0.4621E-03
  0.4270E+03  0.1195E-02
  0.4280E+03  0.4434E-03
  0.4290E+03  0.1150E-02
  0.4300E+03  0.6421E-03
  0.4310E+03  0.9659E-03
  0.4320E+03  0.5262E-03
  0.4330E+03  0.7060E-03
  0.4340E+03  0.1366E-03
  0.4350E+03  0.9414E-03
  0.4360E+03  0.9757E-03
  0.4370E+03  0.3120E-03
  0.4380E+03  0.5543E-03
  0.4390E+03  0.6439E-03
  0.4400E+03  0.1194E-02
  0.4410E+03  0.1514E-02
  0.4420E+03  0.1032E-02
  0.4430E+03  0.4274E-03
  0.4440E+03  0.1122E-02
  0.4450E+03  0.6626E-03
  0.4460E+03  0.9663E-03
  0.4470E+03  0.4786E-04
  0.4480E+03  0.6367E-03
  0.4490E+03  0.1226E-03
  0.4500E+03  0.3997E-03
  0.4510E+03  0.1199E-02
  0.4520E+03  0.1529E-04
  0.4530E+03  0.7516E-04
  0.4540E+03  0.5000E-03
  0.4550E+03  0.3805E-03
  0.4560E+03  0.1494E-03
  0.4570E+03  0.4845E-03
  0.4580E+03  0.4098E-03
  0.4590E+03  0.8554E-03
  0.4600E+03  0.3437E-03
  0.4610E+03  0.9016E-03
  0.4620E+03  0.4247E-03
  0.4630E+03  0.6831E-03
  0.4640E+03  0.7916E-03
  0.4650E+03  0.4641E-03
  0.4660E+03  0.2846E-03
  0.4670E+03  0.7917E-03
  0.4680E+03  0.6629E-04
  0.4690E+03  0.1933E-02
  0.4700E+03  0.1525E-02
  0.4710E+03  0.1676E-03
  0.4720E+03  0.8497E-03
  0.4730E+03  0.9765E-03
  0.4740E+03  0.2516E-03
  0.4750E+03  0.1862E-03
  0.4760E+03  0.1055E-02
  0.4770E+03  0.4276E-03
  0.4780E+03  0.2396E-03
  0.4790E+03  0.4981E-05
  0.4800E+03  0.7028E-03
  0.4810E+03  0.6998E-03
  0.4820E+03  0.1492E-03
  0.4830E+03  0.5852E-03
  0.4840E+03  0.5545E-03
  0.4850E+03  0.6187E-03
  0.4860E+03  0.4689E-03
  0.4870E+03  0.1075E-03
  0.4880E+03  0.0000E+00
  0.4890E+03  0.1254E-05
  0.4900E+03  0.6374E-03
  0.4910E+03  0.2240E-03
  0.4920E+03  0.4120E-03
  0.4930E+03  0.1120E-02
  0.4940E+03  0.1871E-04
  0.4950E+03  0.3758E-03
  0.4960E+03  0.0000E+00
  0.4970E+03  0.5317E-03
  0.4980E+03  0.3753E-03
  0.4990E+03  0.4353E-03
  0.5000E+03  0.2167E-03
  0.5010E+03  0.0000E+00
  0.5020E+03  0.2578E-05
  0.5030E+03  0.5264E-03
  0.5040E+03  0.1228E-05
  0.5050E+03  0.0000E+00
  0.5060E+03  0.1606E-03
  0.5070E+03  0.2094E-03
  0.5080E+03  0.0000E+00
  0.5090E+03  0.0000E+00
  0.5100E+03  0.2685E-03
  0.5110E+03  0.0000E+00
  0.5120E+03  0.0000E+00
