  0.1000E+01  0.1499E+01
  0.2000E+01  0.1569E+01
  0.3000E+01  0.1495E+01
  0.4000E+01  0.1423E+01
  0.5000E+01  0.1366E+01
  0.6000E+01  0.1259E+01
  0.7000E+01  0.1142E+01
  0.8000E+01  0.1014E+01
  0.9000E+01  0.9303E+00
  0.1000E+02  0.8349E+00
  0.1100E+02  0.7841E+00
  0.1200E+02  0.7016E+00
  0.1300E+02  0.6286E+00
  0.1400E+02  0.5510E+00
  0.1500E+02  0.5160E+00
  0.1600E+02  0.4557E+00
  0.1700E+02  0.3783E+00
  0.1800E+02  0.3281E+00
  0.1900E+02  0.2735E+00
  0.2000E+02  0.2366E+00
  0.2100E+02  0.2127E+00
  0.2200E+02  0.1769E+00
  0.2300E+02  0.1400E+00
  0.2400E+02  0.1385E+00
  0.2500E+02  0.1088E+00
  0.2600E+02  0.1054E+00
  0.2700E+02  0.9351E-01
  0.2800E+02  0.1001E+00
  0.2900E+02  0.9174E-01
  0.3000E+02  0.1022E+00
  0.3100E+02  0.1184E+00
  0.3200E+02  0.1286E+00
  0.3300E+02  0.1407E+00
  0.3400E+02  0.1581E+00
  0.3500E+02  0.2300E+00
  0.3600E+02  0.3458E+00
  0.3700E+02  0.4797E+00
  0.3800E+02  0.7599E+00
  0.3900E+02  0.1051E+01
  0.4000E+02  0.1389E+01
  0.4100E+02  0.1775E+01
  0.4200E+02  0.2299E+01
  0.4300E+02  0.2783E+01
  0.4400E+02  0.3236E+01
  0.4500E+02  0.3465E+01
  0.4600E+02  0.3775E+01
  0.4700E+02  0.3927E+01
  0.4800E+02  0.4172E+01
  0.4900E+02  0.4273E+01
  0.5000E+02  0.4575E+01
  0.5100E+02  0.4818E+01
  0.5200E+02  0.5059E+01
  0.5300E+02  0.5380E+01
  0.5400E+02  0.5734E+01
  0.5500E+02  0.6006E+01
  0.5600E+02  0.6119E+01
  0.5700E+02  0.6123E+01
  0.5800E+02  0.5860E+01
  0.5900E+02  0.5435E+01
  0.6000E+02  0.4762E+01
  0.6100E+02  0.4076E+01
  0.6200E+02  0.3272E+01
  0.6300E+02  0.2669E+01
  0.6400E+02  0.2214E+01
  0.6500E+02  0.2133E+01
  0.6600E+02  0.2288E+01
  0.6700E+02  0.2765E+01
  0.6800E+02  0.3712E+01
  0.6900E+02  0.4999E+01
  0.7000E+02  0.6483E+01
  0.7100E+02  0.7938E+01
  0.7200E+02  0.9252E+01
  0.7300E+02  0.9809E+01
  0.7400E+02  0.1047E+02
  0.7500E+02  0.1060E+02
  0.7600E+02  0.1004E+02
  0.7700E+02  0.9014E+01
  0.7800E+02  0.7845E+01
  0.7900E+02  0.6563E+01
  0.8000E+02  0.5513E+01
  0.8100E+02  0.4828E+01
  0.8200E+02  0.4526E+01
  0.8300E+02  0.4144E+01
  0.8400E+02  0.3965E+01
  0.8500E+02  0.3919E+01
  0.8600E+02  0.3505E+01
  0.8700E+02  0.3140E+01
  0.8800E+02  0.2830E+01
  0.8900E+02  0.2624E+01
  0.9000E+02  0.2111E+01
  0.9100E+02  0.1833E+01
  0.9200E+02  0.1269E+01
  0.9300E+02  0.1061E+01
  0.9400E+02  0.8132E+00
  0.9500E+02  0.5916E+00
  0.9600E+02  0.4928E+00
  0.9700E+02  0.4217E+00
  0.9800E+02  0.3446E+00
  0.9900E+02  0.3338E+00
  0.1000E+03  0.3181E+00
  0.1010E+03  0.3010E+00
  0.1020E+03  0.2846E+00
  0.1030E+03  0.2896E+00
  0.1040E+03  0.2682E+00
  0.1050E+03  0.2508E+00
  0.1060E+03  0.2461E+00
  0.1070E+03  0.2501E+00
  0.1080E+03  0.2541E+00
  0.1090E+03  0.2652E+00
  0.1100E+03  0.2880E+00
  0.1110E+03  0.3267E+00
  0.1120E+03  0.3822E+00
  0.1130E+03  0.4475E+00
  0.1140E+03  0.5562E+00
  0.1150E+03  0.7135E+00
  0.1160E+03  0.9256E+00
  0.1170E+03  0.1178E+01
  0.1180E+03  0.1532E+01
  0.1190E+03  0.1914E+01
  0.1200E+03  0.2375E+01
  0.1210E+03  0.2914E+01
  0.1220E+03  0.3559E+01
  0.1230E+03  0.4171E+01
  0.1240E+03  0.4780E+01
  0.1250E+03  0.5453E+01
  0.1260E+03  0.6002E+01
  0.1270E+03  0.6454E+01
  0.1280E+03  0.6897E+01
  0.1290E+03  0.7122E+01
  0.1300E+03  0.7374E+01
  0.1310E+03  0.7346E+01
  0.1320E+03  0.7310E+01
  0.1330E+03  0.7173E+01
  0.1340E+03  0.6955E+01
  0.1350E+03  0.6898E+01
  0.1360E+03  0.6980E+01
  0.1370E+03  0.7133E+01
  0.1380E+03  0.7856E+01
  0.1390E+03  0.9118E+01
  0.1400E+03  0.1090E+02
  0.1410E+03  0.1385E+02
  0.1420E+03  0.1803E+02
  0.1430E+03  0.2355E+02
  0.1440E+03  0.3136E+02
  0.1450E+03  0.4112E+02
  0.1460E+03  0.5362E+02
  0.1470E+03  0.6861E+02
  0.1480E+03  0.8647E+02
  0.1490E+03  0.1070E+03
  0.1500E+03  0.1302E+03
  0.1510E+03  0.1549E+03
  0.1520E+03  0.1807E+03
  0.1530E+03  0.2070E+03
  0.1540E+03  0.2324E+03
  0.1550E+03  0.2548E+03
  0.1560E+03  0.2743E+03
  0.1570E+03  0.2886E+03
  0.1580E+03  0.2976E+03
  0.1590E+03  0.2998E+03
  0.1600E+03  0.2973E+03
  0.1610E+03  0.2872E+03
  0.1620E+03  0.2718E+03
  0.1630E+03  0.2521E+03
  0.1640E+03  0.2291E+03
  0.1650E+03  0.2030E+03
  0.1660E+03  0.1769E+03
  0.1670E+03  0.1505E+03
  0.1680E+03  0.1257E+03
  0.1690E+03  0.1024E+03
  0.1700E+03  0.8206E+02
  0.1710E+03  0.6419E+02
  0.1720E+03  0.4918E+02
  0.1730E+03  0.3695E+02
  0.1740E+03  0.2703E+02
  0.1750E+03  0.1937E+02
  0.1760E+03  0.1369E+02
  0.1770E+03  0.9467E+01
  0.1780E+03  0.6409E+01
  0.1790E+03  0.4212E+01
  0.1800E+03  0.2747E+01
  0.1810E+03  0.1697E+01
  0.1820E+03  0.1094E+01
  0.1830E+03  0.6444E+00
  0.1840E+03  0.3763E+00
  0.1850E+03  0.2277E+00
  0.1860E+03  0.1235E+00
  0.1870E+03  0.7063E-01
  0.1880E+03  0.3886E-01
  0.1890E+03  0.2157E-01
  0.1900E+03  0.1411E-01
  0.1910E+03  0.6082E-02
  0.1920E+03  0.3658E-02
  0.1930E+03  0.7258E-03
  0.1940E+03  0.4730E-03
  0.1950E+03  0.9515E-03
  0.1960E+03  0.4393E-04
  0.1970E+03  0.0000E+00
  0.1980E+03  0.2729E-03
  0.1990E+03  0.0000E+00
  0.2000E+03  0.0000E+00
  0.2010E+03  0.0000E+00
  0.2020E+03  0.0000E+00
  0.2030E+03  0.0000E+00
  0.2040E+03  0.0000E+00
  0.2050E+03  0.0000E+00
  0.2060E+03  0.0000E+00
  0.2070E+03  0.0000E+00
  0.2080E+03  0.0000E+00
  0.2090E+03  0.0000E+00
  0.2100E+03  0.0000E+00
  0.2110E+03  0.0000E+00
  0.2120E+03  0.0000E+00
  0.2130E+03  0.0000E+00
  0.2140E+03  0.0000E+00
  0.2150E+03  0.0000E+00
  0.2160E+03  0.0000E+00
  0.2170E+03  0.0000E+00
  0.2180E+03  0.0000E+00
  0.2190E+03  0.0000E+00
  0.2200E+03  0.0000E+00
  0.2210E+03  0.0000E+00
  0.2220E+03  0.0000E+00
  0.2230E+03  0.0000E+00
  0.2240E+03  0.0000E+00
  0.2250E+03  0.0000E+00
  0.2260E+03  0.0000E+00
  0.2270E+03  0.0000E+00
  0.2280E+03  0.0000E+00
  0.2290E+03  0.0000E+00
  0.2300E+03  0.0000E+00
  0.2310E+03  0.0000E+00
  0.2320E+03  0.0000E+00
  0.2330E+03  0.0000E+00
  0.2340E+03  0.0000E+00
  0.2350E+03  0.0000E+00
  0.2360E+03  0.0000E+00
  0.2370E+03  0.0000E+00
  0.2380E+03  0.0000E+00
  0.2390E+03  0.0000E+00
  0.2400E+03  0.0000E+00
  0.2410E+03  0.0000E+00
  0.2420E+03  0.0000E+00
  0.2430E+03  0.0000E+00
  0.2440E+03  0.0000E+00
  0.2450E+03  0.0000E+00
  0.2460E+03  0.0000E+00
  0.2470E+03  0.0000E+00
  0.2480E+03  0.0000E+00
  0.2490E+03  0.0000E+00
  0.2500E+03  0.0000E+00
  0.2510E+03  0.0000E+00
  0.2520E+03  0.0000E+00
  0.2530E+03  0.0000E+00
  0.2540E+03  0.0000E+00
  0.2550E+03  0.0000E+00
  0.2560E+03  0.0000E+00
  0.2570E+03  0.0000E+00
  0.2580E+03  0.0000E+00
  0.2590E+03  0.0000E+00
  0.2600E+03  0.0000E+00
  0.2610E+03  0.0000E+00
  0.2620E+03  0.0000E+00
  0.2630E+03  0.0000E+00
  0.2640E+03  0.0000E+00
  0.2650E+03  0.0000E+00
  0.2660E+03  0.0000E+00
  0.2670E+03  0.0000E+00
  0.2680E+03  0.0000E+00
  0.2690E+03  0.0000E+00
  0.2700E+03  0.0000E+00
  0.2710E+03  0.0000E+00
  0.2720E+03  0.0000E+00
  0.2730E+03  0.0000E+00
  0.2740E+03  0.0000E+00
  0.2750E+03  0.0000E+00
  0.2760E+03  0.0000E+00
  0.2770E+03  0.0000E+00
  0.2780E+03  0.0000E+00
  0.2790E+03  0.0000E+00
  0.2800E+03  0.0000E+00
  0.2810E+03  0.0000E+00
  0.2820E+03  0.0000E+00
  0.2830E+03  0.0000E+00
  0.2840E+03  0.0000E+00
  0.2850E+03  0.0000E+00
  0.2860E+03  0.0000E+00
  0.2870E+03  0.0000E+00
  0.2880E+03  0.0000E+00
  0.2890E+03  0.0000E+00
  0.2900E+03  0.0000E+00
  0.2910E+03  0.0000E+00
  0.2920E+03  0.0000E+00
  0.2930E+03  0.0000E+00
  0.2940E+03  0.0000E+00
  0.2950E+03  0.0000E+00
  0.2960E+03  0.0000E+00
  0.2970E+03  0.0000E+00
  0.2980E+03  0.0000E+00
  0.2990E+03  0.0000E+00
  0.3000E+03  0.0000E+00
  0.3010E+03  0.0000E+00
  0.3020E+03  0.0000E+00
  0.3030E+03  0.0000E+00
  0.3040E+03  0.0000E+00
  0.3050E+03  0.0000E+00
  0.3060E+03  0.0000E+00
  0.3070E+03  0.0000E+00
  0.3080E+03  0.0000E+00
  0.3090E+03  0.0000E+00
  0.3100E+03  0.0000E+00
  0.3110E+03  0.0000E+00
  0.3120E+03  0.0000E+00
  0.3130E+03  0.0000E+00
  0.3140E+03  0.0000E+00
  0.3150E+03  0.0000E+00
  0.3160E+03  0.0000E+00
  0.3170E+03  0.0000E+00
  0.3180E+03  0.0000E+00
  0.3190E+03  0.0000E+00
  0.3200E+03  0.0000E+00
  0.3210E+03  0.0000E+00
  0.3220E+03  0.0000E+00
  0.3230E+03  0.0000E+00
  0.3240E+03  0.0000E+00
  0.3250E+03  0.0000E+00
  0.3260E+03  0.0000E+00
  0.3270E+03  0.0000E+00
  0.3280E+03  0.0000E+00
  0.3290E+03  0.0000E+00
  0.3300E+03  0.0000E+00
  0.3310E+03  0.0000E+00
  0.3320E+03  0.0000E+00
  0.3330E+03  0.0000E+00
  0.3340E+03  0.0000E+00
  0.3350E+03  0.0000E+00
  0.3360E+03  0.0000E+00
  0.3370E+03  0.0000E+00
  0.3380E+03  0.0000E+00
  0.3390E+03  0.0000E+00
  0.3400E+03  0.0000E+00
  0.3410E+03  0.0000E+00
  0.3420E+03  0.0000E+00
  0.3430E+03  0.0000E+00
  0.3440E+03  0.0000E+00
  0.3450E+03  0.0000E+00
  0.3460E+03  0.0000E+00
  0.3470E+03  0.0000E+00
  0.3480E+03  0.0000E+00
  0.3490E+03  0.0000E+00
  0.3500E+03  0.0000E+00
  0.3510E+03  0.0000E+00
  0.3520E+03  0.0000E+00
  0.3530E+03  0.0000E+00
  0.3540E+03  0.0000E+00
  0.3550E+03  0.0000E+00
  0.3560E+03  0.0000E+00
  0.3570E+03  0.0000E+00
  0.3580E+03  0.0000E+00
  0.3590E+03  0.0000E+00
  0.3600E+03  0.0000E+00
  0.3610E+03  0.0000E+00
  0.3620E+03  0.0000E+00
  0.3630E+03  0.0000E+00
  0.3640E+03  0.0000E+00
  0.3650E+03  0.0000E+00
  0.3660E+03  0.0000E+00
  0.3670E+03  0.0000E+00
  0.3680E+03  0.0000E+00
  0.3690E+03  0.0000E+00
  0.3700E+03  0.0000E+00
  0.3710E+03  0.0000E+00
  0.3720E+03  0.0000E+00
  0.3730E+03  0.0000E+00
  0.3740E+03  0.0000E+00
  0.3750E+03  0.0000E+00
  0.3760E+03  0.0000E+00
  0.3770E+03  0.0000E+00
  0.3780E+03  0.0000E+00
  0.3790E+03  0.0000E+00
  0.3800E+03  0.0000E+00
  0.3810E+03  0.0000E+00
  0.3820E+03  0.0000E+00
  0.3830E+03  0.0000E+00
  0.3840E+03  0.0000E+00
  0.3850E+03  0.0000E+00
  0.3860E+03  0.0000E+00
  0.3870E+03  0.0000E+00
  0.3880E+03  0.0000E+00
  0.3890E+03  0.0000E+00
  0.3900E+03  0.0000E+00
  0.3910E+03  0.0000E+00
  0.3920E+03  0.0000E+00
  0.3930E+03  0.0000E+00
  0.3940E+03  0.0000E+00
  0.3950E+03  0.0000E+00
  0.3960E+03  0.0000E+00
  0.3970E+03  0.0000E+00
  0.3980E+03  0.0000E+00
  0.3990E+03  0.0000E+00
  0.4000E+03  0.0000E+00
  0.4010E+03  0.0000E+00
  0.4020E+03  0.0000E+00
  0.4030E+03  0.0000E+00
  0.4040E+03  0.0000E+00
  0.4050E+03  0.0000E+00
  0.4060E+03  0.0000E+00
  0.4070E+03  0.0000E+00
  0.4080E+03  0.0000E+00
  0.4090E+03  0.0000E+00
  0.4100E+03  0.0000E+00
  0.4110E+03  0.0000E+00
  0.4120E+03  0.0000E+00
  0.4130E+03  0.0000E+00
  0.4140E+03  0.0000E+00
  0.4150E+03  0.0000E+00
  0.4160E+03  0.0000E+00
  0.4170E+03  0.0000E+00
  0.4180E+03  0.0000E+00
  0.4190E+03  0.0000E+00
  0.4200E+03  0.0000E+00
  0.4210E+03  0.0000E+00
  0.4220E+03  0.0000E+00
  0.4230E+03  0.0000E+00
  0.4240E+03  0.0000E+00
  0.4250E+03  0.0000E+00
  0.4260E+03  0.0000E+00
  0.4270E+03  0.0000E+00
  0.4280E+03  0.0000E+00
  0.4290E+03  0.0000E+00
  0.4300E+03  0.0000E+00
  0.4310E+03  0.0000E+00
  0.4320E+03  0.0000E+00
  0.4330E+03  0.0000E+00
  0.4340E+03  0.0000E+00
  0.4350E+03  0.0000E+00
  0.4360E+03  0.0000E+00
  0.4370E+03  0.0000E+00
  0.4380E+03  0.0000E+00
  0.4390E+03  0.0000E+00
  0.4400E+03  0.0000E+00
  0.4410E+03  0.0000E+00
  0.4420E+03  0.0000E+00
  0.4430E+03  0.0000E+00
  0.4440E+03  0.0000E+00
  0.4450E+03  0.0000E+00
  0.4460E+03  0.0000E+00
  0.4470E+03  0.0000E+00
  0.4480E+03  0.0000E+00
  0.4490E+03  0.0000E+00
  0.4500E+03  0.0000E+00
  0.4510E+03  0.0000E+00
  0.4520E+03  0.0000E+00
  0.4530E+03  0.0000E+00
  0.4540E+03  0.0000E+00
  0.4550E+03  0.0000E+00
  0.4560E+03  0.0000E+00
  0.4570E+03  0.0000E+00
  0.4580E+03  0.0000E+00
  0.4590E+03  0.0000E+00
  0.4600E+03  0.0000E+00
  0.4610E+03  0.0000E+00
  0.4620E+03  0.0000E+00
  0.4630E+03  0.0000E+00
  0.4640E+03  0.0000E+00
  0.4650E+03  0.0000E+00
  0.4660E+03  0.0000E+00
  0.4670E+03  0.0000E+00
  0.4680E+03  0.0000E+00
  0.4690E+03  0.0000E+00
  0.4700E+03  0.0000E+00
  0.4710E+03  0.0000E+00
  0.4720E+03  0.0000E+00
  0.4730E+03  0.0000E+00
  0.4740E+03  0.0000E+00
  0.4750E+03  0.0000E+00
  0.4760E+03  0.0000E+00
  0.4770E+03  0.0000E+00
  0.4780E+03  0.0000E+00
  0.4790E+03  0.0000E+00
  0.4800E+03  0.0000E+00
  0.4810E+03  0.0000E+00
  0.4820E+03  0.0000E+00
  0.4830E+03  0.0000E+00
  0.4840E+03  0.0000E+00
  0.4850E+03  0.0000E+00
  0.4860E+03  0.0000E+00
  0.4870E+03  0.0000E+00
  0.4880E+03  0.0000E+00
  0.4890E+03  0.0000E+00
  0.4900E+03  0.0000E+00
  0.4910E+03  0.0000E+00
  0.4920E+03  0.0000E+00
  0.4930E+03  0.0000E+00
  0.4940E+03  0.0000E+00
  0.4950E+03  0.0000E+00
  0.4960E+03  0.0000E+00
  0.4970E+03  0.0000E+00
  0.4980E+03  0.0000E+00
  0.4990E+03  0.0000E+00
  0.5000E+03  0.0000E+00
  0.5010E+03  0.0000E+00
  0.5020E+03  0.0000E+00
  0.5030E+03  0.0000E+00
  0.5040E+03  0.0000E+00
  0.5050E+03  0.0000E+00
  0.5060E+03  0.0000E+00
  0.5070E+03  0.0000E+00
  0.5080E+03  0.0000E+00
  0.5090E+03  0.0000E+00
  0.5100E+03  0.0000E+00
  0.5110E+03  0.0000E+00
  0.5120E+03  0.0000E+00
