  0.1000E+01  0.3618E+01
  0.2000E+01  0.3902E+01
  0.3000E+01  0.3975E+01
  0.4000E+01  0.3913E+01
  0.5000E+01  0.3850E+01
  0.6000E+01  0.3729E+01
  0.7000E+01  0.3631E+01
  0.8000E+01  0.3479E+01
  0.9000E+01  0.3341E+01
  0.1000E+02  0.3194E+01
  0.1100E+02  0.2986E+01
  0.1200E+02  0.2865E+01
  0.1300E+02  0.2731E+01
  0.1400E+02  0.2572E+01
  0.1500E+02  0.2427E+01
  0.1600E+02  0.2245E+01
  0.1700E+02  0.2072E+01
  0.1800E+02  0.2002E+01
  0.1900E+02  0.1875E+01
  0.2000E+02  0.1728E+01
  0.2100E+02  0.1627E+01
  0.2200E+02  0.1494E+01
  0.2300E+02  0.1365E+01
  0.2400E+02  0.1333E+01
  0.2500E+02  0.1209E+01
  0.2600E+02  0.1145E+01
  0.2700E+02  0.1049E+01
  0.2800E+02  0.9708E+00
  0.2900E+02  0.9037E+00
  0.3000E+02  0.8287E+00
  0.3100E+02  0.7638E+00
  0.3200E+02  0.6971E+00
  0.3300E+02  0.6554E+00
  0.3400E+02  0.6052E+00
  0.3500E+02  0.5805E+00
  0.3600E+02  0.5611E+00
  0.3700E+02  0.5553E+00
  0.3800E+02  0.4972E+00
  0.3900E+02  0.4727E+00
  0.4000E+02  0.4764E+00
  0.4100E+02  0.4764E+00
  0.4200E+02  0.4977E+00
  0.4300E+02  0.4846E+00
  0.4400E+02  0.5332E+00
  0.4500E+02  0.5696E+00
  0.4600E+02  0.6135E+00
  0.4700E+02  0.6409E+00
  0.4800E+02  0.7444E+00
  0.4900E+02  0.7889E+00
  0.5000E+02  0.8986E+00
  0.5100E+02  0.9793E+00
  0.5200E+02  0.1104E+01
  0.5300E+02  0.1242E+01
  0.5400E+02  0.1314E+01
  0.5500E+02  0.1454E+01
  0.5600E+02  0.1548E+01
  0.5700E+02  0.1691E+01
  0.5800E+02  0.1805E+01
  0.5900E+02  0.1930E+01
  0.6000E+02  0.2009E+01
  0.6100E+02  0.2126E+01
  0.6200E+02  0.2233E+01
  0.6300E+02  0.2307E+01
  0.6400E+02  0.2420E+01
  0.6500E+02  0.2497E+01
  0.6600E+02  0.2539E+01
  0.6700E+02  0.2659E+01
  0.6800E+02  0.2697E+01
  0.6900E+02  0.2810E+01
  0.7000E+02  0.2815E+01
  0.7100E+02  0.2871E+01
  0.7200E+02  0.2954E+01
  0.7300E+02  0.3036E+01
  0.7400E+02  0.3060E+01
  0.7500E+02  0.3120E+01
  0.7600E+02  0.3156E+01
  0.7700E+02  0.3185E+01
  0.7800E+02  0.3232E+01
  0.7900E+02  0.3420E+01
  0.8000E+02  0.3510E+01
  0.8100E+02  0.3643E+01
  0.8200E+02  0.3777E+01
  0.8300E+02  0.3886E+01
  0.8400E+02  0.4033E+01
  0.8500E+02  0.4259E+01
  0.8600E+02  0.4398E+01
  0.8700E+02  0.4665E+01
  0.8800E+02  0.4886E+01
  0.8900E+02  0.5169E+01
  0.9000E+02  0.5526E+01
  0.9100E+02  0.5969E+01
  0.9200E+02  0.6509E+01
  0.9300E+02  0.6997E+01
  0.9400E+02  0.7624E+01
  0.9500E+02  0.8340E+01
  0.9600E+02  0.8981E+01
  0.9700E+02  0.9848E+01
  0.9800E+02  0.1042E+02
  0.9900E+02  0.1104E+02
  0.1000E+03  0.1144E+02
  0.1010E+03  0.1176E+02
  0.1020E+03  0.1197E+02
  0.1030E+03  0.1178E+02
  0.1040E+03  0.1158E+02
  0.1050E+03  0.1124E+02
  0.1060E+03  0.1062E+02
  0.1070E+03  0.1009E+02
  0.1080E+03  0.9535E+01
  0.1090E+03  0.8830E+01
  0.1100E+03  0.8201E+01
  0.1110E+03  0.7504E+01
  0.1120E+03  0.6866E+01
  0.1130E+03  0.6270E+01
  0.1140E+03  0.5648E+01
  0.1150E+03  0.5146E+01
  0.1160E+03  0.4576E+01
  0.1170E+03  0.4081E+01
  0.1180E+03  0.3688E+01
  0.1190E+03  0.3295E+01
  0.1200E+03  0.2983E+01
  0.1210E+03  0.2731E+01
  0.1220E+03  0.2527E+01
  0.1230E+03  0.2353E+01
  0.1240E+03  0.2223E+01
  0.1250E+03  0.2143E+01
  0.1260E+03  0.2077E+01
  0.1270E+03  0.1966E+01
  0.1280E+03  0.1930E+01
  0.1290E+03  0.1886E+01
  0.1300E+03  0.1789E+01
  0.1310E+03  0.1733E+01
  0.1320E+03  0.1589E+01
  0.1330E+03  0.1493E+01
  0.1340E+03  0.1372E+01
  0.1350E+03  0.1257E+01
  0.1360E+03  0.1146E+01
  0.1370E+03  0.9925E+00
  0.1380E+03  0.8473E+00
  0.1390E+03  0.7686E+00
  0.1400E+03  0.6910E+00
  0.1410E+03  0.6483E+00
  0.1420E+03  0.5506E+00
  0.1430E+03  0.5107E+00
  0.1440E+03  0.4759E+00
  0.1450E+03  0.4492E+00
  0.1460E+03  0.4009E+00
  0.1470E+03  0.4036E+00
  0.1480E+03  0.3994E+00
  0.1490E+03  0.3683E+00
  0.1500E+03  0.3621E+00
  0.1510E+03  0.3544E+00
  0.1520E+03  0.3481E+00
  0.1530E+03  0.3397E+00
  0.1540E+03  0.3336E+00
  0.1550E+03  0.3178E+00
  0.1560E+03  0.3309E+00
  0.1570E+03  0.3148E+00
  0.1580E+03  0.3194E+00
  0.1590E+03  0.3217E+00
  0.1600E+03  0.3275E+00
  0.1610E+03  0.3222E+00
  0.1620E+03  0.3240E+00
  0.1630E+03  0.3262E+00
  0.1640E+03  0.3285E+00
  0.1650E+03  0.3309E+00
  0.1660E+03  0.3236E+00
  0.1670E+03  0.3503E+00
  0.1680E+03  0.3501E+00
  0.1690E+03  0.3550E+00
  0.1700E+03  0.3794E+00
  0.1710E+03  0.3693E+00
  0.1720E+03  0.3575E+00
  0.1730E+03  0.3745E+00
  0.1740E+03  0.3838E+00
  0.1750E+03  0.3986E+00
  0.1760E+03  0.3856E+00
  0.1770E+03  0.3952E+00
  0.1780E+03  0.3963E+00
  0.1790E+03  0.3896E+00
  0.1800E+03  0.3873E+00
  0.1810E+03  0.3857E+00
  0.1820E+03  0.3890E+00
  0.1830E+03  0.3705E+00
  0.1840E+03  0.3650E+00
  0.1850E+03  0.3629E+00
  0.1860E+03  0.3535E+00
  0.1870E+03  0.3533E+00
  0.1880E+03  0.3602E+00
  0.1890E+03  0.3517E+00
  0.1900E+03  0.3448E+00
  0.1910E+03  0.3455E+00
  0.1920E+03  0.3355E+00
  0.1930E+03  0.3215E+00
  0.1940E+03  0.3258E+00
  0.1950E+03  0.3129E+00
  0.1960E+03  0.3197E+00
  0.1970E+03  0.3032E+00
  0.1980E+03  0.2939E+00
  0.1990E+03  0.3038E+00
  0.2000E+03  0.2966E+00
  0.2010E+03  0.2826E+00
  0.2020E+03  0.2724E+00
  0.2030E+03  0.2757E+00
  0.2040E+03  0.2763E+00
  0.2050E+03  0.2492E+00
  0.2060E+03  0.2569E+00
  0.2070E+03  0.2584E+00
  0.2080E+03  0.2589E+00
  0.2090E+03  0.2461E+00
  0.2100E+03  0.2308E+00
  0.2110E+03  0.2231E+00
  0.2120E+03  0.2298E+00
  0.2130E+03  0.2146E+00
  0.2140E+03  0.2160E+00
  0.2150E+03  0.2067E+00
  0.2160E+03  0.1993E+00
  0.2170E+03  0.2126E+00
  0.2180E+03  0.1886E+00
  0.2190E+03  0.1956E+00
  0.2200E+03  0.1873E+00
  0.2210E+03  0.1907E+00
  0.2220E+03  0.1830E+00
  0.2230E+03  0.1668E+00
  0.2240E+03  0.1786E+00
  0.2250E+03  0.1624E+00
  0.2260E+03  0.1582E+00
  0.2270E+03  0.1564E+00
  0.2280E+03  0.1583E+00
  0.2290E+03  0.1490E+00
  0.2300E+03  0.1535E+00
  0.2310E+03  0.1555E+00
  0.2320E+03  0.1466E+00
  0.2330E+03  0.1469E+00
  0.2340E+03  0.1370E+00
  0.2350E+03  0.1397E+00
  0.2360E+03  0.1269E+00
  0.2370E+03  0.1312E+00
  0.2380E+03  0.1170E+00
  0.2390E+03  0.1112E+00
  0.2400E+03  0.1178E+00
  0.2410E+03  0.1172E+00
  0.2420E+03  0.1148E+00
  0.2430E+03  0.1118E+00
  0.2440E+03  0.1070E+00
  0.2450E+03  0.1057E+00
  0.2460E+03  0.9404E-01
  0.2470E+03  0.9153E-01
  0.2480E+03  0.8529E-01
  0.2490E+03  0.9069E-01
  0.2500E+03  0.8982E-01
  0.2510E+03  0.7850E-01
  0.2520E+03  0.8083E-01
  0.2530E+03  0.8839E-01
  0.2540E+03  0.8020E-01
  0.2550E+03  0.7892E-01
  0.2560E+03  0.6677E-01
  0.2570E+03  0.6861E-01
  0.2580E+03  0.6995E-01
  0.2590E+03  0.7024E-01
  0.2600E+03  0.7144E-01
  0.2610E+03  0.6316E-01
  0.2620E+03  0.6352E-01
  0.2630E+03  0.5564E-01
  0.2640E+03  0.6025E-01
  0.2650E+03  0.5793E-01
  0.2660E+03  0.5955E-01
  0.2670E+03  0.5361E-01
  0.2680E+03  0.4942E-01
  0.2690E+03  0.4572E-01
  0.2700E+03  0.5433E-01
  0.2710E+03  0.4200E-01
  0.2720E+03  0.5136E-01
  0.2730E+03  0.5778E-01
  0.2740E+03  0.4384E-01
  0.2750E+03  0.4812E-01
  0.2760E+03  0.4382E-01
  0.2770E+03  0.5017E-01
  0.2780E+03  0.4758E-01
  0.2790E+03  0.4202E-01
  0.2800E+03  0.4433E-01
  0.2810E+03  0.4562E-01
  0.2820E+03  0.4290E-01
  0.2830E+03  0.4325E-01
  0.2840E+03  0.4315E-01
  0.2850E+03  0.3566E-01
  0.2860E+03  0.4989E-01
  0.2870E+03  0.4234E-01
  0.2880E+03  0.3678E-01
  0.2890E+03  0.4724E-01
  0.2900E+03  0.3819E-01
  0.2910E+03  0.4302E-01
  0.2920E+03  0.3985E-01
  0.2930E+03  0.4183E-01
  0.2940E+03  0.3598E-01
  0.2950E+03  0.4119E-01
  0.2960E+03  0.4148E-01
  0.2970E+03  0.4122E-01
  0.2980E+03  0.3790E-01
  0.2990E+03  0.4053E-01
  0.3000E+03  0.4140E-01
  0.3010E+03  0.4872E-01
  0.3020E+03  0.3687E-01
  0.3030E+03  0.4450E-01
  0.3040E+03  0.4139E-01
  0.3050E+03  0.3673E-01
  0.3060E+03  0.3342E-01
  0.3070E+03  0.3535E-01
  0.3080E+03  0.3987E-01
  0.3090E+03  0.3612E-01
  0.3100E+03  0.3477E-01
  0.3110E+03  0.3714E-01
  0.3120E+03  0.3548E-01
  0.3130E+03  0.3425E-01
  0.3140E+03  0.3550E-01
  0.3150E+03  0.3846E-01
  0.3160E+03  0.3981E-01
  0.3170E+03  0.3173E-01
  0.3180E+03  0.3223E-01
  0.3190E+03  0.3169E-01
  0.3200E+03  0.3338E-01
  0.3210E+03  0.3429E-01
  0.3220E+03  0.3352E-01
  0.3230E+03  0.3364E-01
  0.3240E+03  0.3308E-01
  0.3250E+03  0.3221E-01
  0.3260E+03  0.3189E-01
  0.3270E+03  0.3348E-01
  0.3280E+03  0.3066E-01
  0.3290E+03  0.3005E-01
  0.3300E+03  0.2981E-01
  0.3310E+03  0.3021E-01
  0.3320E+03  0.3594E-01
  0.3330E+03  0.3704E-01
  0.3340E+03  0.3354E-01
  0.3350E+03  0.3269E-01
  0.3360E+03  0.3171E-01
  0.3370E+03  0.3267E-01
  0.3380E+03  0.3096E-01
  0.3390E+03  0.2818E-01
  0.3400E+03  0.2912E-01
  0.3410E+03  0.2716E-01
  0.3420E+03  0.2871E-01
  0.3430E+03  0.3599E-01
  0.3440E+03  0.3508E-01
  0.3450E+03  0.2350E-01
  0.3460E+03  0.3073E-01
  0.3470E+03  0.2859E-01
  0.3480E+03  0.3275E-01
  0.3490E+03  0.3040E-01
  0.3500E+03  0.3246E-01
  0.3510E+03  0.2904E-01
  0.3520E+03  0.2956E-01
  0.3530E+03  0.2426E-01
  0.3540E+03  0.2655E-01
  0.3550E+03  0.2948E-01
  0.3560E+03  0.2835E-01
  0.3570E+03  0.3102E-01
  0.3580E+03  0.2720E-01
  0.3590E+03  0.2626E-01
  0.3600E+03  0.3047E-01
  0.3610E+03  0.2829E-01
  0.3620E+03  0.2669E-01
  0.3630E+03  0.3065E-01
  0.3640E+03  0.2491E-01
  0.3650E+03  0.2757E-01
  0.3660E+03  0.2656E-01
  0.3670E+03  0.2232E-01
  0.3680E+03  0.2089E-01
  0.3690E+03  0.2547E-01
  0.3700E+03  0.2909E-01
  0.3710E+03  0.1911E-01
  0.3720E+03  0.2293E-01
  0.3730E+03  0.2496E-01
  0.3740E+03  0.2410E-01
  0.3750E+03  0.2172E-01
  0.3760E+03  0.2426E-01
  0.3770E+03  0.2612E-01
  0.3780E+03  0.2443E-01
  0.3790E+03  0.2515E-01
  0.3800E+03  0.2365E-01
  0.3810E+03  0.2704E-01
  0.3820E+03  0.2183E-01
  0.3830E+03  0.1993E-01
  0.3840E+03  0.2033E-01
  0.3850E+03  0.2406E-01
  0.3860E+03  0.1705E-01
  0.3870E+03  0.2526E-01
  0.3880E+03  0.2268E-01
  0.3890E+03  0.2334E-01
  0.3900E+03  0.2351E-01
  0.3910E+03  0.2004E-01
  0.3920E+03  0.2033E-01
  0.3930E+03  0.2453E-01
  0.3940E+03  0.2107E-01
  0.3950E+03  0.2080E-01
  0.3960E+03  0.1865E-01
  0.3970E+03  0.2191E-01
  0.3980E+03  0.1625E-01
  0.3990E+03  0.2035E-01
  0.4000E+03  0.1975E-01
  0.4010E+03  0.2037E-01
  0.4020E+03  0.1933E-01
  0.4030E+03  0.1869E-01
  0.4040E+03  0.2078E-01
  0.4050E+03  0.1953E-01
  0.4060E+03  0.1613E-01
  0.4070E+03  0.1702E-01
  0.4080E+03  0.2020E-01
  0.4090E+03  0.1319E-01
  0.4100E+03  0.1852E-01
  0.4110E+03  0.1824E-01
  0.4120E+03  0.1782E-01
  0.4130E+03  0.1603E-01
  0.4140E+03  0.1594E-01
  0.4150E+03  0.1694E-01
  0.4160E+03  0.1575E-01
  0.4170E+03  0.1598E-01
  0.4180E+03  0.1411E-01
  0.4190E+03  0.1424E-01
  0.4200E+03  0.1670E-01
  0.4210E+03  0.1614E-01
  0.4220E+03  0.1793E-01
  0.4230E+03  0.1392E-01
  0.4240E+03  0.1632E-01
  0.4250E+03  0.1089E-01
  0.4260E+03  0.1455E-01
  0.4270E+03  0.1497E-01
  0.4280E+03  0.1422E-01
  0.4290E+03  0.1184E-01
  0.4300E+03  0.1116E-01
  0.4310E+03  0.9948E-02
  0.4320E+03  0.1246E-01
  0.4330E+03  0.9982E-02
  0.4340E+03  0.1100E-01
  0.4350E+03  0.1336E-01
  0.4360E+03  0.1087E-01
  0.4370E+03  0.1306E-01
  0.4380E+03  0.9674E-02
  0.4390E+03  0.1359E-01
  0.4400E+03  0.1166E-01
  0.4410E+03  0.1155E-01
  0.4420E+03  0.1103E-01
  0.4430E+03  0.8881E-02
  0.4440E+03  0.1212E-01
  0.4450E+03  0.9188E-02
  0.4460E+03  0.7708E-02
  0.4470E+03  0.1030E-01
  0.4480E+03  0.1149E-01
  0.4490E+03  0.1342E-01
  0.4500E+03  0.1101E-01
  0.4510E+03  0.7918E-02
  0.4520E+03  0.1089E-01
  0.4530E+03  0.1249E-01
  0.4540E+03  0.8099E-02
  0.4550E+03  0.1195E-01
  0.4560E+03  0.1073E-01
  0.4570E+03  0.8243E-02
  0.4580E+03  0.1113E-01
  0.4590E+03  0.8737E-02
  0.4600E+03  0.9389E-02
  0.4610E+03  0.1114E-01
  0.4620E+03  0.1114E-01
  0.4630E+03  0.7456E-02
  0.4640E+03  0.1031E-01
  0.4650E+03  0.9914E-02
  0.4660E+03  0.8971E-02
  0.4670E+03  0.9991E-02
  0.4680E+03  0.9359E-02
  0.4690E+03  0.7837E-02
  0.4700E+03  0.8677E-02
  0.4710E+03  0.6121E-02
  0.4720E+03  0.8942E-02
  0.4730E+03  0.8833E-02
  0.4740E+03  0.7379E-02
  0.4750E+03  0.8895E-02
  0.4760E+03  0.9235E-02
  0.4770E+03  0.7585E-02
  0.4780E+03  0.7972E-02
  0.4790E+03  0.1147E-01
  0.4800E+03  0.7238E-02
  0.4810E+03  0.6289E-02
  0.4820E+03  0.9268E-02
  0.4830E+03  0.9952E-02
  0.4840E+03  0.6827E-02
  0.4850E+03  0.9175E-02
  0.4860E+03  0.6913E-02
  0.4870E+03  0.5986E-02
  0.4880E+03  0.6758E-02
  0.4890E+03  0.9503E-02
  0.4900E+03  0.5047E-02
  0.4910E+03  0.9978E-02
  0.4920E+03  0.6991E-02
  0.4930E+03  0.8329E-02
  0.4940E+03  0.3382E-02
  0.4950E+03  0.5950E-02
  0.4960E+03  0.6012E-02
  0.4970E+03  0.7230E-02
  0.4980E+03  0.6630E-02
  0.4990E+03  0.5834E-02
  0.5000E+03  0.5863E-02
  0.5010E+03  0.1058E-01
  0.5020E+03  0.6030E-02
  0.5030E+03  0.7733E-02
  0.5040E+03  0.9223E-02
  0.5050E+03  0.6623E-02
  0.5060E+03  0.7195E-02
  0.5070E+03  0.5076E-02
  0.5080E+03  0.4924E-02
  0.5090E+03  0.6421E-02
  0.5100E+03  0.5373E-02
  0.5110E+03  0.0000E+00
  0.5120E+03  0.0000E+00
