  0.1000E+01  0.4721E+02
  0.2000E+01  0.5371E+02
  0.3000E+01  0.5550E+02
  0.4000E+01  0.5748E+02
  0.5000E+01  0.5766E+02
  0.6000E+01  0.5885E+02
  0.7000E+01  0.5923E+02
  0.8000E+01  0.5877E+02
  0.9000E+01  0.5919E+02
  0.1000E+02  0.6006E+02
  0.1100E+02  0.6018E+02
  0.1200E+02  0.6007E+02
  0.1300E+02  0.5913E+02
  0.1400E+02  0.5882E+02
  0.1500E+02  0.5954E+02
  0.1600E+02  0.5750E+02
  0.1700E+02  0.5829E+02
  0.1800E+02  0.5894E+02
  0.1900E+02  0.5910E+02
  0.2000E+02  0.5813E+02
  0.2100E+02  0.5842E+02
  0.2200E+02  0.5864E+02
  0.2300E+02  0.5827E+02
  0.2400E+02  0.5833E+02
  0.2500E+02  0.5771E+02
  0.2600E+02  0.5891E+02
  0.2700E+02  0.5827E+02
  0.2800E+02  0.5925E+02
  0.2900E+02  0.5856E+02
  0.3000E+02  0.5860E+02
  0.3100E+02  0.5801E+02
  0.3200E+02  0.5843E+02
  0.3300E+02  0.5717E+02
  0.3400E+02  0.5817E+02
  0.3500E+02  0.5820E+02
  0.3600E+02  0.5735E+02
  0.3700E+02  0.5738E+02
  0.3800E+02  0.5792E+02
  0.3900E+02  0.5727E+02
  0.4000E+02  0.5685E+02
  0.4100E+02  0.5757E+02
  0.4200E+02  0.5738E+02
  0.4300E+02  0.5736E+02
  0.4400E+02  0.5873E+02
  0.4500E+02  0.5837E+02
  0.4600E+02  0.5923E+02
  0.4700E+02  0.5923E+02
  0.4800E+02  0.5957E+02
  0.4900E+02  0.6062E+02
  0.5000E+02  0.6133E+02
  0.5100E+02  0.6227E+02
  0.5200E+02  0.6363E+02
  0.5300E+02  0.6601E+02
  0.5400E+02  0.6672E+02
  0.5500E+02  0.6666E+02
  0.5600E+02  0.6812E+02
  0.5700E+02  0.7038E+02
  0.5800E+02  0.7138E+02
  0.5900E+02  0.7396E+02
  0.6000E+02  0.7509E+02
  0.6100E+02  0.7582E+02
  0.6200E+02  0.7840E+02
  0.6300E+02  0.7920E+02
  0.6400E+02  0.8008E+02
  0.6500E+02  0.8177E+02
  0.6600E+02  0.8363E+02
  0.6700E+02  0.8397E+02
  0.6800E+02  0.8659E+02
  0.6900E+02  0.8754E+02
  0.7000E+02  0.8813E+02
  0.7100E+02  0.8908E+02
  0.7200E+02  0.9157E+02
  0.7300E+02  0.9258E+02
  0.7400E+02  0.9443E+02
  0.7500E+02  0.9477E+02
  0.7600E+02  0.9571E+02
  0.7700E+02  0.9702E+02
  0.7800E+02  0.9717E+02
  0.7900E+02  0.9731E+02
  0.8000E+02  0.9919E+02
  0.8100E+02  0.9907E+02
  0.8200E+02  0.9919E+02
  0.8300E+02  0.1008E+03
  0.8400E+02  0.1018E+03
  0.8500E+02  0.1020E+03
  0.8600E+02  0.1007E+03
  0.8700E+02  0.1024E+03
  0.8800E+02  0.1015E+03
  0.8900E+02  0.1020E+03
  0.9000E+02  0.1027E+03
  0.9100E+02  0.1030E+03
  0.9200E+02  0.1025E+03
  0.9300E+02  0.1019E+03
  0.9400E+02  0.1014E+03
  0.9500E+02  0.1021E+03
  0.9600E+02  0.1027E+03
  0.9700E+02  0.1014E+03
  0.9800E+02  0.1042E+03
  0.9900E+02  0.1011E+03
  0.1000E+03  0.1033E+03
  0.1010E+03  0.1021E+03
  0.1020E+03  0.1019E+03
  0.1030E+03  0.1021E+03
  0.1040E+03  0.1012E+03
  0.1050E+03  0.1019E+03
  0.1060E+03  0.1006E+03
  0.1070E+03  0.1000E+03
  0.1080E+03  0.1013E+03
  0.1090E+03  0.1003E+03
  0.1100E+03  0.1002E+03
  0.1110E+03  0.9947E+02
  0.1120E+03  0.1003E+03
  0.1130E+03  0.1011E+03
  0.1140E+03  0.1011E+03
  0.1150E+03  0.1004E+03
  0.1160E+03  0.1006E+03
  0.1170E+03  0.1027E+03
  0.1180E+03  0.1015E+03
  0.1190E+03  0.1010E+03
  0.1200E+03  0.1025E+03
  0.1210E+03  0.1036E+03
  0.1220E+03  0.1043E+03
  0.1230E+03  0.1055E+03
  0.1240E+03  0.1039E+03
  0.1250E+03  0.1048E+03
  0.1260E+03  0.1059E+03
  0.1270E+03  0.1051E+03
  0.1280E+03  0.1064E+03
  0.1290E+03  0.1068E+03
  0.1300E+03  0.1059E+03
  0.1310E+03  0.1072E+03
  0.1320E+03  0.1078E+03
  0.1330E+03  0.1092E+03
  0.1340E+03  0.1095E+03
  0.1350E+03  0.1084E+03
  0.1360E+03  0.1109E+03
  0.1370E+03  0.1094E+03
  0.1380E+03  0.1113E+03
  0.1390E+03  0.1107E+03
  0.1400E+03  0.1117E+03
  0.1410E+03  0.1114E+03
  0.1420E+03  0.1117E+03
  0.1430E+03  0.1120E+03
  0.1440E+03  0.1143E+03
  0.1450E+03  0.1138E+03
  0.1460E+03  0.1140E+03
  0.1470E+03  0.1158E+03
  0.1480E+03  0.1157E+03
  0.1490E+03  0.1157E+03
  0.1500E+03  0.1178E+03
  0.1510E+03  0.1174E+03
  0.1520E+03  0.1182E+03
  0.1530E+03  0.1187E+03
  0.1540E+03  0.1195E+03
  0.1550E+03  0.1197E+03
  0.1560E+03  0.1215E+03
  0.1570E+03  0.1229E+03
  0.1580E+03  0.1240E+03
  0.1590E+03  0.1257E+03
  0.1600E+03  0.1278E+03
  0.1610E+03  0.1296E+03
  0.1620E+03  0.1306E+03
  0.1630E+03  0.1341E+03
  0.1640E+03  0.1377E+03
  0.1650E+03  0.1386E+03
  0.1660E+03  0.1416E+03
  0.1670E+03  0.1455E+03
  0.1680E+03  0.1489E+03
  0.1690E+03  0.1517E+03
  0.1700E+03  0.1569E+03
  0.1710E+03  0.1591E+03
  0.1720E+03  0.1619E+03
  0.1730E+03  0.1642E+03
  0.1740E+03  0.1675E+03
  0.1750E+03  0.1698E+03
  0.1760E+03  0.1715E+03
  0.1770E+03  0.1730E+03
  0.1780E+03  0.1720E+03
  0.1790E+03  0.1744E+03
  0.1800E+03  0.1720E+03
  0.1810E+03  0.1725E+03
  0.1820E+03  0.1706E+03
  0.1830E+03  0.1690E+03
  0.1840E+03  0.1684E+03
  0.1850E+03  0.1658E+03
  0.1860E+03  0.1640E+03
  0.1870E+03  0.1603E+03
  0.1880E+03  0.1596E+03
  0.1890E+03  0.1566E+03
  0.1900E+03  0.1535E+03
  0.1910E+03  0.1506E+03
  0.1920E+03  0.1471E+03
  0.1930E+03  0.1453E+03
  0.1940E+03  0.1423E+03
  0.1950E+03  0.1401E+03
  0.1960E+03  0.1384E+03
  0.1970E+03  0.1355E+03
  0.1980E+03  0.1320E+03
  0.1990E+03  0.1295E+03
  0.2000E+03  0.1261E+03
  0.2010E+03  0.1251E+03
  0.2020E+03  0.1224E+03
  0.2030E+03  0.1196E+03
  0.2040E+03  0.1167E+03
  0.2050E+03  0.1140E+03
  0.2060E+03  0.1128E+03
  0.2070E+03  0.1103E+03
  0.2080E+03  0.1080E+03
  0.2090E+03  0.1070E+03
  0.2100E+03  0.1046E+03
  0.2110E+03  0.1023E+03
  0.2120E+03  0.1021E+03
  0.2130E+03  0.9870E+02
  0.2140E+03  0.9560E+02
  0.2150E+03  0.9461E+02
  0.2160E+03  0.9308E+02
  0.2170E+03  0.9141E+02
  0.2180E+03  0.8919E+02
  0.2190E+03  0.8956E+02
  0.2200E+03  0.8611E+02
  0.2210E+03  0.8583E+02
  0.2220E+03  0.8293E+02
  0.2230E+03  0.8254E+02
  0.2240E+03  0.8109E+02
  0.2250E+03  0.8081E+02
  0.2260E+03  0.7895E+02
  0.2270E+03  0.7528E+02
  0.2280E+03  0.7530E+02
  0.2290E+03  0.7573E+02
  0.2300E+03  0.7339E+02
  0.2310E+03  0.7085E+02
  0.2320E+03  0.7184E+02
  0.2330E+03  0.7004E+02
  0.2340E+03  0.6882E+02
  0.2350E+03  0.6809E+02
  0.2360E+03  0.6589E+02
  0.2370E+03  0.6636E+02
  0.2380E+03  0.6547E+02
  0.2390E+03  0.6369E+02
  0.2400E+03  0.6203E+02
  0.2410E+03  0.6248E+02
  0.2420E+03  0.6093E+02
  0.2430E+03  0.6121E+02
  0.2440E+03  0.5919E+02
  0.2450E+03  0.5923E+02
  0.2460E+03  0.5822E+02
  0.2470E+03  0.5735E+02
  0.2480E+03  0.5642E+02
  0.2490E+03  0.5533E+02
  0.2500E+03  0.5572E+02
  0.2510E+03  0.5479E+02
  0.2520E+03  0.5309E+02
  0.2530E+03  0.5340E+02
  0.2540E+03  0.5233E+02
  0.2550E+03  0.5133E+02
  0.2560E+03  0.5121E+02
  0.2570E+03  0.5060E+02
  0.2580E+03  0.4946E+02
  0.2590E+03  0.4898E+02
  0.2600E+03  0.4807E+02
  0.2610E+03  0.4822E+02
  0.2620E+03  0.4802E+02
  0.2630E+03  0.4594E+02
  0.2640E+03  0.4652E+02
  0.2650E+03  0.4530E+02
  0.2660E+03  0.4449E+02
  0.2670E+03  0.4392E+02
  0.2680E+03  0.4437E+02
  0.2690E+03  0.4303E+02
  0.2700E+03  0.4328E+02
  0.2710E+03  0.4299E+02
  0.2720E+03  0.4153E+02
  0.2730E+03  0.4080E+02
  0.2740E+03  0.4120E+02
  0.2750E+03  0.4060E+02
  0.2760E+03  0.4012E+02
  0.2770E+03  0.3910E+02
  0.2780E+03  0.4059E+02
  0.2790E+03  0.3807E+02
  0.2800E+03  0.3827E+02
  0.2810E+03  0.3762E+02
  0.2820E+03  0.3749E+02
  0.2830E+03  0.3661E+02
  0.2840E+03  0.3589E+02
  0.2850E+03  0.3647E+02
  0.2860E+03  0.3610E+02
  0.2870E+03  0.3577E+02
  0.2880E+03  0.3501E+02
  0.2890E+03  0.3491E+02
  0.2900E+03  0.3450E+02
  0.2910E+03  0.3377E+02
  0.2920E+03  0.3332E+02
  0.2930E+03  0.3288E+02
  0.2940E+03  0.3294E+02
  0.2950E+03  0.3270E+02
  0.2960E+03  0.3132E+02
  0.2970E+03  0.3190E+02
  0.2980E+03  0.3110E+02
  0.2990E+03  0.3069E+02
  0.3000E+03  0.2978E+02
  0.3010E+03  0.3091E+02
  0.3020E+03  0.2946E+02
  0.3030E+03  0.3017E+02
  0.3040E+03  0.3004E+02
  0.3050E+03  0.2942E+02
  0.3060E+03  0.2870E+02
  0.3070E+03  0.2823E+02
  0.3080E+03  0.2768E+02
  0.3090E+03  0.2779E+02
  0.3100E+03  0.2846E+02
  0.3110E+03  0.2819E+02
  0.3120E+03  0.2715E+02
  0.3130E+03  0.2725E+02
  0.3140E+03  0.2585E+02
  0.3150E+03  0.2656E+02
  0.3160E+03  0.2612E+02
  0.3170E+03  0.2603E+02
  0.3180E+03  0.2547E+02
  0.3190E+03  0.2544E+02
  0.3200E+03  0.2490E+02
  0.3210E+03  0.2424E+02
  0.3220E+03  0.2412E+02
  0.3230E+03  0.2418E+02
  0.3240E+03  0.2408E+02
  0.3250E+03  0.2388E+02
  0.3260E+03  0.2406E+02
  0.3270E+03  0.2345E+02
  0.3280E+03  0.2325E+02
  0.3290E+03  0.2307E+02
  0.3300E+03  0.2236E+02
  0.3310E+03  0.2286E+02
  0.3320E+03  0.2266E+02
  0.3330E+03  0.2167E+02
  0.3340E+03  0.2126E+02
  0.3350E+03  0.2145E+02
  0.3360E+03  0.2138E+02
  0.3370E+03  0.2119E+02
  0.3380E+03  0.2145E+02
  0.3390E+03  0.2075E+02
  0.3400E+03  0.2077E+02
  0.3410E+03  0.1995E+02
  0.3420E+03  0.2073E+02
  0.3430E+03  0.2026E+02
  0.3440E+03  0.2037E+02
  0.3450E+03  0.1963E+02
  0.3460E+03  0.1977E+02
  0.3470E+03  0.1903E+02
  0.3480E+03  0.1961E+02
  0.3490E+03  0.1905E+02
  0.3500E+03  0.1928E+02
  0.3510E+03  0.1898E+02
  0.3520E+03  0.1812E+02
  0.3530E+03  0.1777E+02
  0.3540E+03  0.1821E+02
  0.3550E+03  0.1929E+02
  0.3560E+03  0.1818E+02
  0.3570E+03  0.1802E+02
  0.3580E+03  0.1757E+02
  0.3590E+03  0.1800E+02
  0.3600E+03  0.1775E+02
  0.3610E+03  0.1745E+02
  0.3620E+03  0.1718E+02
  0.3630E+03  0.1683E+02
  0.3640E+03  0.1703E+02
  0.3650E+03  0.1733E+02
  0.3660E+03  0.1664E+02
  0.3670E+03  0.1634E+02
  0.3680E+03  0.1635E+02
  0.3690E+03  0.1592E+02
  0.3700E+03  0.1647E+02
  0.3710E+03  0.1597E+02
  0.3720E+03  0.1594E+02
  0.3730E+03  0.1592E+02
  0.3740E+03  0.1552E+02
  0.3750E+03  0.1551E+02
  0.3760E+03  0.1542E+02
  0.3770E+03  0.1529E+02
  0.3780E+03  0.1529E+02
  0.3790E+03  0.1468E+02
  0.3800E+03  0.1522E+02
  0.3810E+03  0.1506E+02
  0.3820E+03  0.1470E+02
  0.3830E+03  0.1390E+02
  0.3840E+03  0.1470E+02
  0.3850E+03  0.1454E+02
  0.3860E+03  0.1469E+02
  0.3870E+03  0.1402E+02
  0.3880E+03  0.1417E+02
  0.3890E+03  0.1389E+02
  0.3900E+03  0.1391E+02
  0.3910E+03  0.1381E+02
  0.3920E+03  0.1373E+02
  0.3930E+03  0.1364E+02
  0.3940E+03  0.1380E+02
  0.3950E+03  0.1329E+02
  0.3960E+03  0.1302E+02
  0.3970E+03  0.1336E+02
  0.3980E+03  0.1300E+02
  0.3990E+03  0.1303E+02
  0.4000E+03  0.1277E+02
  0.4010E+03  0.1287E+02
  0.4020E+03  0.1280E+02
  0.4030E+03  0.1274E+02
  0.4040E+03  0.1196E+02
  0.4050E+03  0.1221E+02
  0.4060E+03  0.1197E+02
  0.4070E+03  0.1241E+02
  0.4080E+03  0.1235E+02
  0.4090E+03  0.1207E+02
  0.4100E+03  0.1135E+02
  0.4110E+03  0.1139E+02
  0.4120E+03  0.1156E+02
  0.4130E+03  0.1117E+02
  0.4140E+03  0.1126E+02
  0.4150E+03  0.1105E+02
  0.4160E+03  0.1087E+02
  0.4170E+03  0.1087E+02
  0.4180E+03  0.1098E+02
  0.4190E+03  0.1072E+02
  0.4200E+03  0.1063E+02
  0.4210E+03  0.1017E+02
  0.4220E+03  0.1062E+02
  0.4230E+03  0.9838E+01
  0.4240E+03  0.1042E+02
  0.4250E+03  0.1006E+02
  0.4260E+03  0.9351E+01
  0.4270E+03  0.9920E+01
  0.4280E+03  0.1019E+02
  0.4290E+03  0.9476E+01
  0.4300E+03  0.9408E+01
  0.4310E+03  0.9442E+01
  0.4320E+03  0.9721E+01
  0.4330E+03  0.9264E+01
  0.4340E+03  0.9314E+01
  0.4350E+03  0.8699E+01
  0.4360E+03  0.8924E+01
  0.4370E+03  0.8716E+01
  0.4380E+03  0.8493E+01
  0.4390E+03  0.8685E+01
  0.4400E+03  0.8186E+01
  0.4410E+03  0.8525E+01
  0.4420E+03  0.8461E+01
  0.4430E+03  0.7825E+01
  0.4440E+03  0.8421E+01
  0.4450E+03  0.8565E+01
  0.4460E+03  0.7954E+01
  0.4470E+03  0.7729E+01
  0.4480E+03  0.7806E+01
  0.4490E+03  0.7697E+01
  0.4500E+03  0.7865E+01
  0.4510E+03  0.7652E+01
  0.4520E+03  0.7583E+01
  0.4530E+03  0.7548E+01
  0.4540E+03  0.7479E+01
  0.4550E+03  0.7562E+01
  0.4560E+03  0.7397E+01
  0.4570E+03  0.7139E+01
  0.4580E+03  0.7168E+01
  0.4590E+03  0.7068E+01
  0.4600E+03  0.7225E+01
  0.4610E+03  0.6898E+01
  0.4620E+03  0.7382E+01
  0.4630E+03  0.7024E+01
  0.4640E+03  0.6690E+01
  0.4650E+03  0.6921E+01
  0.4660E+03  0.6625E+01
  0.4670E+03  0.6899E+01
  0.4680E+03  0.6596E+01
  0.4690E+03  0.6690E+01
  0.4700E+03  0.6723E+01
  0.4710E+03  0.6791E+01
  0.4720E+03  0.6791E+01
  0.4730E+03  0.6605E+01
  0.4740E+03  0.6463E+01
  0.4750E+03  0.6296E+01
  0.4760E+03  0.6326E+01
  0.4770E+03  0.6116E+01
  0.4780E+03  0.6549E+01
  0.4790E+03  0.6427E+01
  0.4800E+03  0.6287E+01
  0.4810E+03  0.6206E+01
  0.4820E+03  0.6002E+01
  0.4830E+03  0.6395E+01
  0.4840E+03  0.6187E+01
  0.4850E+03  0.5979E+01
  0.4860E+03  0.6210E+01
  0.4870E+03  0.5947E+01
  0.4880E+03  0.5987E+01
  0.4890E+03  0.5747E+01
  0.4900E+03  0.5637E+01
  0.4910E+03  0.5669E+01
  0.4920E+03  0.6096E+01
  0.4930E+03  0.5785E+01
  0.4940E+03  0.5389E+01
  0.4950E+03  0.5643E+01
  0.4960E+03  0.5600E+01
  0.4970E+03  0.5269E+01
  0.4980E+03  0.5366E+01
  0.4990E+03  0.5510E+01
  0.5000E+03  0.5257E+01
  0.5010E+03  0.5322E+01
  0.5020E+03  0.5081E+01
  0.5030E+03  0.5320E+01
  0.5040E+03  0.5044E+01
  0.5050E+03  0.4845E+01
  0.5060E+03  0.4811E+01
  0.5070E+03  0.4636E+01
  0.5080E+03  0.4620E+01
  0.5090E+03  0.4091E+01
  0.5100E+03  0.4448E+01
  0.5110E+03  0.0000E+00
  0.5120E+03  0.0000E+00
