  0.1000E+01  0.6679E+01
  0.2000E+01  0.7564E+01
  0.3000E+01  0.8242E+01
  0.4000E+01  0.8100E+01
  0.5000E+01  0.8458E+01
  0.6000E+01  0.8547E+01
  0.7000E+01  0.9058E+01
  0.8000E+01  0.8521E+01
  0.9000E+01  0.9394E+01
  0.1000E+02  0.9049E+01
  0.1100E+02  0.8980E+01
  0.1200E+02  0.9465E+01
  0.1300E+02  0.9014E+01
  0.1400E+02  0.8774E+01
  0.1500E+02  0.9413E+01
  0.1600E+02  0.9216E+01
  0.1700E+02  0.9461E+01
  0.1800E+02  0.9356E+01
  0.1900E+02  0.9248E+01
  0.2000E+02  0.9127E+01
  0.2100E+02  0.9756E+01
  0.2200E+02  0.9586E+01
  0.2300E+02  0.9785E+01
  0.2400E+02  0.1151E+02
  0.2500E+02  0.1384E+02
  0.2600E+02  0.1633E+02
  0.2700E+02  0.1841E+02
  0.2800E+02  0.1868E+02
  0.2900E+02  0.1718E+02
  0.3000E+02  0.1503E+02
  0.3100E+02  0.1363E+02
  0.3200E+02  0.1226E+02
  0.3300E+02  0.1110E+02
  0.3400E+02  0.1038E+02
  0.3500E+02  0.9847E+01
  0.3600E+02  0.9428E+01
  0.3700E+02  0.8995E+01
  0.3800E+02  0.9586E+01
  0.3900E+02  0.9449E+01
  0.4000E+02  0.9467E+01
  0.4100E+02  0.9274E+01
  0.4200E+02  0.9465E+01
  0.4300E+02  0.9356E+01
  0.4400E+02  0.9565E+01
  0.4500E+02  0.9204E+01
  0.4600E+02  0.9267E+01
  0.4700E+02  0.9554E+01
  0.4800E+02  0.9311E+01
  0.4900E+02  0.9472E+01
  0.5000E+02  0.9595E+01
  0.5100E+02  0.9266E+01
  0.5200E+02  0.9565E+01
  0.5300E+02  0.9730E+01
  0.5400E+02  0.9777E+01
  0.5500E+02  0.9546E+01
  0.5600E+02  0.9894E+01
  0.5700E+02  0.9604E+01
  0.5800E+02  0.9388E+01
  0.5900E+02  0.9265E+01
  0.6000E+02  0.9351E+01
  0.6100E+02  0.9710E+01
  0.6200E+02  0.9419E+01
  0.6300E+02  0.9036E+01
  0.6400E+02  0.9662E+01
  0.6500E+02  0.8934E+01
  0.6600E+02  0.8812E+01
  0.6700E+02  0.9263E+01
  0.6800E+02  0.9015E+01
  0.6900E+02  0.9096E+01
  0.7000E+02  0.9039E+01
  0.7100E+02  0.8871E+01
  0.7200E+02  0.9364E+01
  0.7300E+02  0.8925E+01
  0.7400E+02  0.9279E+01
  0.7500E+02  0.8605E+01
  0.7600E+02  0.9193E+01
  0.7700E+02  0.9119E+01
  0.7800E+02  0.9256E+01
  0.7900E+02  0.8918E+01
  0.8000E+02  0.8971E+01
  0.8100E+02  0.8992E+01
  0.8200E+02  0.9091E+01
  0.8300E+02  0.8798E+01
  0.8400E+02  0.9367E+01
  0.8500E+02  0.9516E+01
  0.8600E+02  0.9013E+01
  0.8700E+02  0.8886E+01
  0.8800E+02  0.9027E+01
  0.8900E+02  0.9223E+01
  0.9000E+02  0.8907E+01
  0.9100E+02  0.9248E+01
  0.9200E+02  0.9115E+01
  0.9300E+02  0.9219E+01
  0.9400E+02  0.9248E+01
  0.9500E+02  0.9205E+01
  0.9600E+02  0.9269E+01
  0.9700E+02  0.9448E+01
  0.9800E+02  0.9593E+01
  0.9900E+02  0.9508E+01
  0.1000E+03  0.9468E+01
  0.1010E+03  0.9007E+01
  0.1020E+03  0.9161E+01
  0.1030E+03  0.9411E+01
  0.1040E+03  0.9077E+01
  0.1050E+03  0.9902E+01
  0.1060E+03  0.9785E+01
  0.1070E+03  0.9312E+01
  0.1080E+03  0.9343E+01
  0.1090E+03  0.9345E+01
  0.1100E+03  0.1014E+02
  0.1110E+03  0.9675E+01
  0.1120E+03  0.1012E+02
  0.1130E+03  0.9866E+01
  0.1140E+03  0.9559E+01
  0.1150E+03  0.9849E+01
  0.1160E+03  0.9832E+01
  0.1170E+03  0.9808E+01
  0.1180E+03  0.1032E+02
  0.1190E+03  0.1013E+02
  0.1200E+03  0.1001E+02
  0.1210E+03  0.1059E+02
  0.1220E+03  0.1074E+02
  0.1230E+03  0.1050E+02
  0.1240E+03  0.1122E+02
  0.1250E+03  0.1143E+02
  0.1260E+03  0.1109E+02
  0.1270E+03  0.1115E+02
  0.1280E+03  0.1203E+02
  0.1290E+03  0.1182E+02
  0.1300E+03  0.1183E+02
  0.1310E+03  0.1245E+02
  0.1320E+03  0.1217E+02
  0.1330E+03  0.1239E+02
  0.1340E+03  0.1343E+02
  0.1350E+03  0.1253E+02
  0.1360E+03  0.1320E+02
  0.1370E+03  0.1349E+02
  0.1380E+03  0.1350E+02
  0.1390E+03  0.1422E+02
  0.1400E+03  0.1531E+02
  0.1410E+03  0.1502E+02
  0.1420E+03  0.1636E+02
  0.1430E+03  0.1666E+02
  0.1440E+03  0.1834E+02
  0.1450E+03  0.1985E+02
  0.1460E+03  0.2075E+02
  0.1470E+03  0.2294E+02
  0.1480E+03  0.2502E+02
  0.1490E+03  0.2728E+02
  0.1500E+03  0.3020E+02
  0.1510E+03  0.3224E+02
  0.1520E+03  0.3530E+02
  0.1530E+03  0.3747E+02
  0.1540E+03  0.3981E+02
  0.1550E+03  0.4162E+02
  0.1560E+03  0.4401E+02
  0.1570E+03  0.4469E+02
  0.1580E+03  0.4593E+02
  0.1590E+03  0.4593E+02
  0.1600E+03  0.4491E+02
  0.1610E+03  0.4426E+02
  0.1620E+03  0.4224E+02
  0.1630E+03  0.4006E+02
  0.1640E+03  0.3729E+02
  0.1650E+03  0.3503E+02
  0.1660E+03  0.3191E+02
  0.1670E+03  0.2844E+02
  0.1680E+03  0.2653E+02
  0.1690E+03  0.2389E+02
  0.1700E+03  0.2116E+02
  0.1710E+03  0.1960E+02
  0.1720E+03  0.1826E+02
  0.1730E+03  0.1718E+02
  0.1740E+03  0.1610E+02
  0.1750E+03  0.1550E+02
  0.1760E+03  0.1500E+02
  0.1770E+03  0.1465E+02
  0.1780E+03  0.1457E+02
  0.1790E+03  0.1499E+02
  0.1800E+03  0.1381E+02
  0.1810E+03  0.1422E+02
  0.1820E+03  0.1456E+02
  0.1830E+03  0.1455E+02
  0.1840E+03  0.1424E+02
  0.1850E+03  0.1436E+02
  0.1860E+03  0.1494E+02
  0.1870E+03  0.1518E+02
  0.1880E+03  0.1476E+02
  0.1890E+03  0.1493E+02
  0.1900E+03  0.1511E+02
  0.1910E+03  0.1603E+02
  0.1920E+03  0.1565E+02
  0.1930E+03  0.1591E+02
  0.1940E+03  0.1602E+02
  0.1950E+03  0.1629E+02
  0.1960E+03  0.1665E+02
  0.1970E+03  0.1637E+02
  0.1980E+03  0.1629E+02
  0.1990E+03  0.1628E+02
  0.2000E+03  0.1646E+02
  0.2010E+03  0.1742E+02
  0.2020E+03  0.1689E+02
  0.2030E+03  0.1700E+02
  0.2040E+03  0.1771E+02
  0.2050E+03  0.1728E+02
  0.2060E+03  0.1801E+02
  0.2070E+03  0.1755E+02
  0.2080E+03  0.1764E+02
  0.2090E+03  0.1903E+02
  0.2100E+03  0.1829E+02
  0.2110E+03  0.1805E+02
  0.2120E+03  0.1962E+02
  0.2130E+03  0.1908E+02
  0.2140E+03  0.1927E+02
  0.2150E+03  0.1964E+02
  0.2160E+03  0.1946E+02
  0.2170E+03  0.1957E+02
  0.2180E+03  0.2013E+02
  0.2190E+03  0.1982E+02
  0.2200E+03  0.1974E+02
  0.2210E+03  0.2055E+02
  0.2220E+03  0.2036E+02
  0.2230E+03  0.2090E+02
  0.2240E+03  0.2122E+02
  0.2250E+03  0.2158E+02
  0.2260E+03  0.2152E+02
  0.2270E+03  0.2113E+02
  0.2280E+03  0.2270E+02
  0.2290E+03  0.2177E+02
  0.2300E+03  0.2208E+02
  0.2310E+03  0.2283E+02
  0.2320E+03  0.2256E+02
  0.2330E+03  0.2283E+02
  0.2340E+03  0.2327E+02
  0.2350E+03  0.2311E+02
  0.2360E+03  0.2416E+02
  0.2370E+03  0.2405E+02
  0.2380E+03  0.2371E+02
  0.2390E+03  0.2398E+02
  0.2400E+03  0.2426E+02
  0.2410E+03  0.2483E+02
  0.2420E+03  0.2469E+02
  0.2430E+03  0.2546E+02
  0.2440E+03  0.2544E+02
  0.2450E+03  0.2681E+02
  0.2460E+03  0.2683E+02
  0.2470E+03  0.2553E+02
  0.2480E+03  0.2582E+02
  0.2490E+03  0.2688E+02
  0.2500E+03  0.2624E+02
  0.2510E+03  0.2675E+02
  0.2520E+03  0.2649E+02
  0.2530E+03  0.2678E+02
  0.2540E+03  0.2710E+02
  0.2550E+03  0.2748E+02
  0.2560E+03  0.2789E+02
  0.2570E+03  0.2775E+02
  0.2580E+03  0.2777E+02
  0.2590E+03  0.2743E+02
  0.2600E+03  0.2714E+02
  0.2610E+03  0.2791E+02
  0.2620E+03  0.2815E+02
  0.2630E+03  0.2813E+02
  0.2640E+03  0.2824E+02
  0.2650E+03  0.2833E+02
  0.2660E+03  0.2894E+02
  0.2670E+03  0.2813E+02
  0.2680E+03  0.2934E+02
  0.2690E+03  0.2857E+02
  0.2700E+03  0.2893E+02
  0.2710E+03  0.2877E+02
  0.2720E+03  0.2917E+02
  0.2730E+03  0.2934E+02
  0.2740E+03  0.3022E+02
  0.2750E+03  0.3002E+02
  0.2760E+03  0.2928E+02
  0.2770E+03  0.3039E+02
  0.2780E+03  0.2992E+02
  0.2790E+03  0.3024E+02
  0.2800E+03  0.3059E+02
  0.2810E+03  0.3045E+02
  0.2820E+03  0.3011E+02
  0.2830E+03  0.2969E+02
  0.2840E+03  0.3072E+02
  0.2850E+03  0.3026E+02
  0.2860E+03  0.2949E+02
  0.2870E+03  0.3116E+02
  0.2880E+03  0.3096E+02
  0.2890E+03  0.3079E+02
  0.2900E+03  0.3040E+02
  0.2910E+03  0.3138E+02
  0.2920E+03  0.3131E+02
  0.2930E+03  0.3140E+02
  0.2940E+03  0.3125E+02
  0.2950E+03  0.3060E+02
  0.2960E+03  0.3046E+02
  0.2970E+03  0.3044E+02
  0.2980E+03  0.3071E+02
  0.2990E+03  0.3013E+02
  0.3000E+03  0.3114E+02
  0.3010E+03  0.3047E+02
  0.3020E+03  0.3099E+02
  0.3030E+03  0.3095E+02
  0.3040E+03  0.3079E+02
  0.3050E+03  0.3108E+02
  0.3060E+03  0.3124E+02
  0.3070E+03  0.3130E+02
  0.3080E+03  0.3114E+02
  0.3090E+03  0.3151E+02
  0.3100E+03  0.3114E+02
  0.3110E+03  0.3253E+02
  0.3120E+03  0.3242E+02
  0.3130E+03  0.3195E+02
  0.3140E+03  0.3210E+02
  0.3150E+03  0.3254E+02
  0.3160E+03  0.3212E+02
  0.3170E+03  0.3208E+02
  0.3180E+03  0.3214E+02
  0.3190E+03  0.3243E+02
  0.3200E+03  0.3362E+02
  0.3210E+03  0.3385E+02
  0.3220E+03  0.3252E+02
  0.3230E+03  0.3328E+02
  0.3240E+03  0.3392E+02
  0.3250E+03  0.3497E+02
  0.3260E+03  0.3296E+02
  0.3270E+03  0.3417E+02
  0.3280E+03  0.3473E+02
  0.3290E+03  0.3390E+02
  0.3300E+03  0.3430E+02
  0.3310E+03  0.3421E+02
  0.3320E+03  0.3489E+02
  0.3330E+03  0.3471E+02
  0.3340E+03  0.3524E+02
  0.3350E+03  0.3491E+02
  0.3360E+03  0.3460E+02
  0.3370E+03  0.3577E+02
  0.3380E+03  0.3403E+02
  0.3390E+03  0.3566E+02
  0.3400E+03  0.3546E+02
  0.3410E+03  0.3534E+02
  0.3420E+03  0.3611E+02
  0.3430E+03  0.3608E+02
  0.3440E+03  0.3489E+02
  0.3450E+03  0.3557E+02
  0.3460E+03  0.3487E+02
  0.3470E+03  0.3523E+02
  0.3480E+03  0.3441E+02
  0.3490E+03  0.3454E+02
  0.3500E+03  0.3383E+02
  0.3510E+03  0.3486E+02
  0.3520E+03  0.3448E+02
  0.3530E+03  0.3436E+02
  0.3540E+03  0.3360E+02
  0.3550E+03  0.3354E+02
  0.3560E+03  0.3346E+02
  0.3570E+03  0.3248E+02
  0.3580E+03  0.3225E+02
  0.3590E+03  0.3220E+02
  0.3600E+03  0.3221E+02
  0.3610E+03  0.3195E+02
  0.3620E+03  0.3157E+02
  0.3630E+03  0.3174E+02
  0.3640E+03  0.3134E+02
  0.3650E+03  0.3042E+02
  0.3660E+03  0.3084E+02
  0.3670E+03  0.3080E+02
  0.3680E+03  0.3023E+02
  0.3690E+03  0.3014E+02
  0.3700E+03  0.3058E+02
  0.3710E+03  0.2976E+02
  0.3720E+03  0.2978E+02
  0.3730E+03  0.3003E+02
  0.3740E+03  0.2947E+02
  0.3750E+03  0.2914E+02
  0.3760E+03  0.3005E+02
  0.3770E+03  0.3019E+02
  0.3780E+03  0.2958E+02
  0.3790E+03  0.2945E+02
  0.3800E+03  0.2973E+02
  0.3810E+03  0.2925E+02
  0.3820E+03  0.2990E+02
  0.3830E+03  0.2956E+02
  0.3840E+03  0.2886E+02
  0.3850E+03  0.3062E+02
  0.3860E+03  0.3008E+02
  0.3870E+03  0.2972E+02
  0.3880E+03  0.2985E+02
  0.3890E+03  0.3066E+02
  0.3900E+03  0.2964E+02
  0.3910E+03  0.2995E+02
  0.3920E+03  0.3009E+02
  0.3930E+03  0.3036E+02
  0.3940E+03  0.3047E+02
  0.3950E+03  0.2991E+02
  0.3960E+03  0.3032E+02
  0.3970E+03  0.3059E+02
  0.3980E+03  0.2999E+02
  0.3990E+03  0.2978E+02
  0.4000E+03  0.3053E+02
  0.4010E+03  0.3111E+02
  0.4020E+03  0.3091E+02
  0.4030E+03  0.2983E+02
  0.4040E+03  0.3128E+02
  0.4050E+03  0.3129E+02
  0.4060E+03  0.3143E+02
  0.4070E+03  0.3203E+02
  0.4080E+03  0.3114E+02
  0.4090E+03  0.3123E+02
  0.4100E+03  0.3158E+02
  0.4110E+03  0.3264E+02
  0.4120E+03  0.3155E+02
  0.4130E+03  0.3253E+02
  0.4140E+03  0.3259E+02
  0.4150E+03  0.3243E+02
  0.4160E+03  0.3315E+02
  0.4170E+03  0.3315E+02
  0.4180E+03  0.3330E+02
  0.4190E+03  0.3453E+02
  0.4200E+03  0.3374E+02
  0.4210E+03  0.3468E+02
  0.4220E+03  0.3426E+02
  0.4230E+03  0.3429E+02
  0.4240E+03  0.3449E+02
  0.4250E+03  0.3518E+02
  0.4260E+03  0.3558E+02
  0.4270E+03  0.3537E+02
  0.4280E+03  0.3566E+02
  0.4290E+03  0.3584E+02
  0.4300E+03  0.3512E+02
  0.4310E+03  0.3550E+02
  0.4320E+03  0.3691E+02
  0.4330E+03  0.3613E+02
  0.4340E+03  0.3595E+02
  0.4350E+03  0.3627E+02
  0.4360E+03  0.3523E+02
  0.4370E+03  0.3633E+02
  0.4380E+03  0.3632E+02
  0.4390E+03  0.3592E+02
  0.4400E+03  0.3567E+02
  0.4410E+03  0.3636E+02
  0.4420E+03  0.3579E+02
  0.4430E+03  0.3526E+02
  0.4440E+03  0.3492E+02
  0.4450E+03  0.3430E+02
  0.4460E+03  0.3397E+02
  0.4470E+03  0.3471E+02
  0.4480E+03  0.3464E+02
  0.4490E+03  0.3309E+02
  0.4500E+03  0.3318E+02
  0.4510E+03  0.3293E+02
  0.4520E+03  0.3312E+02
  0.4530E+03  0.3217E+02
  0.4540E+03  0.3127E+02
  0.4550E+03  0.3151E+02
  0.4560E+03  0.3110E+02
  0.4570E+03  0.3043E+02
  0.4580E+03  0.3048E+02
  0.4590E+03  0.3089E+02
  0.4600E+03  0.3021E+02
  0.4610E+03  0.2977E+02
  0.4620E+03  0.2883E+02
  0.4630E+03  0.2921E+02
  0.4640E+03  0.2953E+02
  0.4650E+03  0.2877E+02
  0.4660E+03  0.2758E+02
  0.4670E+03  0.2795E+02
  0.4680E+03  0.2805E+02
  0.4690E+03  0.2781E+02
  0.4700E+03  0.2757E+02
  0.4710E+03  0.2737E+02
  0.4720E+03  0.2772E+02
  0.4730E+03  0.2753E+02
  0.4740E+03  0.2769E+02
  0.4750E+03  0.2813E+02
  0.4760E+03  0.2779E+02
  0.4770E+03  0.2711E+02
  0.4780E+03  0.2752E+02
  0.4790E+03  0.2862E+02
  0.4800E+03  0.2733E+02
  0.4810E+03  0.2836E+02
  0.4820E+03  0.2726E+02
  0.4830E+03  0.2759E+02
  0.4840E+03  0.2781E+02
  0.4850E+03  0.2779E+02
  0.4860E+03  0.2808E+02
  0.4870E+03  0.2856E+02
  0.4880E+03  0.2888E+02
  0.4890E+03  0.2830E+02
  0.4900E+03  0.2977E+02
  0.4910E+03  0.2849E+02
  0.4920E+03  0.2887E+02
  0.4930E+03  0.2876E+02
  0.4940E+03  0.2949E+02
  0.4950E+03  0.3003E+02
  0.4960E+03  0.3070E+02
  0.4970E+03  0.3046E+02
  0.4980E+03  0.3088E+02
  0.4990E+03  0.3058E+02
  0.5000E+03  0.3149E+02
  0.5010E+03  0.3163E+02
  0.5020E+03  0.3258E+02
  0.5030E+03  0.3180E+02
  0.5040E+03  0.3188E+02
  0.5050E+03  0.3341E+02
  0.5060E+03  0.3327E+02
  0.5070E+03  0.3321E+02
  0.5080E+03  0.3374E+02
  0.5090E+03  0.3371E+02
  0.5100E+03  0.3423E+02
  0.5110E+03  0.0000E+00
  0.5120E+03  0.0000E+00
