  0.1000E+01  0.1384E+01
  0.2000E+01  0.1622E+01
  0.3000E+01  0.1649E+01
  0.4000E+01  0.1599E+01
  0.5000E+01  0.1757E+01
  0.6000E+01  0.1642E+01
  0.7000E+01  0.1752E+01
  0.8000E+01  0.1690E+01
  0.9000E+01  0.1582E+01
  0.1000E+02  0.1932E+01
  0.1100E+02  0.1799E+01
  0.1200E+02  0.1628E+01
  0.1300E+02  0.1863E+01
  0.1400E+02  0.1524E+01
  0.1500E+02  0.1647E+01
  0.1600E+02  0.1718E+01
  0.1700E+02  0.1428E+01
  0.1800E+02  0.1815E+01
  0.1900E+02  0.1827E+01
  0.2000E+02  0.1696E+01
  0.2100E+02  0.1758E+01
  0.2200E+02  0.2082E+01
  0.2300E+02  0.2776E+01
  0.2400E+02  0.4589E+01
  0.2500E+02  0.7306E+01
  0.2600E+02  0.1047E+02
  0.2700E+02  0.1265E+02
  0.2800E+02  0.1292E+02
  0.2900E+02  0.1108E+02
  0.3000E+02  0.8665E+01
  0.3100E+02  0.6643E+01
  0.3200E+02  0.5006E+01
  0.3300E+02  0.3843E+01
  0.3400E+02  0.2859E+01
  0.3500E+02  0.2137E+01
  0.3600E+02  0.1981E+01
  0.3700E+02  0.1647E+01
  0.3800E+02  0.1592E+01
  0.3900E+02  0.1670E+01
  0.4000E+02  0.1732E+01
  0.4100E+02  0.1959E+01
  0.4200E+02  0.2180E+01
  0.4300E+02  0.2150E+01
  0.4400E+02  0.2092E+01
  0.4500E+02  0.1981E+01
  0.4600E+02  0.1843E+01
  0.4700E+02  0.2042E+01
  0.4800E+02  0.1785E+01
  0.4900E+02  0.1765E+01
  0.5000E+02  0.1798E+01
  0.5100E+02  0.1784E+01
  0.5200E+02  0.1905E+01
  0.5300E+02  0.2112E+01
  0.5400E+02  0.2000E+01
  0.5500E+02  0.1863E+01
  0.5600E+02  0.1713E+01
  0.5700E+02  0.2095E+01
  0.5800E+02  0.2160E+01
  0.5900E+02  0.2181E+01
  0.6000E+02  0.2122E+01
  0.6100E+02  0.2145E+01
  0.6200E+02  0.2246E+01
  0.6300E+02  0.2244E+01
  0.6400E+02  0.2180E+01
  0.6500E+02  0.2230E+01
  0.6600E+02  0.2412E+01
  0.6700E+02  0.2706E+01
  0.6800E+02  0.2899E+01
  0.6900E+02  0.3535E+01
  0.7000E+02  0.3985E+01
  0.7100E+02  0.4444E+01
  0.7200E+02  0.4983E+01
  0.7300E+02  0.5164E+01
  0.7400E+02  0.5585E+01
  0.7500E+02  0.5344E+01
  0.7600E+02  0.5038E+01
  0.7700E+02  0.5113E+01
  0.7800E+02  0.4711E+01
  0.7900E+02  0.4268E+01
  0.8000E+02  0.3865E+01
  0.8100E+02  0.3719E+01
  0.8200E+02  0.3853E+01
  0.8300E+02  0.3760E+01
  0.8400E+02  0.3714E+01
  0.8500E+02  0.3837E+01
  0.8600E+02  0.3616E+01
  0.8700E+02  0.3586E+01
  0.8800E+02  0.3625E+01
  0.8900E+02  0.3324E+01
  0.9000E+02  0.3077E+01
  0.9100E+02  0.2887E+01
  0.9200E+02  0.2980E+01
  0.9300E+02  0.2516E+01
  0.9400E+02  0.2476E+01
  0.9500E+02  0.2703E+01
  0.9600E+02  0.2403E+01
  0.9700E+02  0.2527E+01
  0.9800E+02  0.2259E+01
  0.9900E+02  0.2244E+01
  0.1000E+03  0.2398E+01
  0.1010E+03  0.2442E+01
  0.1020E+03  0.2475E+01
  0.1030E+03  0.2426E+01
  0.1040E+03  0.2267E+01
  0.1050E+03  0.2314E+01
  0.1060E+03  0.2397E+01
  0.1070E+03  0.2442E+01
  0.1080E+03  0.2295E+01
  0.1090E+03  0.2323E+01
  0.1100E+03  0.2489E+01
  0.1110E+03  0.2287E+01
  0.1120E+03  0.2241E+01
  0.1130E+03  0.2227E+01
  0.1140E+03  0.2432E+01
  0.1150E+03  0.2313E+01
  0.1160E+03  0.2335E+01
  0.1170E+03  0.2478E+01
  0.1180E+03  0.2195E+01
  0.1190E+03  0.2326E+01
  0.1200E+03  0.2299E+01
  0.1210E+03  0.2349E+01
  0.1220E+03  0.2456E+01
  0.1230E+03  0.2319E+01
  0.1240E+03  0.2460E+01
  0.1250E+03  0.2615E+01
  0.1260E+03  0.2606E+01
  0.1270E+03  0.2501E+01
  0.1280E+03  0.2348E+01
  0.1290E+03  0.2552E+01
  0.1300E+03  0.2652E+01
  0.1310E+03  0.2531E+01
  0.1320E+03  0.2629E+01
  0.1330E+03  0.2615E+01
  0.1340E+03  0.2633E+01
  0.1350E+03  0.2566E+01
  0.1360E+03  0.2686E+01
  0.1370E+03  0.2692E+01
  0.1380E+03  0.2581E+01
  0.1390E+03  0.2712E+01
  0.1400E+03  0.2739E+01
  0.1410E+03  0.3023E+01
  0.1420E+03  0.2974E+01
  0.1430E+03  0.3047E+01
  0.1440E+03  0.3187E+01
  0.1450E+03  0.3621E+01
  0.1460E+03  0.3652E+01
  0.1470E+03  0.3994E+01
  0.1480E+03  0.4453E+01
  0.1490E+03  0.4745E+01
  0.1500E+03  0.4995E+01
  0.1510E+03  0.5574E+01
  0.1520E+03  0.6091E+01
  0.1530E+03  0.6638E+01
  0.1540E+03  0.7147E+01
  0.1550E+03  0.7708E+01
  0.1560E+03  0.8175E+01
  0.1570E+03  0.8162E+01
  0.1580E+03  0.8611E+01
  0.1590E+03  0.8771E+01
  0.1600E+03  0.8418E+01
  0.1610E+03  0.8390E+01
  0.1620E+03  0.8280E+01
  0.1630E+03  0.7828E+01
  0.1640E+03  0.7161E+01
  0.1650E+03  0.7210E+01
  0.1660E+03  0.6403E+01
  0.1670E+03  0.6147E+01
  0.1680E+03  0.5821E+01
  0.1690E+03  0.5299E+01
  0.1700E+03  0.4928E+01
  0.1710E+03  0.4520E+01
  0.1720E+03  0.4193E+01
  0.1730E+03  0.4205E+01
  0.1740E+03  0.4042E+01
  0.1750E+03  0.3996E+01
  0.1760E+03  0.3949E+01
  0.1770E+03  0.4060E+01
  0.1780E+03  0.3753E+01
  0.1790E+03  0.3978E+01
  0.1800E+03  0.3606E+01
  0.1810E+03  0.3686E+01
  0.1820E+03  0.3411E+01
  0.1830E+03  0.3623E+01
  0.1840E+03  0.3306E+01
  0.1850E+03  0.3325E+01
  0.1860E+03  0.3470E+01
  0.1870E+03  0.3428E+01
  0.1880E+03  0.3598E+01
  0.1890E+03  0.3341E+01
  0.1900E+03  0.2942E+01
  0.1910E+03  0.3319E+01
  0.1920E+03  0.3098E+01
  0.1930E+03  0.2890E+01
  0.1940E+03  0.2897E+01
  0.1950E+03  0.3028E+01
  0.1960E+03  0.2862E+01
  0.1970E+03  0.2440E+01
  0.1980E+03  0.3016E+01
  0.1990E+03  0.2833E+01
  0.2000E+03  0.2890E+01
  0.2010E+03  0.2874E+01
  0.2020E+03  0.2742E+01
  0.2030E+03  0.2654E+01
  0.2040E+03  0.2350E+01
  0.2050E+03  0.2646E+01
  0.2060E+03  0.2161E+01
  0.2070E+03  0.2435E+01
  0.2080E+03  0.2565E+01
  0.2090E+03  0.2313E+01
  0.2100E+03  0.2451E+01
  0.2110E+03  0.2522E+01
  0.2120E+03  0.2418E+01
  0.2130E+03  0.2420E+01
  0.2140E+03  0.2059E+01
  0.2150E+03  0.2190E+01
  0.2160E+03  0.2049E+01
  0.2170E+03  0.2108E+01
  0.2180E+03  0.2462E+01
  0.2190E+03  0.2139E+01
  0.2200E+03  0.2152E+01
  0.2210E+03  0.2241E+01
  0.2220E+03  0.2052E+01
  0.2230E+03  0.1978E+01
  0.2240E+03  0.1971E+01
  0.2250E+03  0.2226E+01
  0.2260E+03  0.2260E+01
  0.2270E+03  0.1971E+01
  0.2280E+03  0.1800E+01
  0.2290E+03  0.1854E+01
  0.2300E+03  0.1994E+01
  0.2310E+03  0.1983E+01
  0.2320E+03  0.1691E+01
  0.2330E+03  0.1854E+01
  0.2340E+03  0.2009E+01
  0.2350E+03  0.1715E+01
  0.2360E+03  0.1990E+01
  0.2370E+03  0.1963E+01
  0.2380E+03  0.1699E+01
  0.2390E+03  0.1833E+01
  0.2400E+03  0.1991E+01
  0.2410E+03  0.1882E+01
  0.2420E+03  0.1980E+01
  0.2430E+03  0.1844E+01
  0.2440E+03  0.1900E+01
  0.2450E+03  0.1843E+01
  0.2460E+03  0.1629E+01
  0.2470E+03  0.1753E+01
  0.2480E+03  0.1804E+01
  0.2490E+03  0.1826E+01
  0.2500E+03  0.1740E+01
  0.2510E+03  0.1897E+01
  0.2520E+03  0.1928E+01
  0.2530E+03  0.1607E+01
  0.2540E+03  0.1754E+01
  0.2550E+03  0.1805E+01
  0.2560E+03  0.1697E+01
  0.2570E+03  0.1720E+01
  0.2580E+03  0.1619E+01
  0.2590E+03  0.1577E+01
  0.2600E+03  0.1474E+01
  0.2610E+03  0.1507E+01
  0.2620E+03  0.1666E+01
  0.2630E+03  0.1744E+01
  0.2640E+03  0.1638E+01
  0.2650E+03  0.1653E+01
  0.2660E+03  0.1647E+01
  0.2670E+03  0.1610E+01
  0.2680E+03  0.1803E+01
  0.2690E+03  0.1796E+01
  0.2700E+03  0.1674E+01
  0.2710E+03  0.1580E+01
  0.2720E+03  0.1643E+01
  0.2730E+03  0.1666E+01
  0.2740E+03  0.1646E+01
  0.2750E+03  0.1697E+01
  0.2760E+03  0.1574E+01
  0.2770E+03  0.1622E+01
  0.2780E+03  0.1855E+01
  0.2790E+03  0.1545E+01
  0.2800E+03  0.1629E+01
  0.2810E+03  0.1484E+01
  0.2820E+03  0.1762E+01
  0.2830E+03  0.1671E+01
  0.2840E+03  0.1500E+01
  0.2850E+03  0.1587E+01
  0.2860E+03  0.1667E+01
  0.2870E+03  0.1499E+01
  0.2880E+03  0.1580E+01
  0.2890E+03  0.1585E+01
  0.2900E+03  0.1710E+01
  0.2910E+03  0.1423E+01
  0.2920E+03  0.1621E+01
  0.2930E+03  0.1537E+01
  0.2940E+03  0.1509E+01
  0.2950E+03  0.1534E+01
  0.2960E+03  0.1569E+01
  0.2970E+03  0.1578E+01
  0.2980E+03  0.1427E+01
  0.2990E+03  0.1551E+01
  0.3000E+03  0.1471E+01
  0.3010E+03  0.1580E+01
  0.3020E+03  0.1511E+01
  0.3030E+03  0.1636E+01
  0.3040E+03  0.1584E+01
  0.3050E+03  0.1485E+01
  0.3060E+03  0.1450E+01
  0.3070E+03  0.1324E+01
  0.3080E+03  0.1483E+01
  0.3090E+03  0.1400E+01
  0.3100E+03  0.1731E+01
  0.3110E+03  0.1409E+01
  0.3120E+03  0.1351E+01
  0.3130E+03  0.1481E+01
  0.3140E+03  0.1384E+01
  0.3150E+03  0.1740E+01
  0.3160E+03  0.1467E+01
  0.3170E+03  0.1434E+01
  0.3180E+03  0.1639E+01
  0.3190E+03  0.1610E+01
  0.3200E+03  0.1714E+01
  0.3210E+03  0.1469E+01
  0.3220E+03  0.1533E+01
  0.3230E+03  0.1586E+01
  0.3240E+03  0.1512E+01
  0.3250E+03  0.1598E+01
  0.3260E+03  0.1669E+01
  0.3270E+03  0.1624E+01
  0.3280E+03  0.1524E+01
  0.3290E+03  0.1638E+01
  0.3300E+03  0.1754E+01
  0.3310E+03  0.1727E+01
  0.3320E+03  0.1748E+01
  0.3330E+03  0.1677E+01
  0.3340E+03  0.2014E+01
  0.3350E+03  0.1654E+01
  0.3360E+03  0.1732E+01
  0.3370E+03  0.1775E+01
  0.3380E+03  0.1668E+01
  0.3390E+03  0.1825E+01
  0.3400E+03  0.1848E+01
  0.3410E+03  0.1801E+01
  0.3420E+03  0.1812E+01
  0.3430E+03  0.1764E+01
  0.3440E+03  0.1816E+01
  0.3450E+03  0.1695E+01
  0.3460E+03  0.1547E+01
  0.3470E+03  0.1765E+01
  0.3480E+03  0.1613E+01
  0.3490E+03  0.1691E+01
  0.3500E+03  0.1665E+01
  0.3510E+03  0.1591E+01
  0.3520E+03  0.1750E+01
  0.3530E+03  0.1606E+01
  0.3540E+03  0.1598E+01
  0.3550E+03  0.1439E+01
  0.3560E+03  0.1512E+01
  0.3570E+03  0.1434E+01
  0.3580E+03  0.1483E+01
  0.3590E+03  0.1389E+01
  0.3600E+03  0.1311E+01
  0.3610E+03  0.1396E+01
  0.3620E+03  0.1314E+01
  0.3630E+03  0.1108E+01
  0.3640E+03  0.1236E+01
  0.3650E+03  0.1234E+01
  0.3660E+03  0.1068E+01
  0.3670E+03  0.1153E+01
  0.3680E+03  0.9209E+00
  0.3690E+03  0.1012E+01
  0.3700E+03  0.1088E+01
  0.3710E+03  0.1064E+01
  0.3720E+03  0.8485E+00
  0.3730E+03  0.1077E+01
  0.3740E+03  0.9398E+00
  0.3750E+03  0.9298E+00
  0.3760E+03  0.8971E+00
  0.3770E+03  0.8975E+00
  0.3780E+03  0.9757E+00
  0.3790E+03  0.9266E+00
  0.3800E+03  0.9288E+00
  0.3810E+03  0.7830E+00
  0.3820E+03  0.9790E+00
  0.3830E+03  0.9385E+00
  0.3840E+03  0.7863E+00
  0.3850E+03  0.7793E+00
  0.3860E+03  0.7440E+00
  0.3870E+03  0.8243E+00
  0.3880E+03  0.7965E+00
  0.3890E+03  0.8327E+00
  0.3900E+03  0.8877E+00
  0.3910E+03  0.7860E+00
  0.3920E+03  0.8848E+00
  0.3930E+03  0.8389E+00
  0.3940E+03  0.8265E+00
  0.3950E+03  0.8534E+00
  0.3960E+03  0.7734E+00
  0.3970E+03  0.9122E+00
  0.3980E+03  0.8634E+00
  0.3990E+03  0.7869E+00
  0.4000E+03  0.7922E+00
  0.4010E+03  0.8698E+00
  0.4020E+03  0.8041E+00
  0.4030E+03  0.8791E+00
  0.4040E+03  0.7590E+00
  0.4050E+03  0.8101E+00
  0.4060E+03  0.9282E+00
  0.4070E+03  0.8155E+00
  0.4080E+03  0.9053E+00
  0.4090E+03  0.8043E+00
  0.4100E+03  0.9027E+00
  0.4110E+03  0.1011E+01
  0.4120E+03  0.9626E+00
  0.4130E+03  0.9617E+00
  0.4140E+03  0.9089E+00
  0.4150E+03  0.1143E+01
  0.4160E+03  0.9223E+00
  0.4170E+03  0.9999E+00
  0.4180E+03  0.1106E+01
  0.4190E+03  0.1255E+01
  0.4200E+03  0.1116E+01
  0.4210E+03  0.1344E+01
  0.4220E+03  0.1173E+01
  0.4230E+03  0.1317E+01
  0.4240E+03  0.1421E+01
  0.4250E+03  0.1291E+01
  0.4260E+03  0.1355E+01
  0.4270E+03  0.1430E+01
  0.4280E+03  0.1549E+01
  0.4290E+03  0.1418E+01
  0.4300E+03  0.1532E+01
  0.4310E+03  0.1382E+01
  0.4320E+03  0.1620E+01
  0.4330E+03  0.1658E+01
  0.4340E+03  0.1522E+01
  0.4350E+03  0.1619E+01
  0.4360E+03  0.1717E+01
  0.4370E+03  0.1871E+01
  0.4380E+03  0.1584E+01
  0.4390E+03  0.1772E+01
  0.4400E+03  0.1633E+01
  0.4410E+03  0.1692E+01
  0.4420E+03  0.1743E+01
  0.4430E+03  0.1664E+01
  0.4440E+03  0.1583E+01
  0.4450E+03  0.1660E+01
  0.4460E+03  0.1426E+01
  0.4470E+03  0.1524E+01
  0.4480E+03  0.1575E+01
  0.4490E+03  0.1434E+01
  0.4500E+03  0.1433E+01
  0.4510E+03  0.1404E+01
  0.4520E+03  0.1343E+01
  0.4530E+03  0.1368E+01
  0.4540E+03  0.1327E+01
  0.4550E+03  0.1132E+01
  0.4560E+03  0.1142E+01
  0.4570E+03  0.1160E+01
  0.4580E+03  0.1166E+01
  0.4590E+03  0.1055E+01
  0.4600E+03  0.1043E+01
  0.4610E+03  0.1105E+01
  0.4620E+03  0.9427E+00
  0.4630E+03  0.9435E+00
  0.4640E+03  0.8741E+00
  0.4650E+03  0.8637E+00
  0.4660E+03  0.8798E+00
  0.4670E+03  0.7867E+00
  0.4680E+03  0.7404E+00
  0.4690E+03  0.8012E+00
  0.4700E+03  0.6818E+00
  0.4710E+03  0.7729E+00
  0.4720E+03  0.8867E+00
  0.4730E+03  0.7758E+00
  0.4740E+03  0.8448E+00
  0.4750E+03  0.7609E+00
  0.4760E+03  0.8225E+00
  0.4770E+03  0.9326E+00
  0.4780E+03  0.7766E+00
  0.4790E+03  0.8175E+00
  0.4800E+03  0.8028E+00
  0.4810E+03  0.9267E+00
  0.4820E+03  0.8429E+00
  0.4830E+03  0.8981E+00
  0.4840E+03  0.1113E+01
  0.4850E+03  0.1152E+01
  0.4860E+03  0.1141E+01
  0.4870E+03  0.1087E+01
  0.4880E+03  0.1211E+01
  0.4890E+03  0.1120E+01
  0.4900E+03  0.1201E+01
  0.4910E+03  0.1243E+01
  0.4920E+03  0.1305E+01
  0.4930E+03  0.1472E+01
  0.4940E+03  0.1405E+01
  0.4950E+03  0.1623E+01
  0.4960E+03  0.1643E+01
  0.4970E+03  0.1760E+01
  0.4980E+03  0.1873E+01
  0.4990E+03  0.1940E+01
  0.5000E+03  0.1866E+01
  0.5010E+03  0.1989E+01
  0.5020E+03  0.2197E+01
  0.5030E+03  0.2512E+01
  0.5040E+03  0.2233E+01
  0.5050E+03  0.2545E+01
  0.5060E+03  0.2446E+01
  0.5070E+03  0.2462E+01
  0.5080E+03  0.2512E+01
  0.5090E+03  0.2750E+01
  0.5100E+03  0.2941E+01
  0.5110E+03  0.0000E+00
  0.5120E+03  0.0000E+00
