  0.1000E+01  0.4889E+02
  0.2000E+01  0.5397E+02
  0.3000E+01  0.5621E+02
  0.4000E+01  0.5708E+02
  0.5000E+01  0.5855E+02
  0.6000E+01  0.5963E+02
  0.7000E+01  0.5964E+02
  0.8000E+01  0.5921E+02
  0.9000E+01  0.5938E+02
  0.1000E+02  0.5962E+02
  0.1100E+02  0.6086E+02
  0.1200E+02  0.6022E+02
  0.1300E+02  0.5946E+02
  0.1400E+02  0.5994E+02
  0.1500E+02  0.6008E+02
  0.1600E+02  0.5893E+02
  0.1700E+02  0.5886E+02
  0.1800E+02  0.5914E+02
  0.1900E+02  0.5852E+02
  0.2000E+02  0.5867E+02
  0.2100E+02  0.5984E+02
  0.2200E+02  0.6160E+02
  0.2300E+02  0.6815E+02
  0.2400E+02  0.8482E+02
  0.2500E+02  0.1101E+03
  0.2600E+02  0.1389E+03
  0.2700E+02  0.1599E+03
  0.2800E+02  0.1623E+03
  0.2900E+02  0.1467E+03
  0.3000E+02  0.1258E+03
  0.3100E+02  0.1068E+03
  0.3200E+02  0.9217E+02
  0.3300E+02  0.8017E+02
  0.3400E+02  0.7056E+02
  0.3500E+02  0.6441E+02
  0.3600E+02  0.6063E+02
  0.3700E+02  0.5863E+02
  0.3800E+02  0.5823E+02
  0.3900E+02  0.6013E+02
  0.4000E+02  0.6140E+02
  0.4100E+02  0.6267E+02
  0.4200E+02  0.6520E+02
  0.4300E+02  0.6675E+02
  0.4400E+02  0.6906E+02
  0.4500E+02  0.6960E+02
  0.4600E+02  0.7031E+02
  0.4700E+02  0.6895E+02
  0.4800E+02  0.6685E+02
  0.4900E+02  0.6618E+02
  0.5000E+02  0.6618E+02
  0.5100E+02  0.6594E+02
  0.5200E+02  0.6478E+02
  0.5300E+02  0.6718E+02
  0.5400E+02  0.6795E+02
  0.5500E+02  0.6935E+02
  0.5600E+02  0.7009E+02
  0.5700E+02  0.7086E+02
  0.5800E+02  0.7186E+02
  0.5900E+02  0.7202E+02
  0.6000E+02  0.7389E+02
  0.6100E+02  0.7319E+02
  0.6200E+02  0.7443E+02
  0.6300E+02  0.7573E+02
  0.6400E+02  0.7919E+02
  0.6500E+02  0.8264E+02
  0.6600E+02  0.9009E+02
  0.6700E+02  0.9847E+02
  0.6800E+02  0.1094E+03
  0.6900E+02  0.1249E+03
  0.7000E+02  0.1398E+03
  0.7100E+02  0.1554E+03
  0.7200E+02  0.1695E+03
  0.7300E+02  0.1813E+03
  0.7400E+02  0.1848E+03
  0.7500E+02  0.1862E+03
  0.7600E+02  0.1784E+03
  0.7700E+02  0.1703E+03
  0.7800E+02  0.1615E+03
  0.7900E+02  0.1520E+03
  0.8000E+02  0.1427E+03
  0.8100E+02  0.1378E+03
  0.8200E+02  0.1336E+03
  0.8300E+02  0.1326E+03
  0.8400E+02  0.1336E+03
  0.8500E+02  0.1311E+03
  0.8600E+02  0.1279E+03
  0.8700E+02  0.1260E+03
  0.8800E+02  0.1211E+03
  0.8900E+02  0.1155E+03
  0.9000E+02  0.1103E+03
  0.9100E+02  0.1042E+03
  0.9200E+02  0.9945E+02
  0.9300E+02  0.9644E+02
  0.9400E+02  0.9252E+02
  0.9500E+02  0.8951E+02
  0.9600E+02  0.8843E+02
  0.9700E+02  0.8854E+02
  0.9800E+02  0.8786E+02
  0.9900E+02  0.8735E+02
  0.1000E+03  0.8589E+02
  0.1010E+03  0.8782E+02
  0.1020E+03  0.8478E+02
  0.1030E+03  0.8659E+02
  0.1040E+03  0.8637E+02
  0.1050E+03  0.8765E+02
  0.1060E+03  0.8572E+02
  0.1070E+03  0.8517E+02
  0.1080E+03  0.8620E+02
  0.1090E+03  0.8624E+02
  0.1100E+03  0.8564E+02
  0.1110E+03  0.8576E+02
  0.1120E+03  0.8553E+02
  0.1130E+03  0.8555E+02
  0.1140E+03  0.8577E+02
  0.1150E+03  0.8588E+02
  0.1160E+03  0.8501E+02
  0.1170E+03  0.8630E+02
  0.1180E+03  0.8635E+02
  0.1190E+03  0.8593E+02
  0.1200E+03  0.8646E+02
  0.1210E+03  0.8764E+02
  0.1220E+03  0.8751E+02
  0.1230E+03  0.8914E+02
  0.1240E+03  0.8988E+02
  0.1250E+03  0.8994E+02
  0.1260E+03  0.9063E+02
  0.1270E+03  0.9109E+02
  0.1280E+03  0.9208E+02
  0.1290E+03  0.9203E+02
  0.1300E+03  0.9316E+02
  0.1310E+03  0.9348E+02
  0.1320E+03  0.9426E+02
  0.1330E+03  0.9451E+02
  0.1340E+03  0.9422E+02
  0.1350E+03  0.9515E+02
  0.1360E+03  0.9489E+02
  0.1370E+03  0.9504E+02
  0.1380E+03  0.9681E+02
  0.1390E+03  0.9764E+02
  0.1400E+03  0.9997E+02
  0.1410E+03  0.1007E+03
  0.1420E+03  0.1039E+03
  0.1430E+03  0.1068E+03
  0.1440E+03  0.1109E+03
  0.1450E+03  0.1162E+03
  0.1460E+03  0.1227E+03
  0.1470E+03  0.1300E+03
  0.1480E+03  0.1402E+03
  0.1490E+03  0.1491E+03
  0.1500E+03  0.1613E+03
  0.1510E+03  0.1742E+03
  0.1520E+03  0.1873E+03
  0.1530E+03  0.1994E+03
  0.1540E+03  0.2136E+03
  0.1550E+03  0.2238E+03
  0.1560E+03  0.2345E+03
  0.1570E+03  0.2418E+03
  0.1580E+03  0.2468E+03
  0.1590E+03  0.2483E+03
  0.1600E+03  0.2494E+03
  0.1610E+03  0.2470E+03
  0.1620E+03  0.2382E+03
  0.1630E+03  0.2311E+03
  0.1640E+03  0.2206E+03
  0.1650E+03  0.2107E+03
  0.1660E+03  0.1998E+03
  0.1670E+03  0.1892E+03
  0.1680E+03  0.1775E+03
  0.1690E+03  0.1697E+03
  0.1700E+03  0.1614E+03
  0.1710E+03  0.1546E+03
  0.1720E+03  0.1493E+03
  0.1730E+03  0.1461E+03
  0.1740E+03  0.1398E+03
  0.1750E+03  0.1388E+03
  0.1760E+03  0.1366E+03
  0.1770E+03  0.1345E+03
  0.1780E+03  0.1358E+03
  0.1790E+03  0.1333E+03
  0.1800E+03  0.1317E+03
  0.1810E+03  0.1304E+03
  0.1820E+03  0.1299E+03
  0.1830E+03  0.1290E+03
  0.1840E+03  0.1263E+03
  0.1850E+03  0.1269E+03
  0.1860E+03  0.1232E+03
  0.1870E+03  0.1234E+03
  0.1880E+03  0.1194E+03
  0.1890E+03  0.1188E+03
  0.1900E+03  0.1169E+03
  0.1910E+03  0.1158E+03
  0.1920E+03  0.1142E+03
  0.1930E+03  0.1131E+03
  0.1940E+03  0.1102E+03
  0.1950E+03  0.1093E+03
  0.1960E+03  0.1064E+03
  0.1970E+03  0.1056E+03
  0.1980E+03  0.1057E+03
  0.1990E+03  0.1019E+03
  0.2000E+03  0.1015E+03
  0.2010E+03  0.9905E+02
  0.2020E+03  0.9768E+02
  0.2030E+03  0.9707E+02
  0.2040E+03  0.9620E+02
  0.2050E+03  0.9420E+02
  0.2060E+03  0.9254E+02
  0.2070E+03  0.9150E+02
  0.2080E+03  0.9021E+02
  0.2090E+03  0.9024E+02
  0.2100E+03  0.8919E+02
  0.2110E+03  0.8756E+02
  0.2120E+03  0.8604E+02
  0.2130E+03  0.8582E+02
  0.2140E+03  0.8372E+02
  0.2150E+03  0.8224E+02
  0.2160E+03  0.8194E+02
  0.2170E+03  0.8170E+02
  0.2180E+03  0.8131E+02
  0.2190E+03  0.7909E+02
  0.2200E+03  0.7877E+02
  0.2210E+03  0.7919E+02
  0.2220E+03  0.7684E+02
  0.2230E+03  0.7617E+02
  0.2240E+03  0.7556E+02
  0.2250E+03  0.7449E+02
  0.2260E+03  0.7411E+02
  0.2270E+03  0.7278E+02
  0.2280E+03  0.7294E+02
  0.2290E+03  0.7370E+02
  0.2300E+03  0.7101E+02
  0.2310E+03  0.7209E+02
  0.2320E+03  0.7068E+02
  0.2330E+03  0.7076E+02
  0.2340E+03  0.7075E+02
  0.2350E+03  0.7025E+02
  0.2360E+03  0.6974E+02
  0.2370E+03  0.6914E+02
  0.2380E+03  0.7021E+02
  0.2390E+03  0.6893E+02
  0.2400E+03  0.6804E+02
  0.2410E+03  0.6871E+02
  0.2420E+03  0.6819E+02
  0.2430E+03  0.6728E+02
  0.2440E+03  0.6669E+02
  0.2450E+03  0.6742E+02
  0.2460E+03  0.6621E+02
  0.2470E+03  0.6634E+02
  0.2480E+03  0.6723E+02
  0.2490E+03  0.6756E+02
  0.2500E+03  0.6583E+02
  0.2510E+03  0.6572E+02
  0.2520E+03  0.6434E+02
  0.2530E+03  0.6543E+02
  0.2540E+03  0.6539E+02
  0.2550E+03  0.6491E+02
  0.2560E+03  0.6482E+02
  0.2570E+03  0.6495E+02
  0.2580E+03  0.6431E+02
  0.2590E+03  0.6208E+02
  0.2600E+03  0.6334E+02
  0.2610E+03  0.6399E+02
  0.2620E+03  0.6293E+02
  0.2630E+03  0.6251E+02
  0.2640E+03  0.6187E+02
  0.2650E+03  0.6287E+02
  0.2660E+03  0.6241E+02
  0.2670E+03  0.6194E+02
  0.2680E+03  0.6218E+02
  0.2690E+03  0.6191E+02
  0.2700E+03  0.6228E+02
  0.2710E+03  0.6161E+02
  0.2720E+03  0.6191E+02
  0.2730E+03  0.6134E+02
  0.2740E+03  0.6010E+02
  0.2750E+03  0.6098E+02
  0.2760E+03  0.6136E+02
  0.2770E+03  0.6112E+02
  0.2780E+03  0.6126E+02
  0.2790E+03  0.6109E+02
  0.2800E+03  0.6124E+02
  0.2810E+03  0.6005E+02
  0.2820E+03  0.5976E+02
  0.2830E+03  0.5872E+02
  0.2840E+03  0.5975E+02
  0.2850E+03  0.5877E+02
  0.2860E+03  0.5812E+02
  0.2870E+03  0.5834E+02
  0.2880E+03  0.5798E+02
  0.2890E+03  0.5669E+02
  0.2900E+03  0.5771E+02
  0.2910E+03  0.5666E+02
  0.2920E+03  0.5674E+02
  0.2930E+03  0.5599E+02
  0.2940E+03  0.5584E+02
  0.2950E+03  0.5636E+02
  0.2960E+03  0.5634E+02
  0.2970E+03  0.5554E+02
  0.2980E+03  0.5500E+02
  0.2990E+03  0.5593E+02
  0.3000E+03  0.5520E+02
  0.3010E+03  0.5467E+02
  0.3020E+03  0.5400E+02
  0.3030E+03  0.5479E+02
  0.3040E+03  0.5549E+02
  0.3050E+03  0.5529E+02
  0.3060E+03  0.5483E+02
  0.3070E+03  0.5526E+02
  0.3080E+03  0.5429E+02
  0.3090E+03  0.5609E+02
  0.3100E+03  0.5462E+02
  0.3110E+03  0.5524E+02
  0.3120E+03  0.5605E+02
  0.3130E+03  0.5664E+02
  0.3140E+03  0.5612E+02
  0.3150E+03  0.5575E+02
  0.3160E+03  0.5727E+02
  0.3170E+03  0.5735E+02
  0.3180E+03  0.5665E+02
  0.3190E+03  0.5676E+02
  0.3200E+03  0.5722E+02
  0.3210E+03  0.5873E+02
  0.3220E+03  0.5861E+02
  0.3230E+03  0.5876E+02
  0.3240E+03  0.5874E+02
  0.3250E+03  0.5928E+02
  0.3260E+03  0.5986E+02
  0.3270E+03  0.6028E+02
  0.3280E+03  0.6121E+02
  0.3290E+03  0.6066E+02
  0.3300E+03  0.6135E+02
  0.3310E+03  0.6216E+02
  0.3320E+03  0.6307E+02
  0.3330E+03  0.6294E+02
  0.3340E+03  0.6346E+02
  0.3350E+03  0.6397E+02
  0.3360E+03  0.6268E+02
  0.3370E+03  0.6432E+02
  0.3380E+03  0.6529E+02
  0.3390E+03  0.6316E+02
  0.3400E+03  0.6518E+02
  0.3410E+03  0.6446E+02
  0.3420E+03  0.6418E+02
  0.3430E+03  0.6419E+02
  0.3440E+03  0.6386E+02
  0.3450E+03  0.6376E+02
  0.3460E+03  0.6325E+02
  0.3470E+03  0.6188E+02
  0.3480E+03  0.6315E+02
  0.3490E+03  0.6132E+02
  0.3500E+03  0.6064E+02
  0.3510E+03  0.6012E+02
  0.3520E+03  0.5959E+02
  0.3530E+03  0.5836E+02
  0.3540E+03  0.5673E+02
  0.3550E+03  0.5560E+02
  0.3560E+03  0.5406E+02
  0.3570E+03  0.5355E+02
  0.3580E+03  0.5211E+02
  0.3590E+03  0.5091E+02
  0.3600E+03  0.4953E+02
  0.3610E+03  0.4996E+02
  0.3620E+03  0.4765E+02
  0.3630E+03  0.4674E+02
  0.3640E+03  0.4543E+02
  0.3650E+03  0.4398E+02
  0.3660E+03  0.4186E+02
  0.3670E+03  0.4205E+02
  0.3680E+03  0.4063E+02
  0.3690E+03  0.3950E+02
  0.3700E+03  0.3873E+02
  0.3710E+03  0.3801E+02
  0.3720E+03  0.3743E+02
  0.3730E+03  0.3671E+02
  0.3740E+03  0.3554E+02
  0.3750E+03  0.3480E+02
  0.3760E+03  0.3431E+02
  0.3770E+03  0.3387E+02
  0.3780E+03  0.3376E+02
  0.3790E+03  0.3292E+02
  0.3800E+03  0.3216E+02
  0.3810E+03  0.3271E+02
  0.3820E+03  0.3182E+02
  0.3830E+03  0.3172E+02
  0.3840E+03  0.3070E+02
  0.3850E+03  0.3125E+02
  0.3860E+03  0.3121E+02
  0.3870E+03  0.3079E+02
  0.3880E+03  0.3018E+02
  0.3890E+03  0.3003E+02
  0.3900E+03  0.3060E+02
  0.3910E+03  0.3019E+02
  0.3920E+03  0.2909E+02
  0.3930E+03  0.3038E+02
  0.3940E+03  0.3006E+02
  0.3950E+03  0.2964E+02
  0.3960E+03  0.2960E+02
  0.3970E+03  0.2983E+02
  0.3980E+03  0.3017E+02
  0.3990E+03  0.2924E+02
  0.4000E+03  0.3022E+02
  0.4010E+03  0.3022E+02
  0.4020E+03  0.3027E+02
  0.4030E+03  0.3105E+02
  0.4040E+03  0.3086E+02
  0.4050E+03  0.3135E+02
  0.4060E+03  0.3174E+02
  0.4070E+03  0.3194E+02
  0.4080E+03  0.3257E+02
  0.4090E+03  0.3223E+02
  0.4100E+03  0.3385E+02
  0.4110E+03  0.3450E+02
  0.4120E+03  0.3490E+02
  0.4130E+03  0.3492E+02
  0.4140E+03  0.3619E+02
  0.4150E+03  0.3725E+02
  0.4160E+03  0.3840E+02
  0.4170E+03  0.3888E+02
  0.4180E+03  0.4111E+02
  0.4190E+03  0.4069E+02
  0.4200E+03  0.4232E+02
  0.4210E+03  0.4267E+02
  0.4220E+03  0.4388E+02
  0.4230E+03  0.4483E+02
  0.4240E+03  0.4724E+02
  0.4250E+03  0.4829E+02
  0.4260E+03  0.4920E+02
  0.4270E+03  0.5029E+02
  0.4280E+03  0.5146E+02
  0.4290E+03  0.5322E+02
  0.4300E+03  0.5381E+02
  0.4310E+03  0.5409E+02
  0.4320E+03  0.5544E+02
  0.4330E+03  0.5618E+02
  0.4340E+03  0.5643E+02
  0.4350E+03  0.5754E+02
  0.4360E+03  0.5695E+02
  0.4370E+03  0.5736E+02
  0.4380E+03  0.5851E+02
  0.4390E+03  0.5791E+02
  0.4400E+03  0.5861E+02
  0.4410E+03  0.5782E+02
  0.4420E+03  0.5755E+02
  0.4430E+03  0.5766E+02
  0.4440E+03  0.5758E+02
  0.4450E+03  0.5550E+02
  0.4460E+03  0.5527E+02
  0.4470E+03  0.5287E+02
  0.4480E+03  0.5326E+02
  0.4490E+03  0.5232E+02
  0.4500E+03  0.5161E+02
  0.4510E+03  0.4893E+02
  0.4520E+03  0.4795E+02
  0.4530E+03  0.4616E+02
  0.4540E+03  0.4593E+02
  0.4550E+03  0.4429E+02
  0.4560E+03  0.4177E+02
  0.4570E+03  0.4239E+02
  0.4580E+03  0.4052E+02
  0.4590E+03  0.3853E+02
  0.4600E+03  0.3668E+02
  0.4610E+03  0.3692E+02
  0.4620E+03  0.3472E+02
  0.4630E+03  0.3403E+02
  0.4640E+03  0.3387E+02
  0.4650E+03  0.3339E+02
  0.4660E+03  0.3219E+02
  0.4670E+03  0.3184E+02
  0.4680E+03  0.3103E+02
  0.4690E+03  0.3024E+02
  0.4700E+03  0.3016E+02
  0.4710E+03  0.3035E+02
  0.4720E+03  0.2946E+02
  0.4730E+03  0.2990E+02
  0.4740E+03  0.2927E+02
  0.4750E+03  0.2980E+02
  0.4760E+03  0.3059E+02
  0.4770E+03  0.3181E+02
  0.4780E+03  0.3198E+02
  0.4790E+03  0.3231E+02
  0.4800E+03  0.3239E+02
  0.4810E+03  0.3361E+02
  0.4820E+03  0.3453E+02
  0.4830E+03  0.3577E+02
  0.4840E+03  0.3734E+02
  0.4850E+03  0.3928E+02
  0.4860E+03  0.3998E+02
  0.4870E+03  0.4196E+02
  0.4880E+03  0.4394E+02
  0.4890E+03  0.4556E+02
  0.4900E+03  0.4665E+02
  0.4910E+03  0.4934E+02
  0.4920E+03  0.5197E+02
  0.4930E+03  0.5324E+02
  0.4940E+03  0.5523E+02
  0.4950E+03  0.5744E+02
  0.4960E+03  0.6167E+02
  0.4970E+03  0.6363E+02
  0.4980E+03  0.6596E+02
  0.4990E+03  0.6867E+02
  0.5000E+03  0.7297E+02
  0.5010E+03  0.7678E+02
  0.5020E+03  0.8020E+02
  0.5030E+03  0.8206E+02
  0.5040E+03  0.8573E+02
  0.5050E+03  0.8823E+02
  0.5060E+03  0.9216E+02
  0.5070E+03  0.9666E+02
  0.5080E+03  0.9912E+02
  0.5090E+03  0.1017E+03
  0.5100E+03  0.1048E+03
  0.5110E+03  0.0000E+00
  0.5120E+03  0.0000E+00
