  0.1000E+01  0.1513E+02
  0.2000E+01  0.1694E+02
  0.3000E+01  0.1762E+02
  0.4000E+01  0.1792E+02
  0.5000E+01  0.1805E+02
  0.6000E+01  0.1793E+02
  0.7000E+01  0.1814E+02
  0.8000E+01  0.1799E+02
  0.9000E+01  0.1840E+02
  0.1000E+02  0.1842E+02
  0.1100E+02  0.1867E+02
  0.1200E+02  0.1821E+02
  0.1300E+02  0.1966E+02
  0.1400E+02  0.1910E+02
  0.1500E+02  0.1899E+02
  0.1600E+02  0.1848E+02
  0.1700E+02  0.1877E+02
  0.1800E+02  0.1988E+02
  0.1900E+02  0.2031E+02
  0.2000E+02  0.2389E+02
  0.2100E+02  0.3119E+02
  0.2200E+02  0.4241E+02
  0.2300E+02  0.5874E+02
  0.2400E+02  0.7722E+02
  0.2500E+02  0.9432E+02
  0.2600E+02  0.1028E+03
  0.2700E+02  0.9968E+02
  0.2800E+02  0.8795E+02
  0.2900E+02  0.7226E+02
  0.3000E+02  0.5703E+02
  0.3100E+02  0.4506E+02
  0.3200E+02  0.3524E+02
  0.3300E+02  0.2827E+02
  0.3400E+02  0.2386E+02
  0.3500E+02  0.2130E+02
  0.3600E+02  0.2060E+02
  0.3700E+02  0.2033E+02
  0.3800E+02  0.2078E+02
  0.3900E+02  0.2086E+02
  0.4000E+02  0.2171E+02
  0.4100E+02  0.2308E+02
  0.4200E+02  0.2395E+02
  0.4300E+02  0.2574E+02
  0.4400E+02  0.2659E+02
  0.4500E+02  0.2732E+02
  0.4600E+02  0.2816E+02
  0.4700E+02  0.2823E+02
  0.4800E+02  0.2894E+02
  0.4900E+02  0.2832E+02
  0.5000E+02  0.2926E+02
  0.5100E+02  0.2940E+02
  0.5200E+02  0.3111E+02
  0.5300E+02  0.3162E+02
  0.5400E+02  0.3317E+02
  0.5500E+02  0.3445E+02
  0.5600E+02  0.3654E+02
  0.5700E+02  0.3710E+02
  0.5800E+02  0.3888E+02
  0.5900E+02  0.3907E+02
  0.6000E+02  0.4080E+02
  0.6100E+02  0.4134E+02
  0.6200E+02  0.4260E+02
  0.6300E+02  0.4494E+02
  0.6400E+02  0.4767E+02
  0.6500E+02  0.4967E+02
  0.6600E+02  0.5374E+02
  0.6700E+02  0.5911E+02
  0.6800E+02  0.6436E+02
  0.6900E+02  0.7261E+02
  0.7000E+02  0.8063E+02
  0.7100E+02  0.8975E+02
  0.7200E+02  0.9773E+02
  0.7300E+02  0.1028E+03
  0.7400E+02  0.1064E+03
  0.7500E+02  0.1067E+03
  0.7600E+02  0.1048E+03
  0.7700E+02  0.1018E+03
  0.7800E+02  0.9644E+02
  0.7900E+02  0.9226E+02
  0.8000E+02  0.8792E+02
  0.8100E+02  0.8585E+02
  0.8200E+02  0.8418E+02
  0.8300E+02  0.8376E+02
  0.8400E+02  0.8267E+02
  0.8500E+02  0.8154E+02
  0.8600E+02  0.8101E+02
  0.8700E+02  0.7852E+02
  0.8800E+02  0.7677E+02
  0.8900E+02  0.7310E+02
  0.9000E+02  0.7000E+02
  0.9100E+02  0.6711E+02
  0.9200E+02  0.6512E+02
  0.9300E+02  0.6413E+02
  0.9400E+02  0.6237E+02
  0.9500E+02  0.6207E+02
  0.9600E+02  0.6218E+02
  0.9700E+02  0.6271E+02
  0.9800E+02  0.6347E+02
  0.9900E+02  0.6449E+02
  0.1000E+03  0.6518E+02
  0.1010E+03  0.6498E+02
  0.1020E+03  0.6543E+02
  0.1030E+03  0.6595E+02
  0.1040E+03  0.6488E+02
  0.1050E+03  0.6447E+02
  0.1060E+03  0.6402E+02
  0.1070E+03  0.6381E+02
  0.1080E+03  0.6213E+02
  0.1090E+03  0.6231E+02
  0.1100E+03  0.6118E+02
  0.1110E+03  0.6019E+02
  0.1120E+03  0.5933E+02
  0.1130E+03  0.5956E+02
  0.1140E+03  0.5883E+02
  0.1150E+03  0.5797E+02
  0.1160E+03  0.5763E+02
  0.1170E+03  0.5816E+02
  0.1180E+03  0.5725E+02
  0.1190E+03  0.5706E+02
  0.1200E+03  0.5705E+02
  0.1210E+03  0.5685E+02
  0.1220E+03  0.5693E+02
  0.1230E+03  0.5679E+02
  0.1240E+03  0.5644E+02
  0.1250E+03  0.5694E+02
  0.1260E+03  0.5799E+02
  0.1270E+03  0.5698E+02
  0.1280E+03  0.5711E+02
  0.1290E+03  0.5731E+02
  0.1300E+03  0.5789E+02
  0.1310E+03  0.5793E+02
  0.1320E+03  0.5838E+02
  0.1330E+03  0.5841E+02
  0.1340E+03  0.5923E+02
  0.1350E+03  0.5919E+02
  0.1360E+03  0.5969E+02
  0.1370E+03  0.6003E+02
  0.1380E+03  0.6016E+02
  0.1390E+03  0.6155E+02
  0.1400E+03  0.6104E+02
  0.1410E+03  0.6209E+02
  0.1420E+03  0.6295E+02
  0.1430E+03  0.6390E+02
  0.1440E+03  0.6404E+02
  0.1450E+03  0.6423E+02
  0.1460E+03  0.6468E+02
  0.1470E+03  0.6566E+02
  0.1480E+03  0.6472E+02
  0.1490E+03  0.6560E+02
  0.1500E+03  0.6537E+02
  0.1510E+03  0.6516E+02
  0.1520E+03  0.6367E+02
  0.1530E+03  0.6420E+02
  0.1540E+03  0.6245E+02
  0.1550E+03  0.6144E+02
  0.1560E+03  0.6086E+02
  0.1570E+03  0.5854E+02
  0.1580E+03  0.5671E+02
  0.1590E+03  0.5468E+02
  0.1600E+03  0.5302E+02
  0.1610E+03  0.5252E+02
  0.1620E+03  0.4911E+02
  0.1630E+03  0.4642E+02
  0.1640E+03  0.4616E+02
  0.1650E+03  0.4531E+02
  0.1660E+03  0.4395E+02
  0.1670E+03  0.4215E+02
  0.1680E+03  0.4068E+02
  0.1690E+03  0.3996E+02
  0.1700E+03  0.3916E+02
  0.1710E+03  0.3846E+02
  0.1720E+03  0.3682E+02
  0.1730E+03  0.3653E+02
  0.1740E+03  0.3668E+02
  0.1750E+03  0.3574E+02
  0.1760E+03  0.3622E+02
  0.1770E+03  0.3525E+02
  0.1780E+03  0.3443E+02
  0.1790E+03  0.3435E+02
  0.1800E+03  0.3426E+02
  0.1810E+03  0.3259E+02
  0.1820E+03  0.3265E+02
  0.1830E+03  0.3355E+02
  0.1840E+03  0.3242E+02
  0.1850E+03  0.3137E+02
  0.1860E+03  0.3135E+02
  0.1870E+03  0.3078E+02
  0.1880E+03  0.3011E+02
  0.1890E+03  0.3103E+02
  0.1900E+03  0.2964E+02
  0.1910E+03  0.2970E+02
  0.1920E+03  0.2925E+02
  0.1930E+03  0.2793E+02
  0.1940E+03  0.2877E+02
  0.1950E+03  0.2803E+02
  0.1960E+03  0.2810E+02
  0.1970E+03  0.2743E+02
  0.1980E+03  0.2685E+02
  0.1990E+03  0.2698E+02
  0.2000E+03  0.2585E+02
  0.2010E+03  0.2545E+02
  0.2020E+03  0.2595E+02
  0.2030E+03  0.2593E+02
  0.2040E+03  0.2531E+02
  0.2050E+03  0.2615E+02
  0.2060E+03  0.2441E+02
  0.2070E+03  0.2457E+02
  0.2080E+03  0.2443E+02
  0.2090E+03  0.2419E+02
  0.2100E+03  0.2402E+02
  0.2110E+03  0.2477E+02
  0.2120E+03  0.2350E+02
  0.2130E+03  0.2375E+02
  0.2140E+03  0.2365E+02
  0.2150E+03  0.2363E+02
  0.2160E+03  0.2246E+02
  0.2170E+03  0.2303E+02
  0.2180E+03  0.2305E+02
  0.2190E+03  0.2289E+02
  0.2200E+03  0.2241E+02
  0.2210E+03  0.2254E+02
  0.2220E+03  0.2258E+02
  0.2230E+03  0.2202E+02
  0.2240E+03  0.2210E+02
  0.2250E+03  0.2184E+02
  0.2260E+03  0.2195E+02
  0.2270E+03  0.2240E+02
  0.2280E+03  0.2246E+02
  0.2290E+03  0.2185E+02
  0.2300E+03  0.2104E+02
  0.2310E+03  0.2207E+02
  0.2320E+03  0.2186E+02
  0.2330E+03  0.2183E+02
  0.2340E+03  0.2225E+02
  0.2350E+03  0.2173E+02
  0.2360E+03  0.2161E+02
  0.2370E+03  0.2138E+02
  0.2380E+03  0.2168E+02
  0.2390E+03  0.2131E+02
  0.2400E+03  0.2139E+02
  0.2410E+03  0.2161E+02
  0.2420E+03  0.2149E+02
  0.2430E+03  0.2162E+02
  0.2440E+03  0.2167E+02
  0.2450E+03  0.2141E+02
  0.2460E+03  0.2083E+02
  0.2470E+03  0.2122E+02
  0.2480E+03  0.2067E+02
  0.2490E+03  0.2133E+02
  0.2500E+03  0.2081E+02
  0.2510E+03  0.2089E+02
  0.2520E+03  0.2133E+02
  0.2530E+03  0.2109E+02
  0.2540E+03  0.2110E+02
  0.2550E+03  0.2108E+02
  0.2560E+03  0.2099E+02
  0.2570E+03  0.2103E+02
  0.2580E+03  0.2155E+02
  0.2590E+03  0.2113E+02
  0.2600E+03  0.2124E+02
  0.2610E+03  0.2161E+02
  0.2620E+03  0.2070E+02
  0.2630E+03  0.2153E+02
  0.2640E+03  0.2147E+02
  0.2650E+03  0.2108E+02
  0.2660E+03  0.2073E+02
  0.2670E+03  0.2059E+02
  0.2680E+03  0.2127E+02
  0.2690E+03  0.2092E+02
  0.2700E+03  0.2084E+02
  0.2710E+03  0.2104E+02
  0.2720E+03  0.2115E+02
  0.2730E+03  0.2053E+02
  0.2740E+03  0.2191E+02
  0.2750E+03  0.2087E+02
  0.2760E+03  0.2123E+02
  0.2770E+03  0.2116E+02
  0.2780E+03  0.2143E+02
  0.2790E+03  0.2098E+02
  0.2800E+03  0.2151E+02
  0.2810E+03  0.2169E+02
  0.2820E+03  0.2159E+02
  0.2830E+03  0.2080E+02
  0.2840E+03  0.2135E+02
  0.2850E+03  0.2085E+02
  0.2860E+03  0.2149E+02
  0.2870E+03  0.2094E+02
  0.2880E+03  0.2111E+02
  0.2890E+03  0.2140E+02
  0.2900E+03  0.2131E+02
  0.2910E+03  0.2122E+02
  0.2920E+03  0.2081E+02
  0.2930E+03  0.2099E+02
  0.2940E+03  0.2134E+02
  0.2950E+03  0.2182E+02
  0.2960E+03  0.2152E+02
  0.2970E+03  0.2187E+02
  0.2980E+03  0.2197E+02
  0.2990E+03  0.2176E+02
  0.3000E+03  0.2130E+02
  0.3010E+03  0.2186E+02
  0.3020E+03  0.2165E+02
  0.3030E+03  0.2071E+02
  0.3040E+03  0.2102E+02
  0.3050E+03  0.2118E+02
  0.3060E+03  0.2104E+02
  0.3070E+03  0.2141E+02
  0.3080E+03  0.2162E+02
  0.3090E+03  0.2150E+02
  0.3100E+03  0.2097E+02
  0.3110E+03  0.2154E+02
  0.3120E+03  0.2183E+02
  0.3130E+03  0.2095E+02
  0.3140E+03  0.2105E+02
  0.3150E+03  0.2138E+02
  0.3160E+03  0.2127E+02
  0.3170E+03  0.2116E+02
  0.3180E+03  0.2173E+02
  0.3190E+03  0.2120E+02
  0.3200E+03  0.2174E+02
  0.3210E+03  0.2148E+02
  0.3220E+03  0.2121E+02
  0.3230E+03  0.2114E+02
  0.3240E+03  0.2108E+02
  0.3250E+03  0.2140E+02
  0.3260E+03  0.2217E+02
  0.3270E+03  0.2158E+02
  0.3280E+03  0.2144E+02
  0.3290E+03  0.2115E+02
  0.3300E+03  0.2182E+02
  0.3310E+03  0.2139E+02
  0.3320E+03  0.2117E+02
  0.3330E+03  0.2143E+02
  0.3340E+03  0.2187E+02
  0.3350E+03  0.2128E+02
  0.3360E+03  0.2075E+02
  0.3370E+03  0.2116E+02
  0.3380E+03  0.2158E+02
  0.3390E+03  0.2105E+02
  0.3400E+03  0.2110E+02
  0.3410E+03  0.2080E+02
  0.3420E+03  0.2133E+02
  0.3430E+03  0.2041E+02
  0.3440E+03  0.2048E+02
  0.3450E+03  0.2050E+02
  0.3460E+03  0.2064E+02
  0.3470E+03  0.2054E+02
  0.3480E+03  0.2052E+02
  0.3490E+03  0.2055E+02
  0.3500E+03  0.2012E+02
  0.3510E+03  0.2075E+02
  0.3520E+03  0.2084E+02
  0.3530E+03  0.2032E+02
  0.3540E+03  0.2014E+02
  0.3550E+03  0.1978E+02
  0.3560E+03  0.1990E+02
  0.3570E+03  0.2013E+02
  0.3580E+03  0.1948E+02
  0.3590E+03  0.2024E+02
  0.3600E+03  0.1971E+02
  0.3610E+03  0.2000E+02
  0.3620E+03  0.2014E+02
  0.3630E+03  0.1960E+02
  0.3640E+03  0.2005E+02
  0.3650E+03  0.1964E+02
  0.3660E+03  0.1983E+02
  0.3670E+03  0.2063E+02
  0.3680E+03  0.1973E+02
  0.3690E+03  0.2031E+02
  0.3700E+03  0.1973E+02
  0.3710E+03  0.1981E+02
  0.3720E+03  0.1987E+02
  0.3730E+03  0.2022E+02
  0.3740E+03  0.2011E+02
  0.3750E+03  0.1998E+02
  0.3760E+03  0.1957E+02
  0.3770E+03  0.2015E+02
  0.3780E+03  0.1925E+02
  0.3790E+03  0.2008E+02
  0.3800E+03  0.1973E+02
  0.3810E+03  0.1994E+02
  0.3820E+03  0.1988E+02
  0.3830E+03  0.1932E+02
  0.3840E+03  0.1971E+02
  0.3850E+03  0.1939E+02
  0.3860E+03  0.1943E+02
  0.3870E+03  0.1975E+02
  0.3880E+03  0.2061E+02
  0.3890E+03  0.1978E+02
  0.3900E+03  0.1972E+02
  0.3910E+03  0.2024E+02
  0.3920E+03  0.1980E+02
  0.3930E+03  0.1984E+02
  0.3940E+03  0.2014E+02
  0.3950E+03  0.1992E+02
  0.3960E+03  0.2030E+02
  0.3970E+03  0.1994E+02
  0.3980E+03  0.1990E+02
  0.3990E+03  0.1975E+02
  0.4000E+03  0.1975E+02
  0.4010E+03  0.1980E+02
  0.4020E+03  0.1940E+02
  0.4030E+03  0.2000E+02
  0.4040E+03  0.1965E+02
  0.4050E+03  0.1993E+02
  0.4060E+03  0.2029E+02
  0.4070E+03  0.2000E+02
  0.4080E+03  0.1987E+02
  0.4090E+03  0.2017E+02
  0.4100E+03  0.1938E+02
  0.4110E+03  0.2051E+02
  0.4120E+03  0.1957E+02
  0.4130E+03  0.1958E+02
  0.4140E+03  0.1971E+02
  0.4150E+03  0.1989E+02
  0.4160E+03  0.1950E+02
  0.4170E+03  0.1993E+02
  0.4180E+03  0.1964E+02
  0.4190E+03  0.1999E+02
  0.4200E+03  0.1918E+02
  0.4210E+03  0.1984E+02
  0.4220E+03  0.1922E+02
  0.4230E+03  0.1942E+02
  0.4240E+03  0.1984E+02
  0.4250E+03  0.1925E+02
  0.4260E+03  0.1911E+02
  0.4270E+03  0.1947E+02
  0.4280E+03  0.1888E+02
  0.4290E+03  0.1865E+02
  0.4300E+03  0.1905E+02
  0.4310E+03  0.1891E+02
  0.4320E+03  0.1882E+02
  0.4330E+03  0.1867E+02
  0.4340E+03  0.1863E+02
  0.4350E+03  0.1857E+02
  0.4360E+03  0.1813E+02
  0.4370E+03  0.1810E+02
  0.4380E+03  0.1840E+02
  0.4390E+03  0.1767E+02
  0.4400E+03  0.1767E+02
  0.4410E+03  0.1813E+02
  0.4420E+03  0.1731E+02
  0.4430E+03  0.1791E+02
  0.4440E+03  0.1723E+02
  0.4450E+03  0.1739E+02
  0.4460E+03  0.1699E+02
  0.4470E+03  0.1721E+02
  0.4480E+03  0.1749E+02
  0.4490E+03  0.1717E+02
  0.4500E+03  0.1737E+02
  0.4510E+03  0.1695E+02
  0.4520E+03  0.1696E+02
  0.4530E+03  0.1697E+02
  0.4540E+03  0.1705E+02
  0.4550E+03  0.1601E+02
  0.4560E+03  0.1629E+02
  0.4570E+03  0.1716E+02
  0.4580E+03  0.1670E+02
  0.4590E+03  0.1639E+02
  0.4600E+03  0.1661E+02
  0.4610E+03  0.1663E+02
  0.4620E+03  0.1602E+02
  0.4630E+03  0.1598E+02
  0.4640E+03  0.1654E+02
  0.4650E+03  0.1643E+02
  0.4660E+03  0.1680E+02
  0.4670E+03  0.1580E+02
  0.4680E+03  0.1601E+02
  0.4690E+03  0.1612E+02
  0.4700E+03  0.1625E+02
  0.4710E+03  0.1582E+02
  0.4720E+03  0.1508E+02
  0.4730E+03  0.1573E+02
  0.4740E+03  0.1577E+02
  0.4750E+03  0.1508E+02
  0.4760E+03  0.1565E+02
  0.4770E+03  0.1601E+02
  0.4780E+03  0.1571E+02
  0.4790E+03  0.1555E+02
  0.4800E+03  0.1508E+02
  0.4810E+03  0.1535E+02
  0.4820E+03  0.1559E+02
  0.4830E+03  0.1560E+02
  0.4840E+03  0.1491E+02
  0.4850E+03  0.1573E+02
  0.4860E+03  0.1463E+02
  0.4870E+03  0.1472E+02
  0.4880E+03  0.1443E+02
  0.4890E+03  0.1520E+02
  0.4900E+03  0.1467E+02
  0.4910E+03  0.1489E+02
  0.4920E+03  0.1499E+02
  0.4930E+03  0.1540E+02
  0.4940E+03  0.1461E+02
  0.4950E+03  0.1483E+02
  0.4960E+03  0.1490E+02
  0.4970E+03  0.1406E+02
  0.4980E+03  0.1352E+02
  0.4990E+03  0.1380E+02
  0.5000E+03  0.1406E+02
  0.5010E+03  0.1389E+02
  0.5020E+03  0.1334E+02
  0.5030E+03  0.1402E+02
  0.5040E+03  0.1360E+02
  0.5050E+03  0.1328E+02
  0.5060E+03  0.1308E+02
  0.5070E+03  0.1277E+02
  0.5080E+03  0.1233E+02
  0.5090E+03  0.1301E+02
  0.5100E+03  0.1307E+02
  0.5110E+03  0.0000E+00
  0.5120E+03  0.0000E+00
