  0.1000E+01  0.6402E+02
  0.2000E+01  0.7090E+02
  0.3000E+01  0.7382E+02
  0.4000E+01  0.7499E+02
  0.5000E+01  0.7660E+02
  0.6000E+01  0.7756E+02
  0.7000E+01  0.7777E+02
  0.8000E+01  0.7720E+02
  0.9000E+01  0.7777E+02
  0.1000E+02  0.7804E+02
  0.1100E+02  0.7953E+02
  0.1200E+02  0.7842E+02
  0.1300E+02  0.7911E+02
  0.1400E+02  0.7903E+02
  0.1500E+02  0.7905E+02
  0.1600E+02  0.7739E+02
  0.1700E+02  0.7760E+02
  0.1800E+02  0.7899E+02
  0.1900E+02  0.7875E+02
  0.2000E+02  0.8238E+02
  0.2100E+02  0.9067E+02
  0.2200E+02  0.1034E+03
  0.2300E+02  0.1260E+03
  0.2400E+02  0.1603E+03
  0.2500E+02  0.2017E+03
  0.2600E+02  0.2385E+03
  0.2700E+02  0.2563E+03
  0.2800E+02  0.2475E+03
  0.2900E+02  0.2168E+03
  0.3000E+02  0.1814E+03
  0.3100E+02  0.1512E+03
  0.3200E+02  0.1271E+03
  0.3300E+02  0.1082E+03
  0.3400E+02  0.9430E+02
  0.3500E+02  0.8563E+02
  0.3600E+02  0.8118E+02
  0.3700E+02  0.7891E+02
  0.3800E+02  0.7896E+02
  0.3900E+02  0.8095E+02
  0.4000E+02  0.8306E+02
  0.4100E+02  0.8569E+02
  0.4200E+02  0.8908E+02
  0.4300E+02  0.9240E+02
  0.4400E+02  0.9554E+02
  0.4500E+02  0.9679E+02
  0.4600E+02  0.9832E+02
  0.4700E+02  0.9700E+02
  0.4800E+02  0.9560E+02
  0.4900E+02  0.9428E+02
  0.5000E+02  0.9521E+02
  0.5100E+02  0.9509E+02
  0.5200E+02  0.9560E+02
  0.5300E+02  0.9848E+02
  0.5400E+02  0.1008E+03
  0.5500E+02  0.1034E+03
  0.5600E+02  0.1063E+03
  0.5700E+02  0.1076E+03
  0.5800E+02  0.1103E+03
  0.5900E+02  0.1107E+03
  0.6000E+02  0.1143E+03
  0.6100E+02  0.1141E+03
  0.6200E+02  0.1166E+03
  0.6300E+02  0.1202E+03
  0.6400E+02  0.1264E+03
  0.6500E+02  0.1318E+03
  0.6600E+02  0.1432E+03
  0.6700E+02  0.1568E+03
  0.6800E+02  0.1729E+03
  0.6900E+02  0.1965E+03
  0.7000E+02  0.2195E+03
  0.7100E+02  0.2441E+03
  0.7200E+02  0.2661E+03
  0.7300E+02  0.2828E+03
  0.7400E+02  0.2898E+03
  0.7500E+02  0.2914E+03
  0.7600E+02  0.2818E+03
  0.7700E+02  0.2709E+03
  0.7800E+02  0.2570E+03
  0.7900E+02  0.2433E+03
  0.8000E+02  0.2297E+03
  0.8100E+02  0.2228E+03
  0.8200E+02  0.2169E+03
  0.8300E+02  0.2156E+03
  0.8400E+02  0.2155E+03
  0.8500E+02  0.2119E+03
  0.8600E+02  0.2082E+03
  0.8700E+02  0.2038E+03
  0.8800E+02  0.1972E+03
  0.8900E+02  0.1879E+03
  0.9000E+02  0.1797E+03
  0.9100E+02  0.1707E+03
  0.9200E+02  0.1640E+03
  0.9300E+02  0.1601E+03
  0.9400E+02  0.1544E+03
  0.9500E+02  0.1511E+03
  0.9600E+02  0.1502E+03
  0.9700E+02  0.1508E+03
  0.9800E+02  0.1509E+03
  0.9900E+02  0.1514E+03
  0.1000E+03  0.1507E+03
  0.1010E+03  0.1524E+03
  0.1020E+03  0.1498E+03
  0.1030E+03  0.1521E+03
  0.1040E+03  0.1509E+03
  0.1050E+03  0.1517E+03
  0.1060E+03  0.1494E+03
  0.1070E+03  0.1486E+03
  0.1080E+03  0.1480E+03
  0.1090E+03  0.1482E+03
  0.1100E+03  0.1465E+03
  0.1110E+03  0.1457E+03
  0.1120E+03  0.1446E+03
  0.1130E+03  0.1449E+03
  0.1140E+03  0.1444E+03
  0.1150E+03  0.1436E+03
  0.1160E+03  0.1425E+03
  0.1170E+03  0.1443E+03
  0.1180E+03  0.1434E+03
  0.1190E+03  0.1428E+03
  0.1200E+03  0.1433E+03
  0.1210E+03  0.1443E+03
  0.1220E+03  0.1443E+03
  0.1230E+03  0.1458E+03
  0.1240E+03  0.1462E+03
  0.1250E+03  0.1467E+03
  0.1260E+03  0.1485E+03
  0.1270E+03  0.1479E+03
  0.1280E+03  0.1491E+03
  0.1290E+03  0.1492E+03
  0.1300E+03  0.1509E+03
  0.1310E+03  0.1513E+03
  0.1320E+03  0.1525E+03
  0.1330E+03  0.1528E+03
  0.1340E+03  0.1534E+03
  0.1350E+03  0.1543E+03
  0.1360E+03  0.1545E+03
  0.1370E+03  0.1550E+03
  0.1380E+03  0.1569E+03
  0.1390E+03  0.1591E+03
  0.1400E+03  0.1609E+03
  0.1410E+03  0.1627E+03
  0.1420E+03  0.1668E+03
  0.1430E+03  0.1706E+03
  0.1440E+03  0.1749E+03
  0.1450E+03  0.1804E+03
  0.1460E+03  0.1874E+03
  0.1470E+03  0.1956E+03
  0.1480E+03  0.2048E+03
  0.1490E+03  0.2146E+03
  0.1500E+03  0.2266E+03
  0.1510E+03  0.2393E+03
  0.1520E+03  0.2509E+03
  0.1530E+03  0.2635E+03
  0.1540E+03  0.2759E+03
  0.1550E+03  0.2851E+03
  0.1560E+03  0.2952E+03
  0.1570E+03  0.3001E+03
  0.1580E+03  0.3033E+03
  0.1590E+03  0.3028E+03
  0.1600E+03  0.3022E+03
  0.1610E+03  0.2993E+03
  0.1620E+03  0.2871E+03
  0.1630E+03  0.2774E+03
  0.1640E+03  0.2667E+03
  0.1650E+03  0.2559E+03
  0.1660E+03  0.2437E+03
  0.1670E+03  0.2313E+03
  0.1680E+03  0.2182E+03
  0.1690E+03  0.2097E+03
  0.1700E+03  0.2005E+03
  0.1710E+03  0.1930E+03
  0.1720E+03  0.1861E+03
  0.1730E+03  0.1826E+03
  0.1740E+03  0.1765E+03
  0.1750E+03  0.1746E+03
  0.1760E+03  0.1728E+03
  0.1770E+03  0.1697E+03
  0.1780E+03  0.1702E+03
  0.1790E+03  0.1676E+03
  0.1800E+03  0.1659E+03
  0.1810E+03  0.1630E+03
  0.1820E+03  0.1626E+03
  0.1830E+03  0.1625E+03
  0.1840E+03  0.1587E+03
  0.1850E+03  0.1582E+03
  0.1860E+03  0.1545E+03
  0.1870E+03  0.1542E+03
  0.1880E+03  0.1495E+03
  0.1890E+03  0.1499E+03
  0.1900E+03  0.1465E+03
  0.1910E+03  0.1455E+03
  0.1920E+03  0.1435E+03
  0.1930E+03  0.1410E+03
  0.1940E+03  0.1389E+03
  0.1950E+03  0.1373E+03
  0.1960E+03  0.1345E+03
  0.1970E+03  0.1330E+03
  0.1980E+03  0.1325E+03
  0.1990E+03  0.1289E+03
  0.2000E+03  0.1273E+03
  0.2010E+03  0.1245E+03
  0.2020E+03  0.1236E+03
  0.2030E+03  0.1230E+03
  0.2040E+03  0.1215E+03
  0.2050E+03  0.1203E+03
  0.2060E+03  0.1169E+03
  0.2070E+03  0.1161E+03
  0.2080E+03  0.1146E+03
  0.2090E+03  0.1144E+03
  0.2100E+03  0.1132E+03
  0.2110E+03  0.1123E+03
  0.2120E+03  0.1095E+03
  0.2130E+03  0.1096E+03
  0.2140E+03  0.1074E+03
  0.2150E+03  0.1059E+03
  0.2160E+03  0.1044E+03
  0.2170E+03  0.1047E+03
  0.2180E+03  0.1044E+03
  0.2190E+03  0.1020E+03
  0.2200E+03  0.1012E+03
  0.2210E+03  0.1017E+03
  0.2220E+03  0.9942E+02
  0.2230E+03  0.9819E+02
  0.2240E+03  0.9766E+02
  0.2250E+03  0.9633E+02
  0.2260E+03  0.9607E+02
  0.2270E+03  0.9517E+02
  0.2280E+03  0.9539E+02
  0.2290E+03  0.9554E+02
  0.2300E+03  0.9205E+02
  0.2310E+03  0.9416E+02
  0.2320E+03  0.9255E+02
  0.2330E+03  0.9259E+02
  0.2340E+03  0.9300E+02
  0.2350E+03  0.9198E+02
  0.2360E+03  0.9134E+02
  0.2370E+03  0.9052E+02
  0.2380E+03  0.9189E+02
  0.2390E+03  0.9024E+02
  0.2400E+03  0.8942E+02
  0.2410E+03  0.9032E+02
  0.2420E+03  0.8967E+02
  0.2430E+03  0.8890E+02
  0.2440E+03  0.8836E+02
  0.2450E+03  0.8883E+02
  0.2460E+03  0.8703E+02
  0.2470E+03  0.8756E+02
  0.2480E+03  0.8790E+02
  0.2490E+03  0.8889E+02
  0.2500E+03  0.8664E+02
  0.2510E+03  0.8660E+02
  0.2520E+03  0.8567E+02
  0.2530E+03  0.8651E+02
  0.2540E+03  0.8649E+02
  0.2550E+03  0.8599E+02
  0.2560E+03  0.8581E+02
  0.2570E+03  0.8598E+02
  0.2580E+03  0.8586E+02
  0.2590E+03  0.8321E+02
  0.2600E+03  0.8457E+02
  0.2610E+03  0.8559E+02
  0.2620E+03  0.8363E+02
  0.2630E+03  0.8404E+02
  0.2640E+03  0.8333E+02
  0.2650E+03  0.8394E+02
  0.2660E+03  0.8314E+02
  0.2670E+03  0.8254E+02
  0.2680E+03  0.8345E+02
  0.2690E+03  0.8283E+02
  0.2700E+03  0.8312E+02
  0.2710E+03  0.8266E+02
  0.2720E+03  0.8306E+02
  0.2730E+03  0.8187E+02
  0.2740E+03  0.8201E+02
  0.2750E+03  0.8185E+02
  0.2760E+03  0.8259E+02
  0.2770E+03  0.8227E+02
  0.2780E+03  0.8269E+02
  0.2790E+03  0.8207E+02
  0.2800E+03  0.8275E+02
  0.2810E+03  0.8174E+02
  0.2820E+03  0.8134E+02
  0.2830E+03  0.7952E+02
  0.2840E+03  0.8110E+02
  0.2850E+03  0.7962E+02
  0.2860E+03  0.7960E+02
  0.2870E+03  0.7927E+02
  0.2880E+03  0.7910E+02
  0.2890E+03  0.7809E+02
  0.2900E+03  0.7902E+02
  0.2910E+03  0.7788E+02
  0.2920E+03  0.7756E+02
  0.2930E+03  0.7698E+02
  0.2940E+03  0.7718E+02
  0.2950E+03  0.7818E+02
  0.2960E+03  0.7786E+02
  0.2970E+03  0.7741E+02
  0.2980E+03  0.7697E+02
  0.2990E+03  0.7770E+02
  0.3000E+03  0.7650E+02
  0.3010E+03  0.7653E+02
  0.3020E+03  0.7565E+02
  0.3030E+03  0.7550E+02
  0.3040E+03  0.7652E+02
  0.3050E+03  0.7648E+02
  0.3060E+03  0.7587E+02
  0.3070E+03  0.7667E+02
  0.3080E+03  0.7591E+02
  0.3090E+03  0.7760E+02
  0.3100E+03  0.7559E+02
  0.3110E+03  0.7677E+02
  0.3120E+03  0.7788E+02
  0.3130E+03  0.7759E+02
  0.3140E+03  0.7717E+02
  0.3150E+03  0.7713E+02
  0.3160E+03  0.7853E+02
  0.3170E+03  0.7850E+02
  0.3180E+03  0.7838E+02
  0.3190E+03  0.7797E+02
  0.3200E+03  0.7896E+02
  0.3210E+03  0.8021E+02
  0.3220E+03  0.7981E+02
  0.3230E+03  0.7990E+02
  0.3240E+03  0.7981E+02
  0.3250E+03  0.8068E+02
  0.3260E+03  0.8202E+02
  0.3270E+03  0.8186E+02
  0.3280E+03  0.8265E+02
  0.3290E+03  0.8180E+02
  0.3300E+03  0.8316E+02
  0.3310E+03  0.8356E+02
  0.3320E+03  0.8424E+02
  0.3330E+03  0.8438E+02
  0.3340E+03  0.8534E+02
  0.3350E+03  0.8525E+02
  0.3360E+03  0.8344E+02
  0.3370E+03  0.8548E+02
  0.3380E+03  0.8687E+02
  0.3390E+03  0.8421E+02
  0.3400E+03  0.8628E+02
  0.3410E+03  0.8526E+02
  0.3420E+03  0.8551E+02
  0.3430E+03  0.8459E+02
  0.3440E+03  0.8434E+02
  0.3450E+03  0.8426E+02
  0.3460E+03  0.8389E+02
  0.3470E+03  0.8243E+02
  0.3480E+03  0.8367E+02
  0.3490E+03  0.8187E+02
  0.3500E+03  0.8077E+02
  0.3510E+03  0.8087E+02
  0.3520E+03  0.8042E+02
  0.3530E+03  0.7867E+02
  0.3540E+03  0.7687E+02
  0.3550E+03  0.7538E+02
  0.3560E+03  0.7395E+02
  0.3570E+03  0.7368E+02
  0.3580E+03  0.7159E+02
  0.3590E+03  0.7115E+02
  0.3600E+03  0.6924E+02
  0.3610E+03  0.6997E+02
  0.3620E+03  0.6779E+02
  0.3630E+03  0.6633E+02
  0.3640E+03  0.6548E+02
  0.3650E+03  0.6363E+02
  0.3660E+03  0.6169E+02
  0.3670E+03  0.6269E+02
  0.3680E+03  0.6037E+02
  0.3690E+03  0.5981E+02
  0.3700E+03  0.5845E+02
  0.3710E+03  0.5782E+02
  0.3720E+03  0.5730E+02
  0.3730E+03  0.5693E+02
  0.3740E+03  0.5565E+02
  0.3750E+03  0.5478E+02
  0.3760E+03  0.5388E+02
  0.3770E+03  0.5402E+02
  0.3780E+03  0.5301E+02
  0.3790E+03  0.5299E+02
  0.3800E+03  0.5189E+02
  0.3810E+03  0.5265E+02
  0.3820E+03  0.5170E+02
  0.3830E+03  0.5104E+02
  0.3840E+03  0.5040E+02
  0.3850E+03  0.5064E+02
  0.3860E+03  0.5063E+02
  0.3870E+03  0.5054E+02
  0.3880E+03  0.5080E+02
  0.3890E+03  0.4982E+02
  0.3900E+03  0.5033E+02
  0.3910E+03  0.5043E+02
  0.3920E+03  0.4890E+02
  0.3930E+03  0.5023E+02
  0.3940E+03  0.5020E+02
  0.3950E+03  0.4956E+02
  0.3960E+03  0.4991E+02
  0.3970E+03  0.4977E+02
  0.3980E+03  0.5007E+02
  0.3990E+03  0.4899E+02
  0.4000E+03  0.4997E+02
  0.4010E+03  0.5002E+02
  0.4020E+03  0.4967E+02
  0.4030E+03  0.5104E+02
  0.4040E+03  0.5051E+02
  0.4050E+03  0.5128E+02
  0.4060E+03  0.5203E+02
  0.4070E+03  0.5194E+02
  0.4080E+03  0.5244E+02
  0.4090E+03  0.5240E+02
  0.4100E+03  0.5323E+02
  0.4110E+03  0.5501E+02
  0.4120E+03  0.5447E+02
  0.4130E+03  0.5450E+02
  0.4140E+03  0.5590E+02
  0.4150E+03  0.5714E+02
  0.4160E+03  0.5790E+02
  0.4170E+03  0.5881E+02
  0.4180E+03  0.6076E+02
  0.4190E+03  0.6069E+02
  0.4200E+03  0.6149E+02
  0.4210E+03  0.6251E+02
  0.4220E+03  0.6311E+02
  0.4230E+03  0.6426E+02
  0.4240E+03  0.6707E+02
  0.4250E+03  0.6754E+02
  0.4260E+03  0.6831E+02
  0.4270E+03  0.6976E+02
  0.4280E+03  0.7033E+02
  0.4290E+03  0.7187E+02
  0.4300E+03  0.7286E+02
  0.4310E+03  0.7300E+02
  0.4320E+03  0.7426E+02
  0.4330E+03  0.7485E+02
  0.4340E+03  0.7506E+02
  0.4350E+03  0.7611E+02
  0.4360E+03  0.7509E+02
  0.4370E+03  0.7545E+02
  0.4380E+03  0.7691E+02
  0.4390E+03  0.7558E+02
  0.4400E+03  0.7628E+02
  0.4410E+03  0.7595E+02
  0.4420E+03  0.7486E+02
  0.4430E+03  0.7556E+02
  0.4440E+03  0.7480E+02
  0.4450E+03  0.7289E+02
  0.4460E+03  0.7226E+02
  0.4470E+03  0.7008E+02
  0.4480E+03  0.7075E+02
  0.4490E+03  0.6948E+02
  0.4500E+03  0.6897E+02
  0.4510E+03  0.6588E+02
  0.4520E+03  0.6491E+02
  0.4530E+03  0.6314E+02
  0.4540E+03  0.6298E+02
  0.4550E+03  0.6031E+02
  0.4560E+03  0.5806E+02
  0.4570E+03  0.5956E+02
  0.4580E+03  0.5721E+02
  0.4590E+03  0.5492E+02
  0.4600E+03  0.5329E+02
  0.4610E+03  0.5355E+02
  0.4620E+03  0.5074E+02
  0.4630E+03  0.5002E+02
  0.4640E+03  0.5041E+02
  0.4650E+03  0.4981E+02
  0.4660E+03  0.4899E+02
  0.4670E+03  0.4764E+02
  0.4680E+03  0.4704E+02
  0.4690E+03  0.4636E+02
  0.4700E+03  0.4642E+02
  0.4710E+03  0.4616E+02
  0.4720E+03  0.4454E+02
  0.4730E+03  0.4562E+02
  0.4740E+03  0.4505E+02
  0.4750E+03  0.4488E+02
  0.4760E+03  0.4624E+02
  0.4770E+03  0.4782E+02
  0.4780E+03  0.4769E+02
  0.4790E+03  0.4787E+02
  0.4800E+03  0.4747E+02
  0.4810E+03  0.4896E+02
  0.4820E+03  0.5012E+02
  0.4830E+03  0.5137E+02
  0.4840E+03  0.5224E+02
  0.4850E+03  0.5501E+02
  0.4860E+03  0.5461E+02
  0.4870E+03  0.5668E+02
  0.4880E+03  0.5838E+02
  0.4890E+03  0.6075E+02
  0.4900E+03  0.6132E+02
  0.4910E+03  0.6423E+02
  0.4920E+03  0.6696E+02
  0.4930E+03  0.6864E+02
  0.4940E+03  0.6984E+02
  0.4950E+03  0.7227E+02
  0.4960E+03  0.7657E+02
  0.4970E+03  0.7769E+02
  0.4980E+03  0.7949E+02
  0.4990E+03  0.8247E+02
  0.5000E+03  0.8703E+02
  0.5010E+03  0.9067E+02
  0.5020E+03  0.9354E+02
  0.5030E+03  0.9608E+02
  0.5040E+03  0.9933E+02
  0.5050E+03  0.1015E+03
  0.5060E+03  0.1052E+03
  0.5070E+03  0.1094E+03
  0.5080E+03  0.1114E+03
  0.5090E+03  0.1147E+03
  0.5100E+03  0.1179E+03
  0.5110E+03  0.0000E+00
  0.5120E+03  0.0000E+00
