  0.1000E+01  0.3590E+01
  0.2000E+01  0.3617E+01
  0.3000E+01  0.3479E+01
  0.4000E+01  0.3226E+01
  0.5000E+01  0.2956E+01
  0.6000E+01  0.2713E+01
  0.7000E+01  0.2386E+01
  0.8000E+01  0.2113E+01
  0.9000E+01  0.1847E+01
  0.1000E+02  0.1590E+01
  0.1100E+02  0.1449E+01
  0.1200E+02  0.1229E+01
  0.1300E+02  0.1076E+01
  0.1400E+02  0.9414E+00
  0.1500E+02  0.8164E+00
  0.1600E+02  0.6898E+00
  0.1700E+02  0.6037E+00
  0.1800E+02  0.5392E+00
  0.1900E+02  0.5055E+00
  0.2000E+02  0.4818E+00
  0.2100E+02  0.5075E+00
  0.2200E+02  0.5453E+00
  0.2300E+02  0.6081E+00
  0.2400E+02  0.7280E+00
  0.2500E+02  0.8842E+00
  0.2600E+02  0.1065E+01
  0.2700E+02  0.1258E+01
  0.2800E+02  0.1486E+01
  0.2900E+02  0.1695E+01
  0.3000E+02  0.1926E+01
  0.3100E+02  0.2073E+01
  0.3200E+02  0.2262E+01
  0.3300E+02  0.2432E+01
  0.3400E+02  0.2568E+01
  0.3500E+02  0.2677E+01
  0.3600E+02  0.2791E+01
  0.3700E+02  0.2860E+01
  0.3800E+02  0.2976E+01
  0.3900E+02  0.3102E+01
  0.4000E+02  0.3280E+01
  0.4100E+02  0.3518E+01
  0.4200E+02  0.3773E+01
  0.4300E+02  0.4137E+01
  0.4400E+02  0.4554E+01
  0.4500E+02  0.5142E+01
  0.4600E+02  0.5964E+01
  0.4700E+02  0.7043E+01
  0.4800E+02  0.8374E+01
  0.4900E+02  0.9555E+01
  0.5000E+02  0.1055E+02
  0.5100E+02  0.1089E+02
  0.5200E+02  0.1051E+02
  0.5300E+02  0.9786E+01
  0.5400E+02  0.8706E+01
  0.5500E+02  0.7519E+01
  0.5600E+02  0.6375E+01
  0.5700E+02  0.5298E+01
  0.5800E+02  0.4266E+01
  0.5900E+02  0.3464E+01
  0.6000E+02  0.2831E+01
  0.6100E+02  0.2377E+01
  0.6200E+02  0.2144E+01
  0.6300E+02  0.1978E+01
  0.6400E+02  0.1897E+01
  0.6500E+02  0.1748E+01
  0.6600E+02  0.1566E+01
  0.6700E+02  0.1380E+01
  0.6800E+02  0.1129E+01
  0.6900E+02  0.9230E+00
  0.7000E+02  0.7530E+00
  0.7100E+02  0.6331E+00
  0.7200E+02  0.5575E+00
  0.7300E+02  0.5041E+00
  0.7400E+02  0.4865E+00
  0.7500E+02  0.4638E+00
  0.7600E+02  0.4462E+00
  0.7700E+02  0.4396E+00
  0.7800E+02  0.4281E+00
  0.7900E+02  0.4273E+00
  0.8000E+02  0.4317E+00
  0.8100E+02  0.4459E+00
  0.8200E+02  0.4466E+00
  0.8300E+02  0.4658E+00
  0.8400E+02  0.4698E+00
  0.8500E+02  0.4877E+00
  0.8600E+02  0.5223E+00
  0.8700E+02  0.5126E+00
  0.8800E+02  0.5315E+00
  0.8900E+02  0.5303E+00
  0.9000E+02  0.5322E+00
  0.9100E+02  0.5260E+00
  0.9200E+02  0.4989E+00
  0.9300E+02  0.5199E+00
  0.9400E+02  0.4914E+00
  0.9500E+02  0.4738E+00
  0.9600E+02  0.4567E+00
  0.9700E+02  0.4231E+00
  0.9800E+02  0.4350E+00
  0.9900E+02  0.4229E+00
  0.1000E+03  0.3976E+00
  0.1010E+03  0.3869E+00
  0.1020E+03  0.3647E+00
  0.1030E+03  0.3656E+00
  0.1040E+03  0.3316E+00
  0.1050E+03  0.3248E+00
  0.1060E+03  0.3226E+00
  0.1070E+03  0.2967E+00
  0.1080E+03  0.2932E+00
  0.1090E+03  0.2898E+00
  0.1100E+03  0.2598E+00
  0.1110E+03  0.2675E+00
  0.1120E+03  0.2473E+00
  0.1130E+03  0.2420E+00
  0.1140E+03  0.2157E+00
  0.1150E+03  0.2074E+00
  0.1160E+03  0.2100E+00
  0.1170E+03  0.1958E+00
  0.1180E+03  0.1853E+00
  0.1190E+03  0.1755E+00
  0.1200E+03  0.1632E+00
  0.1210E+03  0.1606E+00
  0.1220E+03  0.1527E+00
  0.1230E+03  0.1387E+00
  0.1240E+03  0.1336E+00
  0.1250E+03  0.1163E+00
  0.1260E+03  0.1076E+00
  0.1270E+03  0.1083E+00
  0.1280E+03  0.1064E+00
  0.1290E+03  0.1073E+00
  0.1300E+03  0.9332E-01
  0.1310E+03  0.8136E-01
  0.1320E+03  0.8442E-01
  0.1330E+03  0.8164E-01
  0.1340E+03  0.8320E-01
  0.1350E+03  0.7337E-01
  0.1360E+03  0.7643E-01
  0.1370E+03  0.6592E-01
  0.1380E+03  0.6261E-01
  0.1390E+03  0.6357E-01
  0.1400E+03  0.7116E-01
  0.1410E+03  0.6022E-01
  0.1420E+03  0.6360E-01
  0.1430E+03  0.6015E-01
  0.1440E+03  0.5966E-01
  0.1450E+03  0.5768E-01
  0.1460E+03  0.5357E-01
  0.1470E+03  0.6064E-01
  0.1480E+03  0.5759E-01
  0.1490E+03  0.5575E-01
  0.1500E+03  0.5557E-01
  0.1510E+03  0.5553E-01
  0.1520E+03  0.6324E-01
  0.1530E+03  0.5522E-01
  0.1540E+03  0.5311E-01
  0.1550E+03  0.5288E-01
  0.1560E+03  0.5082E-01
  0.1570E+03  0.5306E-01
  0.1580E+03  0.5867E-01
  0.1590E+03  0.4709E-01
  0.1600E+03  0.5085E-01
  0.1610E+03  0.4761E-01
  0.1620E+03  0.4772E-01
  0.1630E+03  0.4695E-01
  0.1640E+03  0.4205E-01
  0.1650E+03  0.4164E-01
  0.1660E+03  0.4619E-01
  0.1670E+03  0.4646E-01
  0.1680E+03  0.4319E-01
  0.1690E+03  0.4252E-01
  0.1700E+03  0.4075E-01
  0.1710E+03  0.3848E-01
  0.1720E+03  0.3848E-01
  0.1730E+03  0.3730E-01
  0.1740E+03  0.3896E-01
  0.1750E+03  0.3915E-01
  0.1760E+03  0.4434E-01
  0.1770E+03  0.3627E-01
  0.1780E+03  0.3930E-01
  0.1790E+03  0.4275E-01
  0.1800E+03  0.3527E-01
  0.1810E+03  0.3784E-01
  0.1820E+03  0.3938E-01
  0.1830E+03  0.3516E-01
  0.1840E+03  0.3732E-01
  0.1850E+03  0.3718E-01
  0.1860E+03  0.3422E-01
  0.1870E+03  0.3479E-01
  0.1880E+03  0.3621E-01
  0.1890E+03  0.3573E-01
  0.1900E+03  0.2934E-01
  0.1910E+03  0.3246E-01
  0.1920E+03  0.2745E-01
  0.1930E+03  0.2904E-01
  0.1940E+03  0.3022E-01
  0.1950E+03  0.2736E-01
  0.1960E+03  0.2769E-01
  0.1970E+03  0.2912E-01
  0.1980E+03  0.2715E-01
  0.1990E+03  0.2807E-01
  0.2000E+03  0.2267E-01
  0.2010E+03  0.2535E-01
  0.2020E+03  0.2414E-01
  0.2030E+03  0.2772E-01
  0.2040E+03  0.2211E-01
  0.2050E+03  0.2413E-01
  0.2060E+03  0.2355E-01
  0.2070E+03  0.2601E-01
  0.2080E+03  0.2225E-01
  0.2090E+03  0.2015E-01
  0.2100E+03  0.2084E-01
  0.2110E+03  0.1905E-01
  0.2120E+03  0.2160E-01
  0.2130E+03  0.1776E-01
  0.2140E+03  0.1814E-01
  0.2150E+03  0.1859E-01
  0.2160E+03  0.1800E-01
  0.2170E+03  0.1706E-01
  0.2180E+03  0.1871E-01
  0.2190E+03  0.1736E-01
  0.2200E+03  0.1614E-01
  0.2210E+03  0.1807E-01
  0.2220E+03  0.1212E-01
  0.2230E+03  0.1383E-01
  0.2240E+03  0.1594E-01
  0.2250E+03  0.1415E-01
  0.2260E+03  0.1685E-01
  0.2270E+03  0.1401E-01
  0.2280E+03  0.1279E-01
  0.2290E+03  0.1412E-01
  0.2300E+03  0.1379E-01
  0.2310E+03  0.1442E-01
  0.2320E+03  0.1419E-01
  0.2330E+03  0.1168E-01
  0.2340E+03  0.1370E-01
  0.2350E+03  0.1050E-01
  0.2360E+03  0.1231E-01
  0.2370E+03  0.1188E-01
  0.2380E+03  0.1104E-01
  0.2390E+03  0.1335E-01
  0.2400E+03  0.1052E-01
  0.2410E+03  0.1133E-01
  0.2420E+03  0.1491E-01
  0.2430E+03  0.1140E-01
  0.2440E+03  0.1507E-01
  0.2450E+03  0.1116E-01
  0.2460E+03  0.1127E-01
  0.2470E+03  0.9368E-02
  0.2480E+03  0.1077E-01
  0.2490E+03  0.1004E-01
  0.2500E+03  0.1092E-01
  0.2510E+03  0.1025E-01
  0.2520E+03  0.9961E-02
  0.2530E+03  0.9793E-02
  0.2540E+03  0.8961E-02
  0.2550E+03  0.8301E-02
  0.2560E+03  0.8787E-02
  0.2570E+03  0.7844E-02
  0.2580E+03  0.6820E-02
  0.2590E+03  0.5701E-02
  0.2600E+03  0.6118E-02
  0.2610E+03  0.7530E-02
  0.2620E+03  0.3895E-02
  0.2630E+03  0.4525E-02
  0.2640E+03  0.3342E-02
  0.2650E+03  0.3881E-02
  0.2660E+03  0.3195E-02
  0.2670E+03  0.3485E-02
  0.2680E+03  0.3181E-02
  0.2690E+03  0.2334E-02
  0.2700E+03  0.3526E-02
  0.2710E+03  0.2430E-02
  0.2720E+03  0.2789E-02
  0.2730E+03  0.2051E-02
  0.2740E+03  0.2315E-02
  0.2750E+03  0.2677E-02
  0.2760E+03  0.1331E-02
  0.2770E+03  0.2660E-02
  0.2780E+03  0.1202E-02
  0.2790E+03  0.2251E-02
  0.2800E+03  0.1731E-02
  0.2810E+03  0.2512E-02
  0.2820E+03  0.1074E-02
  0.2830E+03  0.2484E-02
  0.2840E+03  0.1614E-02
  0.2850E+03  0.1802E-02
  0.2860E+03  0.2452E-02
  0.2870E+03  0.1692E-02
  0.2880E+03  0.1988E-02
  0.2890E+03  0.1828E-02
  0.2900E+03  0.1112E-02
  0.2910E+03  0.1596E-02
  0.2920E+03  0.1807E-02
  0.2930E+03  0.1646E-02
  0.2940E+03  0.1308E-02
  0.2950E+03  0.1287E-02
  0.2960E+03  0.1333E-02
  0.2970E+03  0.2157E-02
  0.2980E+03  0.1728E-02
  0.2990E+03  0.9829E-03
  0.3000E+03  0.1184E-02
  0.3010E+03  0.2008E-02
  0.3020E+03  0.1604E-02
  0.3030E+03  0.7121E-03
  0.3040E+03  0.9513E-03
  0.3050E+03  0.1616E-02
  0.3060E+03  0.1332E-02
  0.3070E+03  0.6670E-03
  0.3080E+03  0.1231E-02
  0.3090E+03  0.6589E-03
  0.3100E+03  0.1010E-02
  0.3110E+03  0.1325E-02
  0.3120E+03  0.1134E-02
  0.3130E+03  0.1403E-02
  0.3140E+03  0.1358E-02
  0.3150E+03  0.9538E-03
  0.3160E+03  0.5612E-03
  0.3170E+03  0.1223E-02
  0.3180E+03  0.3049E-03
  0.3190E+03  0.1154E-02
  0.3200E+03  0.3512E-03
  0.3210E+03  0.1346E-02
  0.3220E+03  0.8640E-03
  0.3230E+03  0.4772E-03
  0.3240E+03  0.7692E-03
  0.3250E+03  0.1454E-03
  0.3260E+03  0.1121E-02
  0.3270E+03  0.2971E-03
  0.3280E+03  0.7865E-03
  0.3290E+03  0.8067E-03
  0.3300E+03  0.6631E-03
  0.3310E+03  0.3984E-03
  0.3320E+03  0.7756E-03
  0.3330E+03  0.8959E-03
  0.3340E+03  0.6716E-03
  0.3350E+03  0.3089E-03
  0.3360E+03  0.2834E-03
  0.3370E+03  0.2092E-03
  0.3380E+03  0.5288E-03
  0.3390E+03  0.4262E-03
  0.3400E+03  0.3525E-03
  0.3410E+03  0.4321E-03
  0.3420E+03  0.8448E-03
  0.3430E+03  0.2575E-03
  0.3440E+03  0.2292E-03
  0.3450E+03  0.1075E-02
  0.3460E+03  0.7525E-04
  0.3470E+03  0.3156E-03
  0.3480E+03  0.9939E-03
  0.3490E+03  0.3604E-03
  0.3500E+03  0.5352E-03
  0.3510E+03  0.2975E-03
  0.3520E+03  0.1367E-03
  0.3530E+03  0.2054E-03
  0.3540E+03  0.6497E-03
  0.3550E+03  0.2981E-03
  0.3560E+03  0.1184E-03
  0.3570E+03  0.1395E-03
  0.3580E+03  0.4304E-03
  0.3590E+03  0.4969E-03
  0.3600E+03  0.8598E-03
  0.3610E+03  0.2789E-03
  0.3620E+03  0.4500E-03
  0.3630E+03  0.1538E-03
  0.3640E+03  0.1079E-03
  0.3650E+03  0.5226E-03
  0.3660E+03  0.1828E-03
  0.3670E+03  0.7282E-04
  0.3680E+03  0.0000E+00
  0.3690E+03  0.2266E-03
  0.3700E+03  0.2683E-03
  0.3710E+03  0.3093E-03
  0.3720E+03  0.1250E-03
  0.3730E+03  0.4588E-04
  0.3740E+03  0.6054E-03
  0.3750E+03  0.1188E-03
  0.3760E+03  0.0000E+00
  0.3770E+03  0.4481E-04
  0.3780E+03  0.1379E-03
  0.3790E+03  0.1250E-04
  0.3800E+03  0.3973E-03
  0.3810E+03  0.3359E-03
  0.3820E+03  0.2214E-03
  0.3830E+03  0.2110E-03
  0.3840E+03  0.1487E-03
  0.3850E+03  0.3136E-03
  0.3860E+03  0.1485E-03
  0.3870E+03  0.1005E-03
  0.3880E+03  0.4672E-04
  0.3890E+03  0.2591E-03
  0.3900E+03  0.1689E-03
  0.3910E+03  0.2958E-03
  0.3920E+03  0.5982E-04
  0.3930E+03  0.3092E-04
  0.3940E+03  0.0000E+00
  0.3950E+03  0.0000E+00
  0.3960E+03  0.2649E-03
  0.3970E+03  0.3928E-03
  0.3980E+03  0.3756E-03
  0.3990E+03  0.0000E+00
  0.4000E+03  0.0000E+00
  0.4010E+03  0.0000E+00
  0.4020E+03  0.0000E+00
  0.4030E+03  0.1090E-03
  0.4040E+03  0.2847E-03
  0.4050E+03  0.1993E-03
  0.4060E+03  0.3775E-04
  0.4070E+03  0.0000E+00
  0.4080E+03  0.0000E+00
  0.4090E+03  0.5403E-04
  0.4100E+03  0.0000E+00
  0.4110E+03  0.0000E+00
  0.4120E+03  0.2260E-03
  0.4130E+03  0.0000E+00
  0.4140E+03  0.0000E+00
  0.4150E+03  0.0000E+00
  0.4160E+03  0.0000E+00
  0.4170E+03  0.0000E+00
  0.4180E+03  0.0000E+00
  0.4190E+03  0.0000E+00
  0.4200E+03  0.0000E+00
  0.4210E+03  0.0000E+00
  0.4220E+03  0.1253E-03
  0.4230E+03  0.0000E+00
  0.4240E+03  0.2221E-03
  0.4250E+03  0.0000E+00
  0.4260E+03  0.0000E+00
  0.4270E+03  0.0000E+00
  0.4280E+03  0.0000E+00
  0.4290E+03  0.0000E+00
  0.4300E+03  0.0000E+00
  0.4310E+03  0.0000E+00
  0.4320E+03  0.0000E+00
  0.4330E+03  0.0000E+00
  0.4340E+03  0.0000E+00
  0.4350E+03  0.0000E+00
  0.4360E+03  0.0000E+00
  0.4370E+03  0.0000E+00
  0.4380E+03  0.0000E+00
  0.4390E+03  0.0000E+00
  0.4400E+03  0.0000E+00
  0.4410E+03  0.0000E+00
  0.4420E+03  0.0000E+00
  0.4430E+03  0.0000E+00
  0.4440E+03  0.0000E+00
  0.4450E+03  0.4187E-04
  0.4460E+03  0.0000E+00
  0.4470E+03  0.0000E+00
  0.4480E+03  0.0000E+00
  0.4490E+03  0.0000E+00
  0.4500E+03  0.0000E+00
  0.4510E+03  0.0000E+00
  0.4520E+03  0.0000E+00
  0.4530E+03  0.0000E+00
  0.4540E+03  0.3822E-04
  0.4550E+03  0.0000E+00
  0.4560E+03  0.0000E+00
  0.4570E+03  0.0000E+00
  0.4580E+03  0.0000E+00
  0.4590E+03  0.0000E+00
  0.4600E+03  0.0000E+00
  0.4610E+03  0.0000E+00
  0.4620E+03  0.0000E+00
  0.4630E+03  0.0000E+00
  0.4640E+03  0.0000E+00
  0.4650E+03  0.0000E+00
  0.4660E+03  0.1408E-03
  0.4670E+03  0.0000E+00
  0.4680E+03  0.0000E+00
  0.4690E+03  0.0000E+00
  0.4700E+03  0.0000E+00
  0.4710E+03  0.0000E+00
  0.4720E+03  0.0000E+00
  0.4730E+03  0.0000E+00
  0.4740E+03  0.3013E-03
  0.4750E+03  0.0000E+00
  0.4760E+03  0.0000E+00
  0.4770E+03  0.0000E+00
  0.4780E+03  0.0000E+00
  0.4790E+03  0.0000E+00
  0.4800E+03  0.0000E+00
  0.4810E+03  0.0000E+00
  0.4820E+03  0.0000E+00
  0.4830E+03  0.0000E+00
  0.4840E+03  0.0000E+00
  0.4850E+03  0.0000E+00
  0.4860E+03  0.0000E+00
  0.4870E+03  0.0000E+00
  0.4880E+03  0.0000E+00
  0.4890E+03  0.0000E+00
  0.4900E+03  0.0000E+00
  0.4910E+03  0.0000E+00
  0.4920E+03  0.0000E+00
  0.4930E+03  0.0000E+00
  0.4940E+03  0.0000E+00
  0.4950E+03  0.0000E+00
  0.4960E+03  0.0000E+00
  0.4970E+03  0.0000E+00
  0.4980E+03  0.0000E+00
  0.4990E+03  0.0000E+00
  0.5000E+03  0.0000E+00
  0.5010E+03  0.0000E+00
  0.5020E+03  0.0000E+00
  0.5030E+03  0.0000E+00
  0.5040E+03  0.0000E+00
  0.5050E+03  0.0000E+00
  0.5060E+03  0.0000E+00
  0.5070E+03  0.0000E+00
  0.5080E+03  0.0000E+00
  0.5090E+03  0.0000E+00
  0.5100E+03  0.0000E+00
  0.5110E+03  0.0000E+00
  0.5120E+03  0.0000E+00
