  0.1000E+01  0.2082E+03
  0.2000E+01  0.2234E+03
  0.3000E+01  0.2288E+03
  0.4000E+01  0.2308E+03
  0.5000E+01  0.2326E+03
  0.6000E+01  0.2326E+03
  0.7000E+01  0.2364E+03
  0.8000E+01  0.2351E+03
  0.9000E+01  0.2349E+03
  0.1000E+02  0.2447E+03
  0.1100E+02  0.2872E+03
  0.1200E+02  0.3840E+03
  0.1300E+02  0.4912E+03
  0.1400E+02  0.4970E+03
  0.1500E+02  0.4048E+03
  0.1600E+02  0.3214E+03
  0.1700E+02  0.2646E+03
  0.1800E+02  0.2388E+03
  0.1900E+02  0.2393E+03
  0.2000E+02  0.2501E+03
  0.2100E+02  0.2718E+03
  0.2200E+02  0.2899E+03
  0.2300E+02  0.2995E+03
  0.2400E+02  0.2949E+03
  0.2500E+02  0.2939E+03
  0.2600E+02  0.3022E+03
  0.2700E+02  0.3174E+03
  0.2800E+02  0.3355E+03
  0.2900E+02  0.3509E+03
  0.3000E+02  0.3646E+03
  0.3100E+02  0.3780E+03
  0.3200E+02  0.4052E+03
  0.3300E+02  0.4592E+03
  0.3400E+02  0.5534E+03
  0.3500E+02  0.6888E+03
  0.3600E+02  0.8194E+03
  0.3700E+02  0.8945E+03
  0.3800E+02  0.8763E+03
  0.3900E+02  0.7971E+03
  0.4000E+02  0.7222E+03
  0.4100E+02  0.6846E+03
  0.4200E+02  0.6734E+03
  0.4300E+02  0.6553E+03
  0.4400E+02  0.6182E+03
  0.4500E+02  0.5678E+03
  0.4600E+02  0.5199E+03
  0.4700E+02  0.4911E+03
  0.4800E+02  0.4752E+03
  0.4900E+02  0.4723E+03
  0.5000E+02  0.4733E+03
  0.5100E+02  0.4747E+03
  0.5200E+02  0.4750E+03
  0.5300E+02  0.4696E+03
  0.5400E+02  0.4611E+03
  0.5500E+02  0.4578E+03
  0.5600E+02  0.4536E+03
  0.5700E+02  0.4510E+03
  0.5800E+02  0.4484E+03
  0.5900E+02  0.4516E+03
  0.6000E+02  0.4546E+03
  0.6100E+02  0.4552E+03
  0.6200E+02  0.4613E+03
  0.6300E+02  0.4647E+03
  0.6400E+02  0.4722E+03
  0.6500E+02  0.4783E+03
  0.6600E+02  0.4846E+03
  0.6700E+02  0.4896E+03
  0.6800E+02  0.4952E+03
  0.6900E+02  0.5062E+03
  0.7000E+02  0.5167E+03
  0.7100E+02  0.5299E+03
  0.7200E+02  0.5526E+03
  0.7300E+02  0.5882E+03
  0.7400E+02  0.6314E+03
  0.7500E+02  0.6816E+03
  0.7600E+02  0.7430E+03
  0.7700E+02  0.8001E+03
  0.7800E+02  0.8431E+03
  0.7900E+02  0.8617E+03
  0.8000E+02  0.8510E+03
  0.8100E+02  0.8095E+03
  0.8200E+02  0.7579E+03
  0.8300E+02  0.6888E+03
  0.8400E+02  0.6315E+03
  0.8500E+02  0.5816E+03
  0.8600E+02  0.5455E+03
  0.8700E+02  0.5204E+03
  0.8800E+02  0.5056E+03
  0.8900E+02  0.4944E+03
  0.9000E+02  0.4858E+03
  0.9100E+02  0.4764E+03
  0.9200E+02  0.4678E+03
  0.9300E+02  0.4536E+03
  0.9400E+02  0.4423E+03
  0.9500E+02  0.4317E+03
  0.9600E+02  0.4211E+03
  0.9700E+02  0.4077E+03
  0.9800E+02  0.3985E+03
  0.9900E+02  0.3879E+03
  0.1000E+03  0.3742E+03
  0.1010E+03  0.3661E+03
  0.1020E+03  0.3564E+03
  0.1030E+03  0.3482E+03
  0.1040E+03  0.3368E+03
  0.1050E+03  0.3306E+03
  0.1060E+03  0.3245E+03
  0.1070E+03  0.3187E+03
  0.1080E+03  0.3124E+03
  0.1090E+03  0.3056E+03
  0.1100E+03  0.3000E+03
  0.1110E+03  0.2974E+03
  0.1120E+03  0.2892E+03
  0.1130E+03  0.2861E+03
  0.1140E+03  0.2827E+03
  0.1150E+03  0.2785E+03
  0.1160E+03  0.2759E+03
  0.1170E+03  0.2722E+03
  0.1180E+03  0.2713E+03
  0.1190E+03  0.2673E+03
  0.1200E+03  0.2678E+03
  0.1210E+03  0.2654E+03
  0.1220E+03  0.2629E+03
  0.1230E+03  0.2632E+03
  0.1240E+03  0.2601E+03
  0.1250E+03  0.2591E+03
  0.1260E+03  0.2574E+03
  0.1270E+03  0.2536E+03
  0.1280E+03  0.2545E+03
  0.1290E+03  0.2538E+03
  0.1300E+03  0.2522E+03
  0.1310E+03  0.2510E+03
  0.1320E+03  0.2497E+03
  0.1330E+03  0.2480E+03
  0.1340E+03  0.2477E+03
  0.1350E+03  0.2479E+03
  0.1360E+03  0.2456E+03
  0.1370E+03  0.2465E+03
  0.1380E+03  0.2453E+03
  0.1390E+03  0.2445E+03
  0.1400E+03  0.2437E+03
  0.1410E+03  0.2427E+03
  0.1420E+03  0.2406E+03
  0.1430E+03  0.2385E+03
  0.1440E+03  0.2375E+03
  0.1450E+03  0.2386E+03
  0.1460E+03  0.2319E+03
  0.1470E+03  0.2316E+03
  0.1480E+03  0.2320E+03
  0.1490E+03  0.2319E+03
  0.1500E+03  0.2307E+03
  0.1510E+03  0.2311E+03
  0.1520E+03  0.2308E+03
  0.1530E+03  0.2313E+03
  0.1540E+03  0.2314E+03
  0.1550E+03  0.2328E+03
  0.1560E+03  0.2329E+03
  0.1570E+03  0.2346E+03
  0.1580E+03  0.2356E+03
  0.1590E+03  0.2372E+03
  0.1600E+03  0.2387E+03
  0.1610E+03  0.2416E+03
  0.1620E+03  0.2424E+03
  0.1630E+03  0.2455E+03
  0.1640E+03  0.2478E+03
  0.1650E+03  0.2487E+03
  0.1660E+03  0.2491E+03
  0.1670E+03  0.2521E+03
  0.1680E+03  0.2528E+03
  0.1690E+03  0.2550E+03
  0.1700E+03  0.2543E+03
  0.1710E+03  0.2524E+03
  0.1720E+03  0.2501E+03
  0.1730E+03  0.2494E+03
  0.1740E+03  0.2461E+03
  0.1750E+03  0.2434E+03
  0.1760E+03  0.2370E+03
  0.1770E+03  0.2318E+03
  0.1780E+03  0.2232E+03
  0.1790E+03  0.2185E+03
  0.1800E+03  0.2123E+03
  0.1810E+03  0.2047E+03
  0.1820E+03  0.1982E+03
  0.1830E+03  0.1939E+03
  0.1840E+03  0.1874E+03
  0.1850E+03  0.1833E+03
  0.1860E+03  0.1782E+03
  0.1870E+03  0.1748E+03
  0.1880E+03  0.1712E+03
  0.1890E+03  0.1696E+03
  0.1900E+03  0.1660E+03
  0.1910E+03  0.1634E+03
  0.1920E+03  0.1622E+03
  0.1930E+03  0.1613E+03
  0.1940E+03  0.1615E+03
  0.1950E+03  0.1589E+03
  0.1960E+03  0.1596E+03
  0.1970E+03  0.1576E+03
  0.1980E+03  0.1587E+03
  0.1990E+03  0.1590E+03
  0.2000E+03  0.1598E+03
  0.2010E+03  0.1610E+03
  0.2020E+03  0.1605E+03
  0.2030E+03  0.1638E+03
  0.2040E+03  0.1642E+03
  0.2050E+03  0.1669E+03
  0.2060E+03  0.1695E+03
  0.2070E+03  0.1748E+03
  0.2080E+03  0.1777E+03
  0.2090E+03  0.1838E+03
  0.2100E+03  0.1884E+03
  0.2110E+03  0.1948E+03
  0.2120E+03  0.2002E+03
  0.2130E+03  0.2069E+03
  0.2140E+03  0.2130E+03
  0.2150E+03  0.2164E+03
  0.2160E+03  0.2196E+03
  0.2170E+03  0.2234E+03
  0.2180E+03  0.2259E+03
  0.2190E+03  0.2268E+03
  0.2200E+03  0.2252E+03
  0.2210E+03  0.2215E+03
  0.2220E+03  0.2175E+03
  0.2230E+03  0.2127E+03
  0.2240E+03  0.2098E+03
  0.2250E+03  0.2030E+03
  0.2260E+03  0.1936E+03
  0.2270E+03  0.1861E+03
  0.2280E+03  0.1797E+03
  0.2290E+03  0.1720E+03
  0.2300E+03  0.1633E+03
  0.2310E+03  0.1600E+03
  0.2320E+03  0.1548E+03
  0.2330E+03  0.1479E+03
  0.2340E+03  0.1445E+03
  0.2350E+03  0.1434E+03
  0.2360E+03  0.1420E+03
  0.2370E+03  0.1437E+03
  0.2380E+03  0.1441E+03
  0.2390E+03  0.1457E+03
  0.2400E+03  0.1493E+03
  0.2410E+03  0.1541E+03
  0.2420E+03  0.1608E+03
  0.2430E+03  0.1668E+03
  0.2440E+03  0.1758E+03
  0.2450E+03  0.1842E+03
  0.2460E+03  0.1949E+03
  0.2470E+03  0.2085E+03
  0.2480E+03  0.2181E+03
  0.2490E+03  0.2326E+03
  0.2500E+03  0.2489E+03
  0.2510E+03  0.2632E+03
  0.2520E+03  0.2798E+03
  0.2530E+03  0.2966E+03
  0.2540E+03  0.3132E+03
  0.2550E+03  0.3318E+03
  0.2560E+03  0.3472E+03
  0.2570E+03  0.3631E+03
  0.2580E+03  0.3757E+03
  0.2590E+03  0.3889E+03
  0.2600E+03  0.4007E+03
  0.2610E+03  0.4081E+03
  0.2620E+03  0.4142E+03
  0.2630E+03  0.4158E+03
  0.2640E+03  0.4170E+03
  0.2650E+03  0.4122E+03
  0.2660E+03  0.4035E+03
  0.2670E+03  0.3970E+03
  0.2680E+03  0.3806E+03
  0.2690E+03  0.3637E+03
  0.2700E+03  0.3460E+03
  0.2710E+03  0.3279E+03
  0.2720E+03  0.3045E+03
  0.2730E+03  0.2826E+03
  0.2740E+03  0.2578E+03
  0.2750E+03  0.2342E+03
  0.2760E+03  0.2117E+03
  0.2770E+03  0.1882E+03
  0.2780E+03  0.1670E+03
  0.2790E+03  0.1452E+03
  0.2800E+03  0.1275E+03
  0.2810E+03  0.1106E+03
  0.2820E+03  0.9431E+02
  0.2830E+03  0.8187E+02
  0.2840E+03  0.7023E+02
  0.2850E+03  0.5990E+02
  0.2860E+03  0.5077E+02
  0.2870E+03  0.4418E+02
  0.2880E+03  0.3754E+02
  0.2890E+03  0.3360E+02
  0.2900E+03  0.2941E+02
  0.2910E+03  0.2632E+02
  0.2920E+03  0.2393E+02
  0.2930E+03  0.2211E+02
  0.2940E+03  0.2113E+02
  0.2950E+03  0.2052E+02
  0.2960E+03  0.1953E+02
  0.2970E+03  0.1943E+02
  0.2980E+03  0.1999E+02
  0.2990E+03  0.1984E+02
  0.3000E+03  0.2003E+02
  0.3010E+03  0.2087E+02
  0.3020E+03  0.2136E+02
  0.3030E+03  0.2161E+02
  0.3040E+03  0.2187E+02
  0.3050E+03  0.2252E+02
  0.3060E+03  0.2305E+02
  0.3070E+03  0.2280E+02
  0.3080E+03  0.2349E+02
  0.3090E+03  0.2268E+02
  0.3100E+03  0.2374E+02
  0.3110E+03  0.2346E+02
  0.3120E+03  0.2300E+02
  0.3130E+03  0.2358E+02
  0.3140E+03  0.2279E+02
  0.3150E+03  0.2268E+02
  0.3160E+03  0.2165E+02
  0.3170E+03  0.2096E+02
  0.3180E+03  0.1998E+02
  0.3190E+03  0.1995E+02
  0.3200E+03  0.1904E+02
  0.3210E+03  0.1850E+02
  0.3220E+03  0.1744E+02
  0.3230E+03  0.1664E+02
  0.3240E+03  0.1537E+02
  0.3250E+03  0.1496E+02
  0.3260E+03  0.1414E+02
  0.3270E+03  0.1322E+02
  0.3280E+03  0.1282E+02
  0.3290E+03  0.1252E+02
  0.3300E+03  0.1174E+02
  0.3310E+03  0.1104E+02
  0.3320E+03  0.1108E+02
  0.3330E+03  0.1051E+02
  0.3340E+03  0.1052E+02
  0.3350E+03  0.1017E+02
  0.3360E+03  0.1060E+02
  0.3370E+03  0.1049E+02
  0.3380E+03  0.1054E+02
  0.3390E+03  0.1059E+02
  0.3400E+03  0.1016E+02
  0.3410E+03  0.1017E+02
  0.3420E+03  0.1070E+02
  0.3430E+03  0.1091E+02
  0.3440E+03  0.1102E+02
  0.3450E+03  0.1093E+02
  0.3460E+03  0.1115E+02
  0.3470E+03  0.1127E+02
  0.3480E+03  0.1145E+02
  0.3490E+03  0.1168E+02
  0.3500E+03  0.1154E+02
  0.3510E+03  0.1189E+02
  0.3520E+03  0.1215E+02
  0.3530E+03  0.1177E+02
  0.3540E+03  0.1244E+02
  0.3550E+03  0.1235E+02
  0.3560E+03  0.1260E+02
  0.3570E+03  0.1254E+02
  0.3580E+03  0.1251E+02
  0.3590E+03  0.1294E+02
  0.3600E+03  0.1349E+02
  0.3610E+03  0.1390E+02
  0.3620E+03  0.1404E+02
  0.3630E+03  0.1402E+02
  0.3640E+03  0.1479E+02
  0.3650E+03  0.1438E+02
  0.3660E+03  0.1424E+02
  0.3670E+03  0.1457E+02
  0.3680E+03  0.1477E+02
  0.3690E+03  0.1439E+02
  0.3700E+03  0.1454E+02
  0.3710E+03  0.1468E+02
  0.3720E+03  0.1445E+02
  0.3730E+03  0.1377E+02
  0.3740E+03  0.1400E+02
  0.3750E+03  0.1417E+02
  0.3760E+03  0.1455E+02
  0.3770E+03  0.1336E+02
  0.3780E+03  0.1409E+02
  0.3790E+03  0.1403E+02
  0.3800E+03  0.1381E+02
  0.3810E+03  0.1372E+02
  0.3820E+03  0.1316E+02
  0.3830E+03  0.1311E+02
  0.3840E+03  0.1269E+02
  0.3850E+03  0.1321E+02
  0.3860E+03  0.1242E+02
  0.3870E+03  0.1209E+02
  0.3880E+03  0.1231E+02
  0.3890E+03  0.1182E+02
  0.3900E+03  0.1177E+02
  0.3910E+03  0.1125E+02
  0.3920E+03  0.1067E+02
  0.3930E+03  0.1102E+02
  0.3940E+03  0.1034E+02
  0.3950E+03  0.1010E+02
  0.3960E+03  0.9571E+01
  0.3970E+03  0.9134E+01
  0.3980E+03  0.8986E+01
  0.3990E+03  0.8239E+01
  0.4000E+03  0.8102E+01
  0.4010E+03  0.7832E+01
  0.4020E+03  0.7045E+01
  0.4030E+03  0.6943E+01
  0.4040E+03  0.6357E+01
  0.4050E+03  0.5833E+01
  0.4060E+03  0.5344E+01
  0.4070E+03  0.4939E+01
  0.4080E+03  0.4385E+01
  0.4090E+03  0.4122E+01
  0.4100E+03  0.3887E+01
  0.4110E+03  0.3378E+01
  0.4120E+03  0.3084E+01
  0.4130E+03  0.2799E+01
  0.4140E+03  0.2549E+01
  0.4150E+03  0.2284E+01
  0.4160E+03  0.2141E+01
  0.4170E+03  0.1877E+01
  0.4180E+03  0.1629E+01
  0.4190E+03  0.1435E+01
  0.4200E+03  0.1299E+01
  0.4210E+03  0.1098E+01
  0.4220E+03  0.1207E+01
  0.4230E+03  0.1031E+01
  0.4240E+03  0.8618E+00
  0.4250E+03  0.7626E+00
  0.4260E+03  0.7089E+00
  0.4270E+03  0.7008E+00
  0.4280E+03  0.6228E+00
  0.4290E+03  0.5795E+00
  0.4300E+03  0.5805E+00
  0.4310E+03  0.4566E+00
  0.4320E+03  0.5368E+00
  0.4330E+03  0.5273E+00
  0.4340E+03  0.5414E+00
  0.4350E+03  0.5097E+00
  0.4360E+03  0.4502E+00
  0.4370E+03  0.4579E+00
  0.4380E+03  0.4792E+00
  0.4390E+03  0.4709E+00
  0.4400E+03  0.5741E+00
  0.4410E+03  0.4830E+00
  0.4420E+03  0.5652E+00
  0.4430E+03  0.4752E+00
  0.4440E+03  0.5145E+00
  0.4450E+03  0.5377E+00
  0.4460E+03  0.5022E+00
  0.4470E+03  0.5243E+00
  0.4480E+03  0.5385E+00
  0.4490E+03  0.4572E+00
  0.4500E+03  0.4653E+00
  0.4510E+03  0.4028E+00
  0.4520E+03  0.4632E+00
  0.4530E+03  0.4281E+00
  0.4540E+03  0.4137E+00
  0.4550E+03  0.4619E+00
  0.4560E+03  0.4363E+00
  0.4570E+03  0.4090E+00
  0.4580E+03  0.4113E+00
  0.4590E+03  0.4101E+00
  0.4600E+03  0.3554E+00
  0.4610E+03  0.3450E+00
  0.4620E+03  0.3513E+00
  0.4630E+03  0.3007E+00
  0.4640E+03  0.3136E+00
  0.4650E+03  0.2947E+00
  0.4660E+03  0.3047E+00
  0.4670E+03  0.2120E+00
  0.4680E+03  0.2480E+00
  0.4690E+03  0.2611E+00
  0.4700E+03  0.2000E+00
  0.4710E+03  0.1954E+00
  0.4720E+03  0.1722E+00
  0.4730E+03  0.1505E+00
  0.4740E+03  0.1515E+00
  0.4750E+03  0.2068E+00
  0.4760E+03  0.2085E+00
  0.4770E+03  0.1091E+00
  0.4780E+03  0.1261E+00
  0.4790E+03  0.6716E-01
  0.4800E+03  0.8693E-01
  0.4810E+03  0.8519E-01
  0.4820E+03  0.8274E-01
  0.4830E+03  0.7029E-01
  0.4840E+03  0.6838E-01
  0.4850E+03  0.8266E-01
  0.4860E+03  0.9632E-01
  0.4870E+03  0.9124E-01
  0.4880E+03  0.1222E+00
  0.4890E+03  0.1246E+00
  0.4900E+03  0.9490E-01
  0.4910E+03  0.9388E-01
  0.4920E+03  0.8336E-01
  0.4930E+03  0.9033E-01
  0.4940E+03  0.7196E-01
  0.4950E+03  0.8941E-01
  0.4960E+03  0.1044E+00
  0.4970E+03  0.1079E+00
  0.4980E+03  0.1166E+00
  0.4990E+03  0.1016E+00
  0.5000E+03  0.1256E+00
  0.5010E+03  0.1089E+00
  0.5020E+03  0.1017E+00
  0.5030E+03  0.1606E+00
  0.5040E+03  0.1370E+00
  0.5050E+03  0.1366E+00
  0.5060E+03  0.9255E-01
  0.5070E+03  0.1731E+00
  0.5080E+03  0.1676E+00
  0.5090E+03  0.1777E+00
  0.5100E+03  0.1458E+00
  0.5110E+03  0.0000E+00
  0.5120E+03  0.0000E+00
