  0.1000E+01  0.1307E+02
  0.2000E+01  0.1406E+02
  0.3000E+01  0.1437E+02
  0.4000E+01  0.1374E+02
  0.5000E+01  0.1478E+02
  0.6000E+01  0.1476E+02
  0.7000E+01  0.1458E+02
  0.8000E+01  0.1449E+02
  0.9000E+01  0.1436E+02
  0.1000E+02  0.1379E+02
  0.1100E+02  0.1455E+02
  0.1200E+02  0.1508E+02
  0.1300E+02  0.1499E+02
  0.1400E+02  0.1454E+02
  0.1500E+02  0.1408E+02
  0.1600E+02  0.1384E+02
  0.1700E+02  0.1335E+02
  0.1800E+02  0.1285E+02
  0.1900E+02  0.1277E+02
  0.2000E+02  0.1278E+02
  0.2100E+02  0.1299E+02
  0.2200E+02  0.1269E+02
  0.2300E+02  0.1255E+02
  0.2400E+02  0.1261E+02
  0.2500E+02  0.1299E+02
  0.2600E+02  0.1275E+02
  0.2700E+02  0.1299E+02
  0.2800E+02  0.1314E+02
  0.2900E+02  0.1352E+02
  0.3000E+02  0.1346E+02
  0.3100E+02  0.1379E+02
  0.3200E+02  0.1389E+02
  0.3300E+02  0.1431E+02
  0.3400E+02  0.1411E+02
  0.3500E+02  0.1551E+02
  0.3600E+02  0.1542E+02
  0.3700E+02  0.1674E+02
  0.3800E+02  0.1728E+02
  0.3900E+02  0.1841E+02
  0.4000E+02  0.1953E+02
  0.4100E+02  0.2025E+02
  0.4200E+02  0.2053E+02
  0.4300E+02  0.1989E+02
  0.4400E+02  0.1836E+02
  0.4500E+02  0.1648E+02
  0.4600E+02  0.1486E+02
  0.4700E+02  0.1425E+02
  0.4800E+02  0.1343E+02
  0.4900E+02  0.1364E+02
  0.5000E+02  0.1375E+02
  0.5100E+02  0.1408E+02
  0.5200E+02  0.1446E+02
  0.5300E+02  0.1401E+02
  0.5400E+02  0.1430E+02
  0.5500E+02  0.1436E+02
  0.5600E+02  0.1500E+02
  0.5700E+02  0.1511E+02
  0.5800E+02  0.1555E+02
  0.5900E+02  0.1539E+02
  0.6000E+02  0.1634E+02
  0.6100E+02  0.1587E+02
  0.6200E+02  0.1645E+02
  0.6300E+02  0.1688E+02
  0.6400E+02  0.1730E+02
  0.6500E+02  0.1807E+02
  0.6600E+02  0.1838E+02
  0.6700E+02  0.1931E+02
  0.6800E+02  0.1998E+02
  0.6900E+02  0.2120E+02
  0.7000E+02  0.2257E+02
  0.7100E+02  0.2379E+02
  0.7200E+02  0.2499E+02
  0.7300E+02  0.2650E+02
  0.7400E+02  0.2768E+02
  0.7500E+02  0.2796E+02
  0.7600E+02  0.2921E+02
  0.7700E+02  0.2940E+02
  0.7800E+02  0.2832E+02
  0.7900E+02  0.2683E+02
  0.8000E+02  0.2471E+02
  0.8100E+02  0.2275E+02
  0.8200E+02  0.2042E+02
  0.8300E+02  0.1924E+02
  0.8400E+02  0.1781E+02
  0.8500E+02  0.1713E+02
  0.8600E+02  0.1641E+02
  0.8700E+02  0.1653E+02
  0.8800E+02  0.1616E+02
  0.8900E+02  0.1707E+02
  0.9000E+02  0.1664E+02
  0.9100E+02  0.1770E+02
  0.9200E+02  0.1760E+02
  0.9300E+02  0.1840E+02
  0.9400E+02  0.1831E+02
  0.9500E+02  0.1902E+02
  0.9600E+02  0.1923E+02
  0.9700E+02  0.1937E+02
  0.9800E+02  0.1963E+02
  0.9900E+02  0.1973E+02
  0.1000E+03  0.2054E+02
  0.1010E+03  0.2113E+02
  0.1020E+03  0.2133E+02
  0.1030E+03  0.2119E+02
  0.1040E+03  0.2217E+02
  0.1050E+03  0.2236E+02
  0.1060E+03  0.2296E+02
  0.1070E+03  0.2320E+02
  0.1080E+03  0.2395E+02
  0.1090E+03  0.2389E+02
  0.1100E+03  0.2545E+02
  0.1110E+03  0.2548E+02
  0.1120E+03  0.2580E+02
  0.1130E+03  0.2656E+02
  0.1140E+03  0.2660E+02
  0.1150E+03  0.2677E+02
  0.1160E+03  0.2748E+02
  0.1170E+03  0.2753E+02
  0.1180E+03  0.2868E+02
  0.1190E+03  0.2795E+02
  0.1200E+03  0.2992E+02
  0.1210E+03  0.2916E+02
  0.1220E+03  0.3064E+02
  0.1230E+03  0.3049E+02
  0.1240E+03  0.3052E+02
  0.1250E+03  0.3156E+02
  0.1260E+03  0.3158E+02
  0.1270E+03  0.3223E+02
  0.1280E+03  0.3326E+02
  0.1290E+03  0.3304E+02
  0.1300E+03  0.3350E+02
  0.1310E+03  0.3441E+02
  0.1320E+03  0.3462E+02
  0.1330E+03  0.3485E+02
  0.1340E+03  0.3506E+02
  0.1350E+03  0.3577E+02
  0.1360E+03  0.3625E+02
  0.1370E+03  0.3642E+02
  0.1380E+03  0.3607E+02
  0.1390E+03  0.3789E+02
  0.1400E+03  0.3749E+02
  0.1410E+03  0.3880E+02
  0.1420E+03  0.3914E+02
  0.1430E+03  0.3886E+02
  0.1440E+03  0.3889E+02
  0.1450E+03  0.3958E+02
  0.1460E+03  0.3934E+02
  0.1470E+03  0.3950E+02
  0.1480E+03  0.4090E+02
  0.1490E+03  0.4112E+02
  0.1500E+03  0.4183E+02
  0.1510E+03  0.4103E+02
  0.1520E+03  0.4253E+02
  0.1530E+03  0.4307E+02
  0.1540E+03  0.4325E+02
  0.1550E+03  0.4377E+02
  0.1560E+03  0.4355E+02
  0.1570E+03  0.4554E+02
  0.1580E+03  0.4423E+02
  0.1590E+03  0.4478E+02
  0.1600E+03  0.4556E+02
  0.1610E+03  0.4554E+02
  0.1620E+03  0.4577E+02
  0.1630E+03  0.4684E+02
  0.1640E+03  0.4656E+02
  0.1650E+03  0.4613E+02
  0.1660E+03  0.4601E+02
  0.1670E+03  0.4689E+02
  0.1680E+03  0.4598E+02
  0.1690E+03  0.4657E+02
  0.1700E+03  0.4714E+02
  0.1710E+03  0.4665E+02
  0.1720E+03  0.4628E+02
  0.1730E+03  0.4681E+02
  0.1740E+03  0.4688E+02
  0.1750E+03  0.4574E+02
  0.1760E+03  0.4593E+02
  0.1770E+03  0.4677E+02
  0.1780E+03  0.4644E+02
  0.1790E+03  0.4591E+02
  0.1800E+03  0.4708E+02
  0.1810E+03  0.4717E+02
  0.1820E+03  0.4651E+02
  0.1830E+03  0.4699E+02
  0.1840E+03  0.4769E+02
  0.1850E+03  0.4848E+02
  0.1860E+03  0.4887E+02
  0.1870E+03  0.4852E+02
  0.1880E+03  0.4892E+02
  0.1890E+03  0.4942E+02
  0.1900E+03  0.4924E+02
  0.1910E+03  0.5003E+02
  0.1920E+03  0.5030E+02
  0.1930E+03  0.5071E+02
  0.1940E+03  0.5138E+02
  0.1950E+03  0.5098E+02
  0.1960E+03  0.5125E+02
  0.1970E+03  0.5155E+02
  0.1980E+03  0.5257E+02
  0.1990E+03  0.5310E+02
  0.2000E+03  0.5357E+02
  0.2010E+03  0.5403E+02
  0.2020E+03  0.5388E+02
  0.2030E+03  0.5430E+02
  0.2040E+03  0.5490E+02
  0.2050E+03  0.5493E+02
  0.2060E+03  0.5454E+02
  0.2070E+03  0.5617E+02
  0.2080E+03  0.5493E+02
  0.2090E+03  0.5567E+02
  0.2100E+03  0.5598E+02
  0.2110E+03  0.5584E+02
  0.2120E+03  0.5549E+02
  0.2130E+03  0.5570E+02
  0.2140E+03  0.5568E+02
  0.2150E+03  0.5484E+02
  0.2160E+03  0.5521E+02
  0.2170E+03  0.5590E+02
  0.2180E+03  0.5429E+02
  0.2190E+03  0.5377E+02
  0.2200E+03  0.5244E+02
  0.2210E+03  0.5221E+02
  0.2220E+03  0.5155E+02
  0.2230E+03  0.5196E+02
  0.2240E+03  0.5217E+02
  0.2250E+03  0.5307E+02
  0.2260E+03  0.5146E+02
  0.2270E+03  0.5096E+02
  0.2280E+03  0.5086E+02
  0.2290E+03  0.5090E+02
  0.2300E+03  0.5030E+02
  0.2310E+03  0.5015E+02
  0.2320E+03  0.5063E+02
  0.2330E+03  0.5069E+02
  0.2340E+03  0.4975E+02
  0.2350E+03  0.5063E+02
  0.2360E+03  0.5008E+02
  0.2370E+03  0.5198E+02
  0.2380E+03  0.5083E+02
  0.2390E+03  0.5154E+02
  0.2400E+03  0.5084E+02
  0.2410E+03  0.5053E+02
  0.2420E+03  0.5140E+02
  0.2430E+03  0.4907E+02
  0.2440E+03  0.5066E+02
  0.2450E+03  0.5017E+02
  0.2460E+03  0.4997E+02
  0.2470E+03  0.5013E+02
  0.2480E+03  0.4769E+02
  0.2490E+03  0.4739E+02
  0.2500E+03  0.4833E+02
  0.2510E+03  0.4552E+02
  0.2520E+03  0.4673E+02
  0.2530E+03  0.4656E+02
  0.2540E+03  0.4395E+02
  0.2550E+03  0.4409E+02
  0.2560E+03  0.4247E+02
  0.2570E+03  0.4018E+02
  0.2580E+03  0.3937E+02
  0.2590E+03  0.3804E+02
  0.2600E+03  0.3617E+02
  0.2610E+03  0.3372E+02
  0.2620E+03  0.3207E+02
  0.2630E+03  0.3056E+02
  0.2640E+03  0.3050E+02
  0.2650E+03  0.2610E+02
  0.2660E+03  0.2474E+02
  0.2670E+03  0.2291E+02
  0.2680E+03  0.2092E+02
  0.2690E+03  0.1871E+02
  0.2700E+03  0.1761E+02
  0.2710E+03  0.1616E+02
  0.2720E+03  0.1500E+02
  0.2730E+03  0.1280E+02
  0.2740E+03  0.1223E+02
  0.2750E+03  0.1114E+02
  0.2760E+03  0.1010E+02
  0.2770E+03  0.8929E+01
  0.2780E+03  0.8173E+01
  0.2790E+03  0.7601E+01
  0.2800E+03  0.7381E+01
  0.2810E+03  0.6107E+01
  0.2820E+03  0.5853E+01
  0.2830E+03  0.5426E+01
  0.2840E+03  0.5231E+01
  0.2850E+03  0.5228E+01
  0.2860E+03  0.4828E+01
  0.2870E+03  0.4408E+01
  0.2880E+03  0.4625E+01
  0.2890E+03  0.4376E+01
  0.2900E+03  0.4403E+01
  0.2910E+03  0.4175E+01
  0.2920E+03  0.3795E+01
  0.2930E+03  0.3727E+01
  0.2940E+03  0.3869E+01
  0.2950E+03  0.4101E+01
  0.2960E+03  0.3956E+01
  0.2970E+03  0.4014E+01
  0.2980E+03  0.4168E+01
  0.2990E+03  0.4025E+01
  0.3000E+03  0.3524E+01
  0.3010E+03  0.3705E+01
  0.3020E+03  0.3505E+01
  0.3030E+03  0.3761E+01
  0.3040E+03  0.3615E+01
  0.3050E+03  0.3570E+01
  0.3060E+03  0.3477E+01
  0.3070E+03  0.3240E+01
  0.3080E+03  0.3357E+01
  0.3090E+03  0.3060E+01
  0.3100E+03  0.3284E+01
  0.3110E+03  0.3001E+01
  0.3120E+03  0.2917E+01
  0.3130E+03  0.3364E+01
  0.3140E+03  0.2851E+01
  0.3150E+03  0.3219E+01
  0.3160E+03  0.2954E+01
  0.3170E+03  0.2745E+01
  0.3180E+03  0.2582E+01
  0.3190E+03  0.2909E+01
  0.3200E+03  0.2690E+01
  0.3210E+03  0.2722E+01
  0.3220E+03  0.2438E+01
  0.3230E+03  0.2397E+01
  0.3240E+03  0.2539E+01
  0.3250E+03  0.2648E+01
  0.3260E+03  0.2558E+01
  0.3270E+03  0.2297E+01
  0.3280E+03  0.2424E+01
  0.3290E+03  0.2272E+01
  0.3300E+03  0.2352E+01
  0.3310E+03  0.2118E+01
  0.3320E+03  0.2365E+01
  0.3330E+03  0.1790E+01
  0.3340E+03  0.2237E+01
  0.3350E+03  0.2072E+01
  0.3360E+03  0.2194E+01
  0.3370E+03  0.2293E+01
  0.3380E+03  0.2218E+01
  0.3390E+03  0.2178E+01
  0.3400E+03  0.2093E+01
  0.3410E+03  0.2044E+01
  0.3420E+03  0.1927E+01
  0.3430E+03  0.2035E+01
  0.3440E+03  0.1698E+01
  0.3450E+03  0.1817E+01
  0.3460E+03  0.2023E+01
  0.3470E+03  0.1974E+01
  0.3480E+03  0.1919E+01
  0.3490E+03  0.2033E+01
  0.3500E+03  0.1716E+01
  0.3510E+03  0.1773E+01
  0.3520E+03  0.1852E+01
  0.3530E+03  0.1642E+01
  0.3540E+03  0.1754E+01
  0.3550E+03  0.1683E+01
  0.3560E+03  0.1592E+01
  0.3570E+03  0.1606E+01
  0.3580E+03  0.1316E+01
  0.3590E+03  0.1465E+01
  0.3600E+03  0.1500E+01
  0.3610E+03  0.1647E+01
  0.3620E+03  0.1575E+01
  0.3630E+03  0.1426E+01
  0.3640E+03  0.1695E+01
  0.3650E+03  0.1210E+01
  0.3660E+03  0.1308E+01
  0.3670E+03  0.1438E+01
  0.3680E+03  0.1198E+01
  0.3690E+03  0.1379E+01
  0.3700E+03  0.1103E+01
  0.3710E+03  0.1175E+01
  0.3720E+03  0.1079E+01
  0.3730E+03  0.1035E+01
  0.3740E+03  0.1025E+01
  0.3750E+03  0.9840E+00
  0.3760E+03  0.9720E+00
  0.3770E+03  0.9163E+00
  0.3780E+03  0.9479E+00
  0.3790E+03  0.9407E+00
  0.3800E+03  0.8698E+00
  0.3810E+03  0.7790E+00
  0.3820E+03  0.6653E+00
  0.3830E+03  0.7181E+00
  0.3840E+03  0.8075E+00
  0.3850E+03  0.8375E+00
  0.3860E+03  0.5472E+00
  0.3870E+03  0.5829E+00
  0.3880E+03  0.6299E+00
  0.3890E+03  0.6040E+00
  0.3900E+03  0.6627E+00
  0.3910E+03  0.6289E+00
  0.3920E+03  0.3497E+00
  0.3930E+03  0.4932E+00
  0.3940E+03  0.4634E+00
  0.3950E+03  0.2975E+00
  0.3960E+03  0.3757E+00
  0.3970E+03  0.4246E+00
  0.3980E+03  0.3304E+00
  0.3990E+03  0.3274E+00
  0.4000E+03  0.2069E+00
  0.4010E+03  0.1726E+00
  0.4020E+03  0.2414E+00
  0.4030E+03  0.2205E+00
  0.4040E+03  0.2521E+00
  0.4050E+03  0.1153E+00
  0.4060E+03  0.1225E+00
  0.4070E+03  0.1498E+00
  0.4080E+03  0.8916E-01
  0.4090E+03  0.5598E-01
  0.4100E+03  0.6337E-01
  0.4110E+03  0.1459E+00
  0.4120E+03  0.1184E+00
  0.4130E+03  0.6365E-01
  0.4140E+03  0.8079E-01
  0.4150E+03  0.1134E+00
  0.4160E+03  0.6452E-01
  0.4170E+03  0.1157E+00
  0.4180E+03  0.8655E-01
  0.4190E+03  0.4142E-01
  0.4200E+03  0.9139E-01
  0.4210E+03  0.6365E-01
  0.4220E+03  0.3245E-01
  0.4230E+03  0.7315E-01
  0.4240E+03  0.3717E-01
  0.4250E+03  0.3224E-01
  0.4260E+03  0.6452E-01
  0.4270E+03  0.3461E-01
  0.4280E+03  0.5860E-01
  0.4290E+03  0.3503E-01
  0.4300E+03  0.3428E-01
  0.4310E+03  0.6265E-02
  0.4320E+03  0.7855E-01
  0.4330E+03  0.6062E-01
  0.4340E+03  0.3554E-01
  0.4350E+03  0.2102E-01
  0.4360E+03  0.2204E-01
  0.4370E+03  0.3177E-01
  0.4380E+03  0.1801E-01
  0.4390E+03  0.6377E-01
  0.4400E+03  0.8812E-01
  0.4410E+03  0.3087E-01
  0.4420E+03  0.2351E-01
  0.4430E+03  0.3360E-01
  0.4440E+03  0.7055E-01
  0.4450E+03  0.3838E-01
  0.4460E+03  0.2819E-01
  0.4470E+03  0.7289E-01
  0.4480E+03  0.6237E-01
  0.4490E+03  0.3567E-01
  0.4500E+03  0.2132E-01
  0.4510E+03  0.7469E-02
  0.4520E+03  0.3655E-01
  0.4530E+03  0.2074E-01
  0.4540E+03  0.3250E-01
  0.4550E+03  0.5730E-01
  0.4560E+03  0.2710E-01
  0.4570E+03  0.1692E-01
  0.4580E+03  0.5115E-01
  0.4590E+03  0.8035E-01
  0.4600E+03  0.7974E-02
  0.4610E+03  0.1696E-01
  0.4620E+03  0.3687E-01
  0.4630E+03  0.2908E-01
  0.4640E+03  0.2291E-01
  0.4650E+03  0.3376E-01
  0.4660E+03  0.1131E-01
  0.4670E+03  0.2922E-02
  0.4680E+03  0.1177E-01
  0.4690E+03  0.1699E-01
  0.4700E+03  0.0000E+00
  0.4710E+03  0.1420E-01
  0.4720E+03  0.1190E-01
  0.4730E+03  0.4477E-02
  0.4740E+03  0.3659E-01
  0.4750E+03  0.4530E-01
  0.4760E+03  0.5476E-01
  0.4770E+03  0.2085E-01
  0.4780E+03  0.2628E-01
  0.4790E+03  0.8029E-02
  0.4800E+03  0.1399E-01
  0.4810E+03  0.8537E-02
  0.4820E+03  0.2664E-01
  0.4830E+03  0.0000E+00
  0.4840E+03  0.5272E-02
  0.4850E+03  0.9852E-02
  0.4860E+03  0.2322E-01
  0.4870E+03  0.9821E-02
  0.4880E+03  0.2193E-01
  0.4890E+03  0.4159E-01
  0.4900E+03  0.8897E-02
  0.4910E+03  0.2782E-01
  0.4920E+03  0.1045E-01
  0.4930E+03  0.1709E-01
  0.4940E+03  0.0000E+00
  0.4950E+03  0.0000E+00
  0.4960E+03  0.1031E-01
  0.4970E+03  0.1275E-01
  0.4980E+03  0.2837E-01
  0.4990E+03  0.0000E+00
  0.5000E+03  0.2673E-01
  0.5010E+03  0.2739E-02
  0.5020E+03  0.2095E-01
  0.5030E+03  0.1074E-01
  0.5040E+03  0.2954E-01
  0.5050E+03  0.2470E-01
  0.5060E+03  0.0000E+00
  0.5070E+03  0.9571E-02
  0.5080E+03  0.0000E+00
  0.5090E+03  0.0000E+00
  0.5100E+03  0.0000E+00
  0.5110E+03  0.0000E+00
  0.5120E+03  0.0000E+00
