  0.1000E+01  0.6849E+02
  0.2000E+01  0.7461E+02
  0.3000E+01  0.7662E+02
  0.4000E+01  0.7752E+02
  0.5000E+01  0.7778E+02
  0.6000E+01  0.7741E+02
  0.7000E+01  0.7836E+02
  0.8000E+01  0.7803E+02
  0.9000E+01  0.7788E+02
  0.1000E+02  0.7708E+02
  0.1100E+02  0.7688E+02
  0.1200E+02  0.7686E+02
  0.1300E+02  0.7664E+02
  0.1400E+02  0.7740E+02
  0.1500E+02  0.7616E+02
  0.1600E+02  0.7626E+02
  0.1700E+02  0.7580E+02
  0.1800E+02  0.7655E+02
  0.1900E+02  0.7636E+02
  0.2000E+02  0.7554E+02
  0.2100E+02  0.7585E+02
  0.2200E+02  0.7610E+02
  0.2300E+02  0.7782E+02
  0.2400E+02  0.7782E+02
  0.2500E+02  0.8138E+02
  0.2600E+02  0.8476E+02
  0.2700E+02  0.8824E+02
  0.2800E+02  0.9135E+02
  0.2900E+02  0.9551E+02
  0.3000E+02  0.9958E+02
  0.3100E+02  0.1025E+03
  0.3200E+02  0.1069E+03
  0.3300E+02  0.1099E+03
  0.3400E+02  0.1125E+03
  0.3500E+02  0.1170E+03
  0.3600E+02  0.1213E+03
  0.3700E+02  0.1251E+03
  0.3800E+02  0.1278E+03
  0.3900E+02  0.1306E+03
  0.4000E+02  0.1310E+03
  0.4100E+02  0.1331E+03
  0.4200E+02  0.1352E+03
  0.4300E+02  0.1350E+03
  0.4400E+02  0.1365E+03
  0.4500E+02  0.1371E+03
  0.4600E+02  0.1351E+03
  0.4700E+02  0.1375E+03
  0.4800E+02  0.1354E+03
  0.4900E+02  0.1364E+03
  0.5000E+02  0.1356E+03
  0.5100E+02  0.1346E+03
  0.5200E+02  0.1367E+03
  0.5300E+02  0.1360E+03
  0.5400E+02  0.1341E+03
  0.5500E+02  0.1335E+03
  0.5600E+02  0.1348E+03
  0.5700E+02  0.1345E+03
  0.5800E+02  0.1342E+03
  0.5900E+02  0.1370E+03
  0.6000E+02  0.1368E+03
  0.6100E+02  0.1382E+03
  0.6200E+02  0.1390E+03
  0.6300E+02  0.1395E+03
  0.6400E+02  0.1421E+03
  0.6500E+02  0.1438E+03
  0.6600E+02  0.1452E+03
  0.6700E+02  0.1459E+03
  0.6800E+02  0.1470E+03
  0.6900E+02  0.1488E+03
  0.7000E+02  0.1503E+03
  0.7100E+02  0.1494E+03
  0.7200E+02  0.1505E+03
  0.7300E+02  0.1551E+03
  0.7400E+02  0.1551E+03
  0.7500E+02  0.1559E+03
  0.7600E+02  0.1573E+03
  0.7700E+02  0.1583E+03
  0.7800E+02  0.1611E+03
  0.7900E+02  0.1646E+03
  0.8000E+02  0.1683E+03
  0.8100E+02  0.1738E+03
  0.8200E+02  0.1802E+03
  0.8300E+02  0.1877E+03
  0.8400E+02  0.1984E+03
  0.8500E+02  0.2058E+03
  0.8600E+02  0.2151E+03
  0.8700E+02  0.2222E+03
  0.8800E+02  0.2273E+03
  0.8900E+02  0.2307E+03
  0.9000E+02  0.2298E+03
  0.9100E+02  0.2274E+03
  0.9200E+02  0.2251E+03
  0.9300E+02  0.2164E+03
  0.9400E+02  0.2125E+03
  0.9500E+02  0.2051E+03
  0.9600E+02  0.1979E+03
  0.9700E+02  0.1904E+03
  0.9800E+02  0.1853E+03
  0.9900E+02  0.1773E+03
  0.1000E+03  0.1686E+03
  0.1010E+03  0.1640E+03
  0.1020E+03  0.1587E+03
  0.1030E+03  0.1521E+03
  0.1040E+03  0.1451E+03
  0.1050E+03  0.1399E+03
  0.1060E+03  0.1351E+03
  0.1070E+03  0.1319E+03
  0.1080E+03  0.1260E+03
  0.1090E+03  0.1213E+03
  0.1100E+03  0.1169E+03
  0.1110E+03  0.1141E+03
  0.1120E+03  0.1096E+03
  0.1130E+03  0.1053E+03
  0.1140E+03  0.1025E+03
  0.1150E+03  0.9952E+02
  0.1160E+03  0.9647E+02
  0.1170E+03  0.9260E+02
  0.1180E+03  0.9035E+02
  0.1190E+03  0.8764E+02
  0.1200E+03  0.8623E+02
  0.1210E+03  0.8324E+02
  0.1220E+03  0.8012E+02
  0.1230E+03  0.7960E+02
  0.1240E+03  0.7707E+02
  0.1250E+03  0.7456E+02
  0.1260E+03  0.7362E+02
  0.1270E+03  0.7041E+02
  0.1280E+03  0.6893E+02
  0.1290E+03  0.6701E+02
  0.1300E+03  0.6566E+02
  0.1310E+03  0.6404E+02
  0.1320E+03  0.6288E+02
  0.1330E+03  0.6114E+02
  0.1340E+03  0.5980E+02
  0.1350E+03  0.5810E+02
  0.1360E+03  0.5703E+02
  0.1370E+03  0.5479E+02
  0.1380E+03  0.5512E+02
  0.1390E+03  0.5243E+02
  0.1400E+03  0.5222E+02
  0.1410E+03  0.5055E+02
  0.1420E+03  0.4940E+02
  0.1430E+03  0.4833E+02
  0.1440E+03  0.4799E+02
  0.1450E+03  0.4706E+02
  0.1460E+03  0.4538E+02
  0.1470E+03  0.4517E+02
  0.1480E+03  0.4350E+02
  0.1490E+03  0.4279E+02
  0.1500E+03  0.4192E+02
  0.1510E+03  0.4181E+02
  0.1520E+03  0.4039E+02
  0.1530E+03  0.3937E+02
  0.1540E+03  0.3886E+02
  0.1550E+03  0.3785E+02
  0.1560E+03  0.3692E+02
  0.1570E+03  0.3647E+02
  0.1580E+03  0.3621E+02
  0.1590E+03  0.3599E+02
  0.1600E+03  0.3438E+02
  0.1610E+03  0.3437E+02
  0.1620E+03  0.3330E+02
  0.1630E+03  0.3242E+02
  0.1640E+03  0.3207E+02
  0.1650E+03  0.3156E+02
  0.1660E+03  0.3041E+02
  0.1670E+03  0.3010E+02
  0.1680E+03  0.2902E+02
  0.1690E+03  0.2912E+02
  0.1700E+03  0.2872E+02
  0.1710E+03  0.2834E+02
  0.1720E+03  0.2782E+02
  0.1730E+03  0.2725E+02
  0.1740E+03  0.2702E+02
  0.1750E+03  0.2681E+02
  0.1760E+03  0.2609E+02
  0.1770E+03  0.2509E+02
  0.1780E+03  0.2447E+02
  0.1790E+03  0.2484E+02
  0.1800E+03  0.2439E+02
  0.1810E+03  0.2378E+02
  0.1820E+03  0.2343E+02
  0.1830E+03  0.2342E+02
  0.1840E+03  0.2284E+02
  0.1850E+03  0.2196E+02
  0.1860E+03  0.2209E+02
  0.1870E+03  0.2214E+02
  0.1880E+03  0.2115E+02
  0.1890E+03  0.2119E+02
  0.1900E+03  0.2090E+02
  0.1910E+03  0.2012E+02
  0.1920E+03  0.2047E+02
  0.1930E+03  0.2018E+02
  0.1940E+03  0.2009E+02
  0.1950E+03  0.1944E+02
  0.1960E+03  0.1932E+02
  0.1970E+03  0.1918E+02
  0.1980E+03  0.1864E+02
  0.1990E+03  0.1774E+02
  0.2000E+03  0.1787E+02
  0.2010E+03  0.1786E+02
  0.2020E+03  0.1753E+02
  0.2030E+03  0.1672E+02
  0.2040E+03  0.1690E+02
  0.2050E+03  0.1587E+02
  0.2060E+03  0.1593E+02
  0.2070E+03  0.1590E+02
  0.2080E+03  0.1583E+02
  0.2090E+03  0.1543E+02
  0.2100E+03  0.1505E+02
  0.2110E+03  0.1454E+02
  0.2120E+03  0.1378E+02
  0.2130E+03  0.1381E+02
  0.2140E+03  0.1376E+02
  0.2150E+03  0.1339E+02
  0.2160E+03  0.1294E+02
  0.2170E+03  0.1285E+02
  0.2180E+03  0.1266E+02
  0.2190E+03  0.1260E+02
  0.2200E+03  0.1208E+02
  0.2210E+03  0.1174E+02
  0.2220E+03  0.1161E+02
  0.2230E+03  0.1097E+02
  0.2240E+03  0.1124E+02
  0.2250E+03  0.1094E+02
  0.2260E+03  0.1024E+02
  0.2270E+03  0.1058E+02
  0.2280E+03  0.1001E+02
  0.2290E+03  0.1030E+02
  0.2300E+03  0.9327E+01
  0.2310E+03  0.1004E+02
  0.2320E+03  0.9628E+01
  0.2330E+03  0.9310E+01
  0.2340E+03  0.9281E+01
  0.2350E+03  0.9294E+01
  0.2360E+03  0.8984E+01
  0.2370E+03  0.9392E+01
  0.2380E+03  0.8856E+01
  0.2390E+03  0.8307E+01
  0.2400E+03  0.9065E+01
  0.2410E+03  0.8464E+01
  0.2420E+03  0.8363E+01
  0.2430E+03  0.8310E+01
  0.2440E+03  0.8206E+01
  0.2450E+03  0.8323E+01
  0.2460E+03  0.7891E+01
  0.2470E+03  0.7916E+01
  0.2480E+03  0.7661E+01
  0.2490E+03  0.7521E+01
  0.2500E+03  0.7182E+01
  0.2510E+03  0.7004E+01
  0.2520E+03  0.6833E+01
  0.2530E+03  0.6294E+01
  0.2540E+03  0.6275E+01
  0.2550E+03  0.5981E+01
  0.2560E+03  0.5513E+01
  0.2570E+03  0.5509E+01
  0.2580E+03  0.5142E+01
  0.2590E+03  0.4782E+01
  0.2600E+03  0.4643E+01
  0.2610E+03  0.4149E+01
  0.2620E+03  0.4041E+01
  0.2630E+03  0.3873E+01
  0.2640E+03  0.3742E+01
  0.2650E+03  0.3563E+01
  0.2660E+03  0.3287E+01
  0.2670E+03  0.2900E+01
  0.2680E+03  0.2856E+01
  0.2690E+03  0.2513E+01
  0.2700E+03  0.2400E+01
  0.2710E+03  0.2615E+01
  0.2720E+03  0.2394E+01
  0.2730E+03  0.2439E+01
  0.2740E+03  0.2050E+01
  0.2750E+03  0.2009E+01
  0.2760E+03  0.2080E+01
  0.2770E+03  0.1998E+01
  0.2780E+03  0.1936E+01
  0.2790E+03  0.1809E+01
  0.2800E+03  0.1803E+01
  0.2810E+03  0.1745E+01
  0.2820E+03  0.1750E+01
  0.2830E+03  0.1792E+01
  0.2840E+03  0.1739E+01
  0.2850E+03  0.1798E+01
  0.2860E+03  0.1784E+01
  0.2870E+03  0.1718E+01
  0.2880E+03  0.1565E+01
  0.2890E+03  0.1631E+01
  0.2900E+03  0.1589E+01
  0.2910E+03  0.1665E+01
  0.2920E+03  0.1525E+01
  0.2930E+03  0.1510E+01
  0.2940E+03  0.1464E+01
  0.2950E+03  0.1381E+01
  0.2960E+03  0.1436E+01
  0.2970E+03  0.1393E+01
  0.2980E+03  0.1534E+01
  0.2990E+03  0.1316E+01
  0.3000E+03  0.1511E+01
  0.3010E+03  0.1460E+01
  0.3020E+03  0.1421E+01
  0.3030E+03  0.1215E+01
  0.3040E+03  0.1304E+01
  0.3050E+03  0.1271E+01
  0.3060E+03  0.1285E+01
  0.3070E+03  0.1326E+01
  0.3080E+03  0.1238E+01
  0.3090E+03  0.1091E+01
  0.3100E+03  0.1142E+01
  0.3110E+03  0.1061E+01
  0.3120E+03  0.9299E+00
  0.3130E+03  0.1137E+01
  0.3140E+03  0.1174E+01
  0.3150E+03  0.1064E+01
  0.3160E+03  0.1062E+01
  0.3170E+03  0.9085E+00
  0.3180E+03  0.1073E+01
  0.3190E+03  0.9122E+00
  0.3200E+03  0.9609E+00
  0.3210E+03  0.8541E+00
  0.3220E+03  0.8923E+00
  0.3230E+03  0.8429E+00
  0.3240E+03  0.7895E+00
  0.3250E+03  0.8599E+00
  0.3260E+03  0.8756E+00
  0.3270E+03  0.8049E+00
  0.3280E+03  0.7969E+00
  0.3290E+03  0.8369E+00
  0.3300E+03  0.6783E+00
  0.3310E+03  0.7501E+00
  0.3320E+03  0.7393E+00
  0.3330E+03  0.7509E+00
  0.3340E+03  0.7329E+00
  0.3350E+03  0.7137E+00
  0.3360E+03  0.6185E+00
  0.3370E+03  0.7812E+00
  0.3380E+03  0.7918E+00
  0.3390E+03  0.5958E+00
  0.3400E+03  0.6099E+00
  0.3410E+03  0.6419E+00
  0.3420E+03  0.6197E+00
  0.3430E+03  0.5986E+00
  0.3440E+03  0.5333E+00
  0.3450E+03  0.5912E+00
  0.3460E+03  0.6081E+00
  0.3470E+03  0.6561E+00
  0.3480E+03  0.5471E+00
  0.3490E+03  0.5253E+00
  0.3500E+03  0.4963E+00
  0.3510E+03  0.5641E+00
  0.3520E+03  0.5149E+00
  0.3530E+03  0.4638E+00
  0.3540E+03  0.4346E+00
  0.3550E+03  0.4623E+00
  0.3560E+03  0.4453E+00
  0.3570E+03  0.4265E+00
  0.3580E+03  0.4043E+00
  0.3590E+03  0.3281E+00
  0.3600E+03  0.4191E+00
  0.3610E+03  0.3524E+00
  0.3620E+03  0.3882E+00
  0.3630E+03  0.4697E+00
  0.3640E+03  0.4033E+00
  0.3650E+03  0.3288E+00
  0.3660E+03  0.3424E+00
  0.3670E+03  0.3015E+00
  0.3680E+03  0.3468E+00
  0.3690E+03  0.2712E+00
  0.3700E+03  0.3075E+00
  0.3710E+03  0.3419E+00
  0.3720E+03  0.2849E+00
  0.3730E+03  0.2963E+00
  0.3740E+03  0.3285E+00
  0.3750E+03  0.2085E+00
  0.3760E+03  0.2942E+00
  0.3770E+03  0.2384E+00
  0.3780E+03  0.2478E+00
  0.3790E+03  0.2195E+00
  0.3800E+03  0.2453E+00
  0.3810E+03  0.1877E+00
  0.3820E+03  0.2018E+00
  0.3830E+03  0.2260E+00
  0.3840E+03  0.1736E+00
  0.3850E+03  0.1882E+00
  0.3860E+03  0.1891E+00
  0.3870E+03  0.1538E+00
  0.3880E+03  0.1463E+00
  0.3890E+03  0.1231E+00
  0.3900E+03  0.1076E+00
  0.3910E+03  0.1325E+00
  0.3920E+03  0.1065E+00
  0.3930E+03  0.6240E-01
  0.3940E+03  0.9667E-01
  0.3950E+03  0.8650E-01
  0.3960E+03  0.1049E+00
  0.3970E+03  0.1160E+00
  0.3980E+03  0.6124E-01
  0.3990E+03  0.7667E-01
  0.4000E+03  0.8445E-01
  0.4010E+03  0.4811E-01
  0.4020E+03  0.8072E-01
  0.4030E+03  0.6203E-01
  0.4040E+03  0.2989E-01
  0.4050E+03  0.3720E-01
  0.4060E+03  0.3641E-01
  0.4070E+03  0.5349E-01
  0.4080E+03  0.3865E-01
  0.4090E+03  0.3708E-01
  0.4100E+03  0.2635E-01
  0.4110E+03  0.5928E-01
  0.4120E+03  0.3281E-01
  0.4130E+03  0.3555E-01
  0.4140E+03  0.3703E-01
  0.4150E+03  0.4602E-01
  0.4160E+03  0.4022E-01
  0.4170E+03  0.3066E-01
  0.4180E+03  0.2717E-01
  0.4190E+03  0.1919E-01
  0.4200E+03  0.2277E-01
  0.4210E+03  0.3654E-01
  0.4220E+03  0.3020E-01
  0.4230E+03  0.2933E-01
  0.4240E+03  0.3244E-01
  0.4250E+03  0.3229E-01
  0.4260E+03  0.1263E-01
  0.4270E+03  0.4143E-01
  0.4280E+03  0.3469E-01
  0.4290E+03  0.3575E-01
  0.4300E+03  0.3462E-01
  0.4310E+03  0.2267E-01
  0.4320E+03  0.2026E-01
  0.4330E+03  0.2066E-01
  0.4340E+03  0.4352E-01
  0.4350E+03  0.4426E-01
  0.4360E+03  0.2858E-01
  0.4370E+03  0.2317E-01
  0.4380E+03  0.1527E-01
  0.4390E+03  0.9344E-02
  0.4400E+03  0.2092E-01
  0.4410E+03  0.2539E-01
  0.4420E+03  0.2422E-01
  0.4430E+03  0.2795E-01
  0.4440E+03  0.3444E-01
  0.4450E+03  0.3032E-01
  0.4460E+03  0.3502E-01
  0.4470E+03  0.2310E-01
  0.4480E+03  0.2974E-01
  0.4490E+03  0.3528E-01
  0.4500E+03  0.1333E-01
  0.4510E+03  0.1936E-01
  0.4520E+03  0.2173E-01
  0.4530E+03  0.2137E-01
  0.4540E+03  0.2348E-01
  0.4550E+03  0.1250E-01
  0.4560E+03  0.9805E-02
  0.4570E+03  0.1924E-01
  0.4580E+03  0.2578E-01
  0.4590E+03  0.2786E-01
  0.4600E+03  0.1574E-01
  0.4610E+03  0.1924E-01
  0.4620E+03  0.2626E-01
  0.4630E+03  0.1638E-01
  0.4640E+03  0.2091E-01
  0.4650E+03  0.3277E-01
  0.4660E+03  0.1191E-01
  0.4670E+03  0.1385E-01
  0.4680E+03  0.1442E-01
  0.4690E+03  0.1166E-01
  0.4700E+03  0.2004E-01
  0.4710E+03  0.1541E-01
  0.4720E+03  0.1261E-01
  0.4730E+03  0.4116E-02
  0.4740E+03  0.0000E+00
  0.4750E+03  0.2519E-02
  0.4760E+03  0.1356E-01
  0.4770E+03  0.1561E-01
  0.4780E+03  0.1941E-01
  0.4790E+03  0.3676E-02
  0.4800E+03  0.5685E-02
  0.4810E+03  0.1120E-01
  0.4820E+03  0.1167E-01
  0.4830E+03  0.8936E-02
  0.4840E+03  0.1989E-01
  0.4850E+03  0.1658E-01
  0.4860E+03  0.2491E-01
  0.4870E+03  0.7690E-02
  0.4880E+03  0.3011E-02
  0.4890E+03  0.1468E-01
  0.4900E+03  0.4726E-02
  0.4910E+03  0.5356E-02
  0.4920E+03  0.1247E-01
  0.4930E+03  0.1083E-01
  0.4940E+03  0.8453E-02
  0.4950E+03  0.8606E-02
  0.4960E+03  0.1424E-01
  0.4970E+03  0.1489E-01
  0.4980E+03  0.1226E-03
  0.4990E+03  0.6574E-02
  0.5000E+03  0.5592E-02
  0.5010E+03  0.1193E-01
  0.5020E+03  0.2044E-02
  0.5030E+03  0.1782E-01
  0.5040E+03  0.0000E+00
  0.5050E+03  0.5801E-02
  0.5060E+03  0.8623E-02
  0.5070E+03  0.6172E-02
  0.5080E+03  0.2423E-01
  0.5090E+03  0.0000E+00
  0.5100E+03  0.8422E-02
  0.5110E+03  0.0000E+00
  0.5120E+03  0.0000E+00
