  0.1000E+01  0.3137E+02
  0.2000E+01  0.3353E+02
  0.3000E+01  0.3538E+02
  0.4000E+01  0.3502E+02
  0.5000E+01  0.3566E+02
  0.6000E+01  0.3543E+02
  0.7000E+01  0.3574E+02
  0.8000E+01  0.3484E+02
  0.9000E+01  0.3505E+02
  0.1000E+02  0.3473E+02
  0.1100E+02  0.3414E+02
  0.1200E+02  0.3494E+02
  0.1300E+02  0.3520E+02
  0.1400E+02  0.3410E+02
  0.1500E+02  0.3425E+02
  0.1600E+02  0.3381E+02
  0.1700E+02  0.3379E+02
  0.1800E+02  0.3354E+02
  0.1900E+02  0.3316E+02
  0.2000E+02  0.3234E+02
  0.2100E+02  0.3256E+02
  0.2200E+02  0.3315E+02
  0.2300E+02  0.3343E+02
  0.2400E+02  0.3427E+02
  0.2500E+02  0.3457E+02
  0.2600E+02  0.3624E+02
  0.2700E+02  0.3750E+02
  0.2800E+02  0.3914E+02
  0.2900E+02  0.4021E+02
  0.3000E+02  0.4178E+02
  0.3100E+02  0.4320E+02
  0.3200E+02  0.4523E+02
  0.3300E+02  0.4650E+02
  0.3400E+02  0.4807E+02
  0.3500E+02  0.4972E+02
  0.3600E+02  0.5018E+02
  0.3700E+02  0.5244E+02
  0.3800E+02  0.5262E+02
  0.3900E+02  0.5396E+02
  0.4000E+02  0.5462E+02
  0.4100E+02  0.5532E+02
  0.4200E+02  0.5581E+02
  0.4300E+02  0.5526E+02
  0.4400E+02  0.5501E+02
  0.4500E+02  0.5683E+02
  0.4600E+02  0.5611E+02
  0.4700E+02  0.5590E+02
  0.4800E+02  0.5511E+02
  0.4900E+02  0.5423E+02
  0.5000E+02  0.5453E+02
  0.5100E+02  0.5559E+02
  0.5200E+02  0.5576E+02
  0.5300E+02  0.5610E+02
  0.5400E+02  0.5560E+02
  0.5500E+02  0.5677E+02
  0.5600E+02  0.5714E+02
  0.5700E+02  0.5775E+02
  0.5800E+02  0.5721E+02
  0.5900E+02  0.5891E+02
  0.6000E+02  0.6039E+02
  0.6100E+02  0.6017E+02
  0.6200E+02  0.6191E+02
  0.6300E+02  0.6198E+02
  0.6400E+02  0.6333E+02
  0.6500E+02  0.6439E+02
  0.6600E+02  0.6685E+02
  0.6700E+02  0.6663E+02
  0.6800E+02  0.6907E+02
  0.6900E+02  0.7005E+02
  0.7000E+02  0.7100E+02
  0.7100E+02  0.7294E+02
  0.7200E+02  0.7441E+02
  0.7300E+02  0.7650E+02
  0.7400E+02  0.7753E+02
  0.7500E+02  0.7772E+02
  0.7600E+02  0.8121E+02
  0.7700E+02  0.8294E+02
  0.7800E+02  0.8461E+02
  0.7900E+02  0.8719E+02
  0.8000E+02  0.8859E+02
  0.8100E+02  0.8914E+02
  0.8200E+02  0.9166E+02
  0.8300E+02  0.9064E+02
  0.8400E+02  0.9112E+02
  0.8500E+02  0.9201E+02
  0.8600E+02  0.9091E+02
  0.8700E+02  0.8854E+02
  0.8800E+02  0.8760E+02
  0.8900E+02  0.8393E+02
  0.9000E+02  0.8204E+02
  0.9100E+02  0.7909E+02
  0.9200E+02  0.7672E+02
  0.9300E+02  0.7302E+02
  0.9400E+02  0.6874E+02
  0.9500E+02  0.6746E+02
  0.9600E+02  0.6519E+02
  0.9700E+02  0.6197E+02
  0.9800E+02  0.5876E+02
  0.9900E+02  0.5716E+02
  0.1000E+03  0.5428E+02
  0.1010E+03  0.5226E+02
  0.1020E+03  0.4936E+02
  0.1030E+03  0.4817E+02
  0.1040E+03  0.4546E+02
  0.1050E+03  0.4410E+02
  0.1060E+03  0.4276E+02
  0.1070E+03  0.4144E+02
  0.1080E+03  0.3986E+02
  0.1090E+03  0.3805E+02
  0.1100E+03  0.3644E+02
  0.1110E+03  0.3520E+02
  0.1120E+03  0.3289E+02
  0.1130E+03  0.3211E+02
  0.1140E+03  0.3142E+02
  0.1150E+03  0.3045E+02
  0.1160E+03  0.2962E+02
  0.1170E+03  0.2904E+02
  0.1180E+03  0.2732E+02
  0.1190E+03  0.2662E+02
  0.1200E+03  0.2635E+02
  0.1210E+03  0.2534E+02
  0.1220E+03  0.2395E+02
  0.1230E+03  0.2355E+02
  0.1240E+03  0.2261E+02
  0.1250E+03  0.2293E+02
  0.1260E+03  0.2161E+02
  0.1270E+03  0.2056E+02
  0.1280E+03  0.2010E+02
  0.1290E+03  0.2000E+02
  0.1300E+03  0.2004E+02
  0.1310E+03  0.1890E+02
  0.1320E+03  0.1855E+02
  0.1330E+03  0.1774E+02
  0.1340E+03  0.1739E+02
  0.1350E+03  0.1666E+02
  0.1360E+03  0.1603E+02
  0.1370E+03  0.1639E+02
  0.1380E+03  0.1563E+02
  0.1390E+03  0.1467E+02
  0.1400E+03  0.1491E+02
  0.1410E+03  0.1490E+02
  0.1420E+03  0.1397E+02
  0.1430E+03  0.1429E+02
  0.1440E+03  0.1382E+02
  0.1450E+03  0.1333E+02
  0.1460E+03  0.1276E+02
  0.1470E+03  0.1236E+02
  0.1480E+03  0.1207E+02
  0.1490E+03  0.1213E+02
  0.1500E+03  0.1155E+02
  0.1510E+03  0.1115E+02
  0.1520E+03  0.1111E+02
  0.1530E+03  0.1028E+02
  0.1540E+03  0.1051E+02
  0.1550E+03  0.1011E+02
  0.1560E+03  0.9906E+01
  0.1570E+03  0.9461E+01
  0.1580E+03  0.9417E+01
  0.1590E+03  0.9219E+01
  0.1600E+03  0.8826E+01
  0.1610E+03  0.9031E+01
  0.1620E+03  0.8780E+01
  0.1630E+03  0.8640E+01
  0.1640E+03  0.8103E+01
  0.1650E+03  0.7992E+01
  0.1660E+03  0.8128E+01
  0.1670E+03  0.7654E+01
  0.1680E+03  0.7293E+01
  0.1690E+03  0.7301E+01
  0.1700E+03  0.7508E+01
  0.1710E+03  0.7274E+01
  0.1720E+03  0.6638E+01
  0.1730E+03  0.6380E+01
  0.1740E+03  0.6647E+01
  0.1750E+03  0.6571E+01
  0.1760E+03  0.6427E+01
  0.1770E+03  0.6220E+01
  0.1780E+03  0.5724E+01
  0.1790E+03  0.6302E+01
  0.1800E+03  0.5721E+01
  0.1810E+03  0.5588E+01
  0.1820E+03  0.5137E+01
  0.1830E+03  0.5352E+01
  0.1840E+03  0.5114E+01
  0.1850E+03  0.4933E+01
  0.1860E+03  0.5060E+01
  0.1870E+03  0.4659E+01
  0.1880E+03  0.4991E+01
  0.1890E+03  0.4989E+01
  0.1900E+03  0.5105E+01
  0.1910E+03  0.4157E+01
  0.1920E+03  0.4069E+01
  0.1930E+03  0.4313E+01
  0.1940E+03  0.3784E+01
  0.1950E+03  0.4118E+01
  0.1960E+03  0.4492E+01
  0.1970E+03  0.3914E+01
  0.1980E+03  0.3646E+01
  0.1990E+03  0.3657E+01
  0.2000E+03  0.3585E+01
  0.2010E+03  0.3573E+01
  0.2020E+03  0.3283E+01
  0.2030E+03  0.3655E+01
  0.2040E+03  0.3047E+01
  0.2050E+03  0.3114E+01
  0.2060E+03  0.3126E+01
  0.2070E+03  0.2878E+01
  0.2080E+03  0.2869E+01
  0.2090E+03  0.2587E+01
  0.2100E+03  0.2850E+01
  0.2110E+03  0.2699E+01
  0.2120E+03  0.2804E+01
  0.2130E+03  0.2437E+01
  0.2140E+03  0.2621E+01
  0.2150E+03  0.2349E+01
  0.2160E+03  0.2329E+01
  0.2170E+03  0.2261E+01
  0.2180E+03  0.2271E+01
  0.2190E+03  0.2299E+01
  0.2200E+03  0.2250E+01
  0.2210E+03  0.2043E+01
  0.2220E+03  0.1794E+01
  0.2230E+03  0.2108E+01
  0.2240E+03  0.2152E+01
  0.2250E+03  0.1922E+01
  0.2260E+03  0.1754E+01
  0.2270E+03  0.1689E+01
  0.2280E+03  0.1488E+01
  0.2290E+03  0.1807E+01
  0.2300E+03  0.1778E+01
  0.2310E+03  0.1285E+01
  0.2320E+03  0.1605E+01
  0.2330E+03  0.1412E+01
  0.2340E+03  0.1433E+01
  0.2350E+03  0.1358E+01
  0.2360E+03  0.1341E+01
  0.2370E+03  0.1452E+01
  0.2380E+03  0.1166E+01
  0.2390E+03  0.1253E+01
  0.2400E+03  0.1294E+01
  0.2410E+03  0.1052E+01
  0.2420E+03  0.1223E+01
  0.2430E+03  0.1083E+01
  0.2440E+03  0.1109E+01
  0.2450E+03  0.9861E+00
  0.2460E+03  0.9045E+00
  0.2470E+03  0.1008E+01
  0.2480E+03  0.8843E+00
  0.2490E+03  0.8814E+00
  0.2500E+03  0.7914E+00
  0.2510E+03  0.8250E+00
  0.2520E+03  0.6164E+00
  0.2530E+03  0.6985E+00
  0.2540E+03  0.7724E+00
  0.2550E+03  0.6231E+00
  0.2560E+03  0.5674E+00
  0.2570E+03  0.6779E+00
  0.2580E+03  0.5472E+00
  0.2590E+03  0.5681E+00
  0.2600E+03  0.5467E+00
  0.2610E+03  0.4648E+00
  0.2620E+03  0.3936E+00
  0.2630E+03  0.5175E+00
  0.2640E+03  0.4261E+00
  0.2650E+03  0.3334E+00
  0.2660E+03  0.4828E+00
  0.2670E+03  0.3179E+00
  0.2680E+03  0.3764E+00
  0.2690E+03  0.3322E+00
  0.2700E+03  0.2859E+00
  0.2710E+03  0.4281E+00
  0.2720E+03  0.3130E+00
  0.2730E+03  0.2646E+00
  0.2740E+03  0.3436E+00
  0.2750E+03  0.2651E+00
  0.2760E+03  0.4068E+00
  0.2770E+03  0.2624E+00
  0.2780E+03  0.2739E+00
  0.2790E+03  0.1554E+00
  0.2800E+03  0.2903E+00
  0.2810E+03  0.3072E+00
  0.2820E+03  0.2880E+00
  0.2830E+03  0.2294E+00
  0.2840E+03  0.2483E+00
  0.2850E+03  0.2022E+00
  0.2860E+03  0.2493E+00
  0.2870E+03  0.1961E+00
  0.2880E+03  0.2147E+00
  0.2890E+03  0.2451E+00
  0.2900E+03  0.2439E+00
  0.2910E+03  0.2280E+00
  0.2920E+03  0.1281E+00
  0.2930E+03  0.1994E+00
  0.2940E+03  0.1888E+00
  0.2950E+03  0.1253E+00
  0.2960E+03  0.1743E+00
  0.2970E+03  0.2528E+00
  0.2980E+03  0.1833E+00
  0.2990E+03  0.1992E+00
  0.3000E+03  0.1896E+00
  0.3010E+03  0.1909E+00
  0.3020E+03  0.9571E-01
  0.3030E+03  0.1819E+00
  0.3040E+03  0.1939E+00
  0.3050E+03  0.1861E+00
  0.3060E+03  0.1633E+00
  0.3070E+03  0.1853E+00
  0.3080E+03  0.7956E-01
  0.3090E+03  0.1491E+00
  0.3100E+03  0.1286E+00
  0.3110E+03  0.1169E+00
  0.3120E+03  0.1045E+00
  0.3130E+03  0.1329E+00
  0.3140E+03  0.1594E+00
  0.3150E+03  0.9930E-01
  0.3160E+03  0.7861E-01
  0.3170E+03  0.1209E+00
  0.3180E+03  0.1106E+00
  0.3190E+03  0.1562E+00
  0.3200E+03  0.8656E-01
  0.3210E+03  0.1038E+00
  0.3220E+03  0.1534E+00
  0.3230E+03  0.6184E-01
  0.3240E+03  0.1254E+00
  0.3250E+03  0.3943E-01
  0.3260E+03  0.9269E-01
  0.3270E+03  0.9379E-01
  0.3280E+03  0.6079E-01
  0.3290E+03  0.9483E-01
  0.3300E+03  0.8322E-01
  0.3310E+03  0.4823E-01
  0.3320E+03  0.6751E-01
  0.3330E+03  0.5918E-01
  0.3340E+03  0.7590E-01
  0.3350E+03  0.5121E-01
  0.3360E+03  0.9337E-01
  0.3370E+03  0.1089E+00
  0.3380E+03  0.6425E-01
  0.3390E+03  0.7284E-01
  0.3400E+03  0.9075E-01
  0.3410E+03  0.3251E-01
  0.3420E+03  0.6808E-01
  0.3430E+03  0.2864E-01
  0.3440E+03  0.5206E-01
  0.3450E+03  0.2700E-01
  0.3460E+03  0.3690E-01
  0.3470E+03  0.3688E-01
  0.3480E+03  0.2746E-01
  0.3490E+03  0.4769E-01
  0.3500E+03  0.6943E-01
  0.3510E+03  0.4804E-01
  0.3520E+03  0.2431E-01
  0.3530E+03  0.2479E-01
  0.3540E+03  0.2167E-01
  0.3550E+03  0.2522E-01
  0.3560E+03  0.2186E-01
  0.3570E+03  0.2505E-01
  0.3580E+03  0.2410E-01
  0.3590E+03  0.1165E-01
  0.3600E+03  0.4167E-01
  0.3610E+03  0.0000E+00
  0.3620E+03  0.4376E-01
  0.3630E+03  0.8296E-02
  0.3640E+03  0.1772E-01
  0.3650E+03  0.5100E-01
  0.3660E+03  0.4478E-01
  0.3670E+03  0.7911E-03
  0.3680E+03  0.3084E-01
  0.3690E+03  0.2132E-01
  0.3700E+03  0.1332E-01
  0.3710E+03  0.7981E-02
  0.3720E+03  0.3431E-01
  0.3730E+03  0.2576E-01
  0.3740E+03  0.1272E-01
  0.3750E+03  0.3636E-01
  0.3760E+03  0.9285E-02
  0.3770E+03  0.3569E-01
  0.3780E+03  0.1314E-01
  0.3790E+03  0.7903E-02
  0.3800E+03  0.6243E-02
  0.3810E+03  0.7115E-03
  0.3820E+03  0.8622E-02
  0.3830E+03  0.0000E+00
  0.3840E+03  0.7178E-02
  0.3850E+03  0.9666E-02
  0.3860E+03  0.0000E+00
  0.3870E+03  0.3551E-01
  0.3880E+03  0.1575E-01
  0.3890E+03  0.0000E+00
  0.3900E+03  0.0000E+00
  0.3910E+03  0.0000E+00
  0.3920E+03  0.0000E+00
  0.3930E+03  0.4417E-02
  0.3940E+03  0.1779E-01
  0.3950E+03  0.0000E+00
  0.3960E+03  0.1497E-01
  0.3970E+03  0.0000E+00
  0.3980E+03  0.0000E+00
  0.3990E+03  0.0000E+00
  0.4000E+03  0.9665E-02
  0.4010E+03  0.0000E+00
  0.4020E+03  0.9626E-02
  0.4030E+03  0.0000E+00
  0.4040E+03  0.1095E-01
  0.4050E+03  0.0000E+00
  0.4060E+03  0.0000E+00
  0.4070E+03  0.9204E-02
  0.4080E+03  0.0000E+00
  0.4090E+03  0.0000E+00
  0.4100E+03  0.0000E+00
  0.4110E+03  0.0000E+00
  0.4120E+03  0.1056E-01
  0.4130E+03  0.0000E+00
  0.4140E+03  0.6694E-02
  0.4150E+03  0.0000E+00
  0.4160E+03  0.0000E+00
  0.4170E+03  0.8788E-02
  0.4180E+03  0.7797E-02
  0.4190E+03  0.2176E-02
  0.4200E+03  0.0000E+00
  0.4210E+03  0.0000E+00
  0.4220E+03  0.6884E-02
  0.4230E+03  0.1671E-01
  0.4240E+03  0.1835E-01
  0.4250E+03  0.0000E+00
  0.4260E+03  0.0000E+00
  0.4270E+03  0.0000E+00
  0.4280E+03  0.0000E+00
  0.4290E+03  0.1363E-01
  0.4300E+03  0.1128E-01
  0.4310E+03  0.0000E+00
  0.4320E+03  0.8207E-02
  0.4330E+03  0.1229E-01
  0.4340E+03  0.0000E+00
  0.4350E+03  0.0000E+00
  0.4360E+03  0.3641E-02
  0.4370E+03  0.0000E+00
  0.4380E+03  0.0000E+00
  0.4390E+03  0.0000E+00
  0.4400E+03  0.0000E+00
  0.4410E+03  0.0000E+00
  0.4420E+03  0.0000E+00
  0.4430E+03  0.0000E+00
  0.4440E+03  0.0000E+00
  0.4450E+03  0.2163E-01
  0.4460E+03  0.1105E-01
  0.4470E+03  0.0000E+00
  0.4480E+03  0.0000E+00
  0.4490E+03  0.0000E+00
  0.4500E+03  0.0000E+00
  0.4510E+03  0.4604E-02
  0.4520E+03  0.0000E+00
  0.4530E+03  0.0000E+00
  0.4540E+03  0.0000E+00
  0.4550E+03  0.0000E+00
  0.4560E+03  0.0000E+00
  0.4570E+03  0.0000E+00
  0.4580E+03  0.0000E+00
  0.4590E+03  0.2959E-02
  0.4600E+03  0.0000E+00
  0.4610E+03  0.0000E+00
  0.4620E+03  0.0000E+00
  0.4630E+03  0.0000E+00
  0.4640E+03  0.0000E+00
  0.4650E+03  0.0000E+00
  0.4660E+03  0.1093E-01
  0.4670E+03  0.0000E+00
  0.4680E+03  0.0000E+00
  0.4690E+03  0.0000E+00
  0.4700E+03  0.0000E+00
  0.4710E+03  0.0000E+00
  0.4720E+03  0.0000E+00
  0.4730E+03  0.0000E+00
  0.4740E+03  0.0000E+00
  0.4750E+03  0.0000E+00
  0.4760E+03  0.0000E+00
  0.4770E+03  0.0000E+00
  0.4780E+03  0.0000E+00
  0.4790E+03  0.0000E+00
  0.4800E+03  0.0000E+00
  0.4810E+03  0.0000E+00
  0.4820E+03  0.0000E+00
  0.4830E+03  0.0000E+00
  0.4840E+03  0.0000E+00
  0.4850E+03  0.0000E+00
  0.4860E+03  0.0000E+00
  0.4870E+03  0.0000E+00
  0.4880E+03  0.1561E-01
  0.4890E+03  0.0000E+00
  0.4900E+03  0.0000E+00
  0.4910E+03  0.0000E+00
  0.4920E+03  0.0000E+00
  0.4930E+03  0.0000E+00
  0.4940E+03  0.0000E+00
  0.4950E+03  0.0000E+00
  0.4960E+03  0.0000E+00
  0.4970E+03  0.0000E+00
  0.4980E+03  0.0000E+00
  0.4990E+03  0.0000E+00
  0.5000E+03  0.0000E+00
  0.5010E+03  0.0000E+00
  0.5020E+03  0.0000E+00
  0.5030E+03  0.0000E+00
  0.5040E+03  0.0000E+00
  0.5050E+03  0.0000E+00
  0.5060E+03  0.0000E+00
  0.5070E+03  0.0000E+00
  0.5080E+03  0.0000E+00
  0.5090E+03  0.0000E+00
  0.5100E+03  0.0000E+00
  0.5110E+03  0.0000E+00
  0.5120E+03  0.0000E+00
