  0.1000E+01  0.2037E+02
  0.2000E+01  0.7823E+01
  0.3000E+01  0.4312E+01
  0.4000E+01  0.3633E+01
  0.5000E+01  0.3042E+01
  0.6000E+01  0.2548E+01
  0.7000E+01  0.2104E+01
  0.8000E+01  0.1724E+01
  0.9000E+01  0.1466E+01
  0.1000E+02  0.7186E+01
  0.1100E+02  0.1040E+03
  0.1200E+02  0.7169E+03
  0.1300E+02  0.2062E+04
  0.1400E+02  0.2569E+04
  0.1500E+02  0.1665E+04
  0.1600E+02  0.7838E+03
  0.1700E+02  0.3010E+03
  0.1800E+02  0.7013E+02
  0.1900E+02  0.1048E+02
  0.2000E+02  0.5285E+01
  0.2100E+02  0.7918E+01
  0.2200E+02  0.1084E+02
  0.2300E+02  0.1277E+02
  0.2400E+02  0.1420E+02
  0.2500E+02  0.1546E+02
  0.2600E+02  0.1727E+02
  0.2700E+02  0.1941E+02
  0.2800E+02  0.2069E+02
  0.2900E+02  0.1959E+02
  0.3000E+02  0.1606E+02
  0.3100E+02  0.1136E+02
  0.3200E+02  0.7733E+01
  0.3300E+02  0.8030E+01
  0.3400E+02  0.1302E+02
  0.3500E+02  0.2246E+02
  0.3600E+02  0.3115E+02
  0.3700E+02  0.3561E+02
  0.3800E+02  0.3321E+02
  0.3900E+02  0.2580E+02
  0.4000E+02  0.1833E+02
  0.4100E+02  0.1520E+02
  0.4200E+02  0.1380E+02
  0.4300E+02  0.1235E+02
  0.4400E+02  0.1010E+02
  0.4500E+02  0.7299E+01
  0.4600E+02  0.4615E+01
  0.4700E+02  0.2707E+01
  0.4800E+02  0.1858E+01
  0.4900E+02  0.1387E+01
  0.5000E+02  0.1181E+01
  0.5100E+02  0.1059E+01
  0.5200E+02  0.9747E+00
  0.5300E+02  0.9900E+00
  0.5400E+02  0.9744E+00
  0.5500E+02  0.1087E+01
  0.5600E+02  0.1390E+01
  0.5700E+02  0.2030E+01
  0.5800E+02  0.3277E+01
  0.5900E+02  0.5145E+01
  0.6000E+02  0.8160E+01
  0.6100E+02  0.1195E+02
  0.6200E+02  0.1602E+02
  0.6300E+02  0.2013E+02
  0.6400E+02  0.2297E+02
  0.6500E+02  0.2452E+02
  0.6600E+02  0.2435E+02
  0.6700E+02  0.2353E+02
  0.6800E+02  0.2336E+02
  0.6900E+02  0.2634E+02
  0.7000E+02  0.3681E+02
  0.7100E+02  0.6039E+02
  0.7200E+02  0.1050E+03
  0.7300E+02  0.1790E+03
  0.7400E+02  0.2892E+03
  0.7500E+02  0.4347E+03
  0.7600E+02  0.6037E+03
  0.7700E+02  0.7717E+03
  0.7800E+02  0.9110E+03
  0.7900E+02  0.9878E+03
  0.8000E+02  0.9840E+03
  0.8100E+02  0.9025E+03
  0.8200E+02  0.7612E+03
  0.8300E+02  0.5902E+03
  0.8400E+02  0.4202E+03
  0.8500E+02  0.2754E+03
  0.8600E+02  0.1651E+03
  0.8700E+02  0.9141E+02
  0.8800E+02  0.4657E+02
  0.8900E+02  0.2199E+02
  0.9000E+02  0.9504E+01
  0.9100E+02  0.3965E+01
  0.9200E+02  0.1654E+01
  0.9300E+02  0.7971E+00
  0.9400E+02  0.5004E+00
  0.9500E+02  0.4013E+00
  0.9600E+02  0.3510E+00
  0.9700E+02  0.3273E+00
  0.9800E+02  0.2978E+00
  0.9900E+02  0.2547E+00
  0.1000E+03  0.2266E+00
  0.1010E+03  0.1993E+00
  0.1020E+03  0.1654E+00
  0.1030E+03  0.1381E+00
  0.1040E+03  0.1056E+00
  0.1050E+03  0.1002E+00
  0.1060E+03  0.8727E-01
  0.1070E+03  0.8786E-01
  0.1080E+03  0.7327E-01
  0.1090E+03  0.7299E-01
  0.1100E+03  0.8391E-01
  0.1110E+03  0.7421E-01
  0.1120E+03  0.8509E-01
  0.1130E+03  0.9390E-01
  0.1140E+03  0.1045E+00
  0.1150E+03  0.1343E+00
  0.1160E+03  0.1551E+00
  0.1170E+03  0.2016E+00
  0.1180E+03  0.2322E+00
  0.1190E+03  0.2648E+00
  0.1200E+03  0.3114E+00
  0.1210E+03  0.3325E+00
  0.1220E+03  0.3881E+00
  0.1230E+03  0.4202E+00
  0.1240E+03  0.4202E+00
  0.1250E+03  0.4357E+00
  0.1260E+03  0.4358E+00
  0.1270E+03  0.4130E+00
  0.1280E+03  0.3773E+00
  0.1290E+03  0.3414E+00
  0.1300E+03  0.3247E+00
  0.1310E+03  0.3103E+00
  0.1320E+03  0.3033E+00
  0.1330E+03  0.2995E+00
  0.1340E+03  0.3088E+00
  0.1350E+03  0.3526E+00
  0.1360E+03  0.3613E+00
  0.1370E+03  0.4005E+00
  0.1380E+03  0.4247E+00
  0.1390E+03  0.4263E+00
  0.1400E+03  0.4471E+00
  0.1410E+03  0.4455E+00
  0.1420E+03  0.4329E+00
  0.1430E+03  0.4272E+00
  0.1440E+03  0.3941E+00
  0.1450E+03  0.3749E+00
  0.1460E+03  0.3420E+00
  0.1470E+03  0.3296E+00
  0.1480E+03  0.3063E+00
  0.1490E+03  0.2622E+00
  0.1500E+03  0.2877E+00
  0.1510E+03  0.2543E+00
  0.1520E+03  0.2482E+00
  0.1530E+03  0.2504E+00
  0.1540E+03  0.2664E+00
  0.1550E+03  0.2659E+00
  0.1560E+03  0.2888E+00
  0.1570E+03  0.2963E+00
  0.1580E+03  0.2980E+00
  0.1590E+03  0.3157E+00
  0.1600E+03  0.3385E+00
  0.1610E+03  0.3521E+00
  0.1620E+03  0.3888E+00
  0.1630E+03  0.4029E+00
  0.1640E+03  0.4395E+00
  0.1650E+03  0.4669E+00
  0.1660E+03  0.4836E+00
  0.1670E+03  0.5180E+00
  0.1680E+03  0.5352E+00
  0.1690E+03  0.5445E+00
  0.1700E+03  0.5617E+00
  0.1710E+03  0.5746E+00
  0.1720E+03  0.5774E+00
  0.1730E+03  0.5615E+00
  0.1740E+03  0.5662E+00
  0.1750E+03  0.5371E+00
  0.1760E+03  0.4942E+00
  0.1770E+03  0.4533E+00
  0.1780E+03  0.4161E+00
  0.1790E+03  0.4017E+00
  0.1800E+03  0.3737E+00
  0.1810E+03  0.2978E+00
  0.1820E+03  0.2690E+00
  0.1830E+03  0.2097E+00
  0.1840E+03  0.1975E+00
  0.1850E+03  0.1782E+00
  0.1860E+03  0.1435E+00
  0.1870E+03  0.1153E+00
  0.1880E+03  0.1021E+00
  0.1890E+03  0.8691E-01
  0.1900E+03  0.8220E-01
  0.1910E+03  0.7296E-01
  0.1920E+03  0.6875E-01
  0.1930E+03  0.5706E-01
  0.1940E+03  0.5146E-01
  0.1950E+03  0.4956E-01
  0.1960E+03  0.5770E-01
  0.1970E+03  0.5475E-01
  0.1980E+03  0.4995E-01
  0.1990E+03  0.5603E-01
  0.2000E+03  0.6199E-01
  0.2010E+03  0.7525E-01
  0.2020E+03  0.7585E-01
  0.2030E+03  0.9070E-01
  0.2040E+03  0.9687E-01
  0.2050E+03  0.1041E+00
  0.2060E+03  0.1286E+00
  0.2070E+03  0.1612E+00
  0.2080E+03  0.1945E+00
  0.2090E+03  0.2184E+00
  0.2100E+03  0.2527E+00
  0.2110E+03  0.2833E+00
  0.2120E+03  0.3028E+00
  0.2130E+03  0.3575E+00
  0.2140E+03  0.3869E+00
  0.2150E+03  0.4272E+00
  0.2160E+03  0.4710E+00
  0.2170E+03  0.4822E+00
  0.2180E+03  0.4749E+00
  0.2190E+03  0.5092E+00
  0.2200E+03  0.5012E+00
  0.2210E+03  0.5214E+00
  0.2220E+03  0.5016E+00
  0.2230E+03  0.4624E+00
  0.2240E+03  0.4551E+00
  0.2250E+03  0.4284E+00
  0.2260E+03  0.3892E+00
  0.2270E+03  0.3424E+00
  0.2280E+03  0.2942E+00
  0.2290E+03  0.2825E+00
  0.2300E+03  0.2493E+00
  0.2310E+03  0.2101E+00
  0.2320E+03  0.1999E+00
  0.2330E+03  0.1767E+00
  0.2340E+03  0.1585E+00
  0.2350E+03  0.1355E+00
  0.2360E+03  0.1374E+00
  0.2370E+03  0.1161E+00
  0.2380E+03  0.1416E+00
  0.2390E+03  0.1410E+00
  0.2400E+03  0.1535E+00
  0.2410E+03  0.1567E+00
  0.2420E+03  0.2028E+00
  0.2430E+03  0.2254E+00
  0.2440E+03  0.2528E+00
  0.2450E+03  0.2976E+00
  0.2460E+03  0.3166E+00
  0.2470E+03  0.3904E+00
  0.2480E+03  0.4496E+00
  0.2490E+03  0.4649E+00
  0.2500E+03  0.5483E+00
  0.2510E+03  0.6046E+00
  0.2520E+03  0.6511E+00
  0.2530E+03  0.7580E+00
  0.2540E+03  0.7919E+00
  0.2550E+03  0.8670E+00
  0.2560E+03  0.9312E+00
  0.2570E+03  0.9959E+00
  0.2580E+03  0.1061E+01
  0.2590E+03  0.1104E+01
  0.2600E+03  0.1159E+01
  0.2610E+03  0.1193E+01
  0.2620E+03  0.1257E+01
  0.2630E+03  0.1245E+01
  0.2640E+03  0.1266E+01
  0.2650E+03  0.1273E+01
  0.2660E+03  0.1248E+01
  0.2670E+03  0.1234E+01
  0.2680E+03  0.1190E+01
  0.2690E+03  0.1133E+01
  0.2700E+03  0.1100E+01
  0.2710E+03  0.1065E+01
  0.2720E+03  0.9203E+00
  0.2730E+03  0.8726E+00
  0.2740E+03  0.8103E+00
  0.2750E+03  0.7505E+00
  0.2760E+03  0.6472E+00
  0.2770E+03  0.5816E+00
  0.2780E+03  0.5164E+00
  0.2790E+03  0.4533E+00
  0.2800E+03  0.3827E+00
  0.2810E+03  0.3060E+00
  0.2820E+03  0.2793E+00
  0.2830E+03  0.2481E+00
  0.2840E+03  0.1976E+00
  0.2850E+03  0.1601E+00
  0.2860E+03  0.1377E+00
  0.2870E+03  0.1017E+00
  0.2880E+03  0.9443E-01
  0.2890E+03  0.7062E-01
  0.2900E+03  0.6461E-01
  0.2910E+03  0.4587E-01
  0.2920E+03  0.3934E-01
  0.2930E+03  0.3461E-01
  0.2940E+03  0.3190E-01
  0.2950E+03  0.3058E-01
  0.2960E+03  0.2997E-01
  0.2970E+03  0.2836E-01
  0.2980E+03  0.3493E-01
  0.2990E+03  0.3149E-01
  0.3000E+03  0.2359E-01
  0.3010E+03  0.3266E-01
  0.3020E+03  0.3669E-01
  0.3030E+03  0.3744E-01
  0.3040E+03  0.3694E-01
  0.3050E+03  0.3265E-01
  0.3060E+03  0.4184E-01
  0.3070E+03  0.3708E-01
  0.3080E+03  0.3984E-01
  0.3090E+03  0.4301E-01
  0.3100E+03  0.4441E-01
  0.3110E+03  0.4116E-01
  0.3120E+03  0.5219E-01
  0.3130E+03  0.3871E-01
  0.3140E+03  0.3335E-01
  0.3150E+03  0.3926E-01
  0.3160E+03  0.5103E-01
  0.3170E+03  0.3760E-01
  0.3180E+03  0.3652E-01
  0.3190E+03  0.3269E-01
  0.3200E+03  0.3442E-01
  0.3210E+03  0.3024E-01
  0.3220E+03  0.2692E-01
  0.3230E+03  0.2679E-01
  0.3240E+03  0.2632E-01
  0.3250E+03  0.2325E-01
  0.3260E+03  0.2212E-01
  0.3270E+03  0.2363E-01
  0.3280E+03  0.1435E-01
  0.3290E+03  0.1565E-01
  0.3300E+03  0.1232E-01
  0.3310E+03  0.1355E-01
  0.3320E+03  0.1469E-01
  0.3330E+03  0.1400E-01
  0.3340E+03  0.1407E-01
  0.3350E+03  0.1469E-01
  0.3360E+03  0.1154E-01
  0.3370E+03  0.1491E-01
  0.3380E+03  0.1348E-01
  0.3390E+03  0.1261E-01
  0.3400E+03  0.1497E-01
  0.3410E+03  0.1514E-01
  0.3420E+03  0.1367E-01
  0.3430E+03  0.1423E-01
  0.3440E+03  0.1464E-01
  0.3450E+03  0.1418E-01
  0.3460E+03  0.1650E-01
  0.3470E+03  0.1869E-01
  0.3480E+03  0.1723E-01
  0.3490E+03  0.1751E-01
  0.3500E+03  0.2013E-01
  0.3510E+03  0.1811E-01
  0.3520E+03  0.1690E-01
  0.3530E+03  0.1980E-01
  0.3540E+03  0.2143E-01
  0.3550E+03  0.1758E-01
  0.3560E+03  0.2079E-01
  0.3570E+03  0.2157E-01
  0.3580E+03  0.2472E-01
  0.3590E+03  0.2126E-01
  0.3600E+03  0.2097E-01
  0.3610E+03  0.2350E-01
  0.3620E+03  0.2301E-01
  0.3630E+03  0.2761E-01
  0.3640E+03  0.2203E-01
  0.3650E+03  0.2551E-01
  0.3660E+03  0.2688E-01
  0.3670E+03  0.2978E-01
  0.3680E+03  0.2475E-01
  0.3690E+03  0.2169E-01
  0.3700E+03  0.2810E-01
  0.3710E+03  0.2864E-01
  0.3720E+03  0.2716E-01
  0.3730E+03  0.3118E-01
  0.3740E+03  0.2890E-01
  0.3750E+03  0.3126E-01
  0.3760E+03  0.3228E-01
  0.3770E+03  0.2785E-01
  0.3780E+03  0.2626E-01
  0.3790E+03  0.2725E-01
  0.3800E+03  0.2235E-01
  0.3810E+03  0.2136E-01
  0.3820E+03  0.2690E-01
  0.3830E+03  0.2853E-01
  0.3840E+03  0.2741E-01
  0.3850E+03  0.2679E-01
  0.3860E+03  0.2361E-01
  0.3870E+03  0.2195E-01
  0.3880E+03  0.2280E-01
  0.3890E+03  0.2163E-01
  0.3900E+03  0.1982E-01
  0.3910E+03  0.2411E-01
  0.3920E+03  0.1980E-01
  0.3930E+03  0.2178E-01
  0.3940E+03  0.2126E-01
  0.3950E+03  0.1552E-01
  0.3960E+03  0.2284E-01
  0.3970E+03  0.1755E-01
  0.3980E+03  0.1394E-01
  0.3990E+03  0.1446E-01
  0.4000E+03  0.1662E-01
  0.4010E+03  0.1420E-01
  0.4020E+03  0.1422E-01
  0.4030E+03  0.1474E-01
  0.4040E+03  0.1052E-01
  0.4050E+03  0.9251E-02
  0.4060E+03  0.9062E-02
  0.4070E+03  0.8009E-02
  0.4080E+03  0.7919E-02
  0.4090E+03  0.6738E-02
  0.4100E+03  0.7967E-02
  0.4110E+03  0.6780E-02
  0.4120E+03  0.4947E-02
  0.4130E+03  0.5989E-02
  0.4140E+03  0.4921E-02
  0.4150E+03  0.3653E-02
  0.4160E+03  0.2313E-02
  0.4170E+03  0.3559E-02
  0.4180E+03  0.2686E-02
  0.4190E+03  0.2376E-02
  0.4200E+03  0.1535E-02
  0.4210E+03  0.2918E-02
  0.4220E+03  0.2307E-02
  0.4230E+03  0.2026E-02
  0.4240E+03  0.1395E-02
  0.4250E+03  0.1215E-02
  0.4260E+03  0.1678E-02
  0.4270E+03  0.8170E-03
  0.4280E+03  0.5378E-03
  0.4290E+03  0.8756E-04
  0.4300E+03  0.4199E-03
  0.4310E+03  0.1537E-03
  0.4320E+03  0.7033E-03
  0.4330E+03  0.7444E-03
  0.4340E+03  0.2437E-03
  0.4350E+03  0.4114E-03
  0.4360E+03  0.6564E-03
  0.4370E+03  0.4376E-03
  0.4380E+03  0.7993E-03
  0.4390E+03  0.2535E-03
  0.4400E+03  0.5231E-03
  0.4410E+03  0.2242E-03
  0.4420E+03  0.4524E-03
  0.4430E+03  0.1083E-02
  0.4440E+03  0.2965E-03
  0.4450E+03  0.5150E-03
  0.4460E+03  0.9989E-03
  0.4470E+03  0.9190E-03
  0.4480E+03  0.1010E-02
  0.4490E+03  0.6621E-03
  0.4500E+03  0.4230E-03
  0.4510E+03  0.3965E-03
  0.4520E+03  0.3292E-03
  0.4530E+03  0.5658E-03
  0.4540E+03  0.5284E-03
  0.4550E+03  0.0000E+00
  0.4560E+03  0.3526E-03
  0.4570E+03  0.9198E-03
  0.4580E+03  0.7244E-03
  0.4590E+03  0.1820E-02
  0.4600E+03  0.7878E-03
  0.4610E+03  0.7439E-03
  0.4620E+03  0.3945E-03
  0.4630E+03  0.2914E-03
  0.4640E+03  0.4250E-03
  0.4650E+03  0.5110E-03
  0.4660E+03  0.1690E-03
  0.4670E+03  0.7537E-03
  0.4680E+03  0.2090E-03
  0.4690E+03  0.0000E+00
  0.4700E+03  0.6465E-03
  0.4710E+03  0.0000E+00
  0.4720E+03  0.0000E+00
  0.4730E+03  0.1044E-02
  0.4740E+03  0.3483E-03
  0.4750E+03  0.1279E-03
  0.4760E+03  0.0000E+00
  0.4770E+03  0.0000E+00
  0.4780E+03  0.0000E+00
  0.4790E+03  0.0000E+00
  0.4800E+03  0.0000E+00
  0.4810E+03  0.1166E-03
  0.4820E+03  0.0000E+00
  0.4830E+03  0.0000E+00
  0.4840E+03  0.0000E+00
  0.4850E+03  0.8658E-04
  0.4860E+03  0.5254E-03
  0.4870E+03  0.0000E+00
  0.4880E+03  0.0000E+00
  0.4890E+03  0.0000E+00
  0.4900E+03  0.0000E+00
  0.4910E+03  0.0000E+00
  0.4920E+03  0.2402E-03
  0.4930E+03  0.0000E+00
  0.4940E+03  0.0000E+00
  0.4950E+03  0.6714E-04
  0.4960E+03  0.0000E+00
  0.4970E+03  0.0000E+00
  0.4980E+03  0.1385E-03
  0.4990E+03  0.4213E-04
  0.5000E+03  0.0000E+00
  0.5010E+03  0.3163E-03
  0.5020E+03  0.0000E+00
  0.5030E+03  0.3460E-04
  0.5040E+03  0.1404E-03
  0.5050E+03  0.7794E-04
  0.5060E+03  0.2370E-03
  0.5070E+03  0.4255E-03
  0.5080E+03  0.0000E+00
  0.5090E+03  0.5074E-03
  0.5100E+03  0.0000E+00
  0.5110E+03  0.0000E+00
  0.5120E+03  0.0000E+00
