  0.1000E+01  0.2517E+01
  0.2000E+01  0.2373E+01
  0.3000E+01  0.2169E+01
  0.4000E+01  0.1926E+01
  0.5000E+01  0.1651E+01
  0.6000E+01  0.1394E+01
  0.7000E+01  0.1215E+01
  0.8000E+01  0.1030E+01
  0.9000E+01  0.8747E+00
  0.1000E+02  0.7667E+00
  0.1100E+02  0.6638E+00
  0.1200E+02  0.5956E+00
  0.1300E+02  0.5287E+00
  0.1400E+02  0.4690E+00
  0.1500E+02  0.4233E+00
  0.1600E+02  0.3821E+00
  0.1700E+02  0.3847E+00
  0.1800E+02  0.3521E+00
  0.1900E+02  0.3450E+00
  0.2000E+02  0.3638E+00
  0.2100E+02  0.3779E+00
  0.2200E+02  0.4227E+00
  0.2300E+02  0.4760E+00
  0.2400E+02  0.5596E+00
  0.2500E+02  0.6896E+00
  0.2600E+02  0.8311E+00
  0.2700E+02  0.9378E+00
  0.2800E+02  0.1116E+01
  0.2900E+02  0.1215E+01
  0.3000E+02  0.1377E+01
  0.3100E+02  0.1481E+01
  0.3200E+02  0.1611E+01
  0.3300E+02  0.1694E+01
  0.3400E+02  0.1783E+01
  0.3500E+02  0.1893E+01
  0.3600E+02  0.2037E+01
  0.3700E+02  0.2191E+01
  0.3800E+02  0.2402E+01
  0.3900E+02  0.2623E+01
  0.4000E+02  0.2915E+01
  0.4100E+02  0.3252E+01
  0.4200E+02  0.3593E+01
  0.4300E+02  0.3992E+01
  0.4400E+02  0.4369E+01
  0.4500E+02  0.4708E+01
  0.4600E+02  0.5098E+01
  0.4700E+02  0.5384E+01
  0.4800E+02  0.5483E+01
  0.4900E+02  0.5495E+01
  0.5000E+02  0.5155E+01
  0.5100E+02  0.4786E+01
  0.5200E+02  0.4258E+01
  0.5300E+02  0.3693E+01
  0.5400E+02  0.3110E+01
  0.5500E+02  0.2648E+01
  0.5600E+02  0.2207E+01
  0.5700E+02  0.1884E+01
  0.5800E+02  0.1610E+01
  0.5900E+02  0.1383E+01
  0.6000E+02  0.1204E+01
  0.6100E+02  0.1073E+01
  0.6200E+02  0.9686E+00
  0.6300E+02  0.9103E+00
  0.6400E+02  0.8320E+00
  0.6500E+02  0.7489E+00
  0.6600E+02  0.6878E+00
  0.6700E+02  0.6230E+00
  0.6800E+02  0.5889E+00
  0.6900E+02  0.5351E+00
  0.7000E+02  0.5235E+00
  0.7100E+02  0.4808E+00
  0.7200E+02  0.4688E+00
  0.7300E+02  0.4619E+00
  0.7400E+02  0.4641E+00
  0.7500E+02  0.4427E+00
  0.7600E+02  0.4354E+00
  0.7700E+02  0.4276E+00
  0.7800E+02  0.4256E+00
  0.7900E+02  0.4128E+00
  0.8000E+02  0.3867E+00
  0.8100E+02  0.3927E+00
  0.8200E+02  0.3875E+00
  0.8300E+02  0.3737E+00
  0.8400E+02  0.3844E+00
  0.8500E+02  0.3494E+00
  0.8600E+02  0.3447E+00
  0.8700E+02  0.3330E+00
  0.8800E+02  0.3249E+00
  0.8900E+02  0.2974E+00
  0.9000E+02  0.2748E+00
  0.9100E+02  0.2752E+00
  0.9200E+02  0.2596E+00
  0.9300E+02  0.2502E+00
  0.9400E+02  0.2421E+00
  0.9500E+02  0.2302E+00
  0.9600E+02  0.2127E+00
  0.9700E+02  0.2140E+00
  0.9800E+02  0.1836E+00
  0.9900E+02  0.1692E+00
  0.1000E+03  0.1755E+00
  0.1010E+03  0.1655E+00
  0.1020E+03  0.1526E+00
  0.1030E+03  0.1448E+00
  0.1040E+03  0.1314E+00
  0.1050E+03  0.1263E+00
  0.1060E+03  0.1123E+00
  0.1070E+03  0.1093E+00
  0.1080E+03  0.1114E+00
  0.1090E+03  0.9574E-01
  0.1100E+03  0.9374E-01
  0.1110E+03  0.8812E-01
  0.1120E+03  0.8940E-01
  0.1130E+03  0.7918E-01
  0.1140E+03  0.7499E-01
  0.1150E+03  0.7746E-01
  0.1160E+03  0.7597E-01
  0.1170E+03  0.5943E-01
  0.1180E+03  0.5996E-01
  0.1190E+03  0.6119E-01
  0.1200E+03  0.4828E-01
  0.1210E+03  0.4761E-01
  0.1220E+03  0.4769E-01
  0.1230E+03  0.4700E-01
  0.1240E+03  0.4790E-01
  0.1250E+03  0.4376E-01
  0.1260E+03  0.3773E-01
  0.1270E+03  0.3726E-01
  0.1280E+03  0.3688E-01
  0.1290E+03  0.3424E-01
  0.1300E+03  0.3648E-01
  0.1310E+03  0.3277E-01
  0.1320E+03  0.3049E-01
  0.1330E+03  0.3250E-01
  0.1340E+03  0.2853E-01
  0.1350E+03  0.3635E-01
  0.1360E+03  0.3175E-01
  0.1370E+03  0.2430E-01
  0.1380E+03  0.2498E-01
  0.1390E+03  0.2756E-01
  0.1400E+03  0.2939E-01
  0.1410E+03  0.2432E-01
  0.1420E+03  0.2400E-01
  0.1430E+03  0.2222E-01
  0.1440E+03  0.2531E-01
  0.1450E+03  0.2420E-01
  0.1460E+03  0.2458E-01
  0.1470E+03  0.2141E-01
  0.1480E+03  0.2131E-01
  0.1490E+03  0.2474E-01
  0.1500E+03  0.1936E-01
  0.1510E+03  0.1920E-01
  0.1520E+03  0.1926E-01
  0.1530E+03  0.2129E-01
  0.1540E+03  0.1739E-01
  0.1550E+03  0.1519E-01
  0.1560E+03  0.1634E-01
  0.1570E+03  0.2013E-01
  0.1580E+03  0.1505E-01
  0.1590E+03  0.2288E-01
  0.1600E+03  0.1459E-01
  0.1610E+03  0.1333E-01
  0.1620E+03  0.1910E-01
  0.1630E+03  0.1523E-01
  0.1640E+03  0.1483E-01
  0.1650E+03  0.1272E-01
  0.1660E+03  0.1229E-01
  0.1670E+03  0.1331E-01
  0.1680E+03  0.1622E-01
  0.1690E+03  0.1350E-01
  0.1700E+03  0.1125E-01
  0.1710E+03  0.8475E-02
  0.1720E+03  0.1162E-01
  0.1730E+03  0.1341E-01
  0.1740E+03  0.1239E-01
  0.1750E+03  0.1048E-01
  0.1760E+03  0.1153E-01
  0.1770E+03  0.8816E-02
  0.1780E+03  0.1420E-01
  0.1790E+03  0.1006E-01
  0.1800E+03  0.1009E-01
  0.1810E+03  0.1093E-01
  0.1820E+03  0.8925E-02
  0.1830E+03  0.6541E-02
  0.1840E+03  0.1266E-01
  0.1850E+03  0.8557E-02
  0.1860E+03  0.7164E-02
  0.1870E+03  0.7308E-02
  0.1880E+03  0.7562E-02
  0.1890E+03  0.8434E-02
  0.1900E+03  0.7871E-02
  0.1910E+03  0.8451E-02
  0.1920E+03  0.7417E-02
  0.1930E+03  0.6895E-02
  0.1940E+03  0.9087E-02
  0.1950E+03  0.6651E-02
  0.1960E+03  0.7114E-02
  0.1970E+03  0.4487E-02
  0.1980E+03  0.5158E-02
  0.1990E+03  0.5529E-02
  0.2000E+03  0.4432E-02
  0.2010E+03  0.6472E-02
  0.2020E+03  0.4263E-02
  0.2030E+03  0.5605E-02
  0.2040E+03  0.4297E-02
  0.2050E+03  0.3475E-02
  0.2060E+03  0.5737E-02
  0.2070E+03  0.4504E-02
  0.2080E+03  0.4821E-02
  0.2090E+03  0.2719E-02
  0.2100E+03  0.4962E-02
  0.2110E+03  0.2091E-02
  0.2120E+03  0.2588E-02
  0.2130E+03  0.3920E-02
  0.2140E+03  0.2519E-02
  0.2150E+03  0.2111E-02
  0.2160E+03  0.2476E-02
  0.2170E+03  0.3800E-02
  0.2180E+03  0.4428E-02
  0.2190E+03  0.5690E-02
  0.2200E+03  0.2408E-02
  0.2210E+03  0.4401E-02
  0.2220E+03  0.1867E-02
  0.2230E+03  0.1223E-02
  0.2240E+03  0.1030E-02
  0.2250E+03  0.2859E-02
  0.2260E+03  0.4036E-02
  0.2270E+03  0.1765E-02
  0.2280E+03  0.2426E-02
  0.2290E+03  0.2140E-02
  0.2300E+03  0.2764E-02
  0.2310E+03  0.2156E-02
  0.2320E+03  0.2029E-02
  0.2330E+03  0.4011E-02
  0.2340E+03  0.1604E-02
  0.2350E+03  0.2456E-02
  0.2360E+03  0.2250E-02
  0.2370E+03  0.2971E-02
  0.2380E+03  0.2624E-02
  0.2390E+03  0.2085E-02
  0.2400E+03  0.1079E-02
  0.2410E+03  0.3212E-02
  0.2420E+03  0.3020E-02
  0.2430E+03  0.2629E-02
  0.2440E+03  0.7416E-03
  0.2450E+03  0.1371E-02
  0.2460E+03  0.1278E-02
  0.2470E+03  0.1558E-02
  0.2480E+03  0.1339E-02
  0.2490E+03  0.1388E-02
  0.2500E+03  0.1266E-02
  0.2510E+03  0.5279E-03
  0.2520E+03  0.8706E-04
  0.2530E+03  0.1180E-02
  0.2540E+03  0.4389E-03
  0.2550E+03  0.4472E-03
  0.2560E+03  0.1409E-02
  0.2570E+03  0.3327E-03
  0.2580E+03  0.3067E-04
  0.2590E+03  0.1330E-02
  0.2600E+03  0.1686E-02
  0.2610E+03  0.1811E-03
  0.2620E+03  0.2845E-03
  0.2630E+03  0.9880E-04
  0.2640E+03  0.0000E+00
  0.2650E+03  0.8384E-04
  0.2660E+03  0.6932E-04
  0.2670E+03  0.5179E-03
  0.2680E+03  0.5355E-03
  0.2690E+03  0.9102E-03
  0.2700E+03  0.7771E-04
  0.2710E+03  0.6973E-03
  0.2720E+03  0.3738E-03
  0.2730E+03  0.4511E-03
  0.2740E+03  0.3465E-03
  0.2750E+03  0.1489E-03
  0.2760E+03  0.1964E-04
  0.2770E+03  0.3452E-03
  0.2780E+03  0.7478E-03
  0.2790E+03  0.0000E+00
  0.2800E+03  0.9440E-03
  0.2810E+03  0.1547E-03
  0.2820E+03  0.2107E-03
  0.2830E+03  0.0000E+00
  0.2840E+03  0.4438E-03
  0.2850E+03  0.6778E-03
  0.2860E+03  0.4294E-03
  0.2870E+03  0.2421E-03
  0.2880E+03  0.0000E+00
  0.2890E+03  0.1316E-03
  0.2900E+03  0.9731E-04
  0.2910E+03  0.3646E-11
  0.2920E+03  0.8776E-08
  0.2930E+03  0.0000E+00
  0.2940E+03  0.4332E-04
  0.2950E+03  0.2495E-03
  0.2960E+03  0.0000E+00
  0.2970E+03  0.0000E+00
  0.2980E+03  0.0000E+00
  0.2990E+03  0.1340E-03
  0.3000E+03  0.2211E-03
  0.3010E+03  0.2563E-04
  0.3020E+03  0.0000E+00
  0.3030E+03  0.4578E-04
  0.3040E+03  0.4442E-03
  0.3050E+03  0.0000E+00
  0.3060E+03  0.2144E-03
  0.3070E+03  0.0000E+00
  0.3080E+03  0.0000E+00
  0.3090E+03  0.3777E-03
  0.3100E+03  0.0000E+00
  0.3110E+03  0.2070E-04
  0.3120E+03  0.0000E+00
  0.3130E+03  0.6094E-04
  0.3140E+03  0.2714E-03
  0.3150E+03  0.2728E-03
  0.3160E+03  0.1773E-03
  0.3170E+03  0.0000E+00
  0.3180E+03  0.0000E+00
  0.3190E+03  0.4635E-05
  0.3200E+03  0.0000E+00
  0.3210E+03  0.0000E+00
  0.3220E+03  0.5253E-04
  0.3230E+03  0.4437E-03
  0.3240E+03  0.0000E+00
  0.3250E+03  0.0000E+00
  0.3260E+03  0.0000E+00
  0.3270E+03  0.0000E+00
  0.3280E+03  0.0000E+00
  0.3290E+03  0.1315E-03
  0.3300E+03  0.3268E-04
  0.3310E+03  0.0000E+00
  0.3320E+03  0.0000E+00
  0.3330E+03  0.0000E+00
  0.3340E+03  0.0000E+00
  0.3350E+03  0.3620E-03
  0.3360E+03  0.0000E+00
  0.3370E+03  0.0000E+00
  0.3380E+03  0.0000E+00
  0.3390E+03  0.8097E-04
  0.3400E+03  0.0000E+00
  0.3410E+03  0.0000E+00
  0.3420E+03  0.0000E+00
  0.3430E+03  0.0000E+00
  0.3440E+03  0.0000E+00
  0.3450E+03  0.0000E+00
  0.3460E+03  0.0000E+00
  0.3470E+03  0.0000E+00
  0.3480E+03  0.0000E+00
  0.3490E+03  0.0000E+00
  0.3500E+03  0.1331E-03
  0.3510E+03  0.0000E+00
  0.3520E+03  0.0000E+00
  0.3530E+03  0.0000E+00
  0.3540E+03  0.0000E+00
  0.3550E+03  0.0000E+00
  0.3560E+03  0.0000E+00
  0.3570E+03  0.0000E+00
  0.3580E+03  0.0000E+00
  0.3590E+03  0.0000E+00
  0.3600E+03  0.0000E+00
  0.3610E+03  0.0000E+00
  0.3620E+03  0.0000E+00
  0.3630E+03  0.0000E+00
  0.3640E+03  0.0000E+00
  0.3650E+03  0.0000E+00
  0.3660E+03  0.0000E+00
  0.3670E+03  0.0000E+00
  0.3680E+03  0.0000E+00
  0.3690E+03  0.0000E+00
  0.3700E+03  0.0000E+00
  0.3710E+03  0.0000E+00
  0.3720E+03  0.1927E-04
  0.3730E+03  0.0000E+00
  0.3740E+03  0.1723E-03
  0.3750E+03  0.0000E+00
  0.3760E+03  0.0000E+00
  0.3770E+03  0.0000E+00
  0.3780E+03  0.0000E+00
  0.3790E+03  0.0000E+00
  0.3800E+03  0.6595E-03
  0.3810E+03  0.0000E+00
  0.3820E+03  0.0000E+00
  0.3830E+03  0.0000E+00
  0.3840E+03  0.0000E+00
  0.3850E+03  0.0000E+00
  0.3860E+03  0.0000E+00
  0.3870E+03  0.0000E+00
  0.3880E+03  0.0000E+00
  0.3890E+03  0.0000E+00
  0.3900E+03  0.0000E+00
  0.3910E+03  0.0000E+00
  0.3920E+03  0.0000E+00
  0.3930E+03  0.0000E+00
  0.3940E+03  0.0000E+00
  0.3950E+03  0.0000E+00
  0.3960E+03  0.0000E+00
  0.3970E+03  0.0000E+00
  0.3980E+03  0.0000E+00
  0.3990E+03  0.0000E+00
  0.4000E+03  0.0000E+00
  0.4010E+03  0.0000E+00
  0.4020E+03  0.0000E+00
  0.4030E+03  0.0000E+00
  0.4040E+03  0.0000E+00
  0.4050E+03  0.0000E+00
  0.4060E+03  0.0000E+00
  0.4070E+03  0.0000E+00
  0.4080E+03  0.0000E+00
  0.4090E+03  0.0000E+00
  0.4100E+03  0.0000E+00
  0.4110E+03  0.0000E+00
  0.4120E+03  0.0000E+00
  0.4130E+03  0.0000E+00
  0.4140E+03  0.0000E+00
  0.4150E+03  0.0000E+00
  0.4160E+03  0.0000E+00
  0.4170E+03  0.0000E+00
  0.4180E+03  0.0000E+00
  0.4190E+03  0.0000E+00
  0.4200E+03  0.0000E+00
  0.4210E+03  0.0000E+00
  0.4220E+03  0.0000E+00
  0.4230E+03  0.0000E+00
  0.4240E+03  0.0000E+00
  0.4250E+03  0.0000E+00
  0.4260E+03  0.0000E+00
  0.4270E+03  0.0000E+00
  0.4280E+03  0.0000E+00
  0.4290E+03  0.0000E+00
  0.4300E+03  0.0000E+00
  0.4310E+03  0.0000E+00
  0.4320E+03  0.0000E+00
  0.4330E+03  0.0000E+00
  0.4340E+03  0.0000E+00
  0.4350E+03  0.0000E+00
  0.4360E+03  0.0000E+00
  0.4370E+03  0.0000E+00
  0.4380E+03  0.0000E+00
  0.4390E+03  0.0000E+00
  0.4400E+03  0.0000E+00
  0.4410E+03  0.0000E+00
  0.4420E+03  0.0000E+00
  0.4430E+03  0.0000E+00
  0.4440E+03  0.0000E+00
  0.4450E+03  0.0000E+00
  0.4460E+03  0.0000E+00
  0.4470E+03  0.0000E+00
  0.4480E+03  0.0000E+00
  0.4490E+03  0.0000E+00
  0.4500E+03  0.0000E+00
  0.4510E+03  0.0000E+00
  0.4520E+03  0.0000E+00
  0.4530E+03  0.0000E+00
  0.4540E+03  0.0000E+00
  0.4550E+03  0.0000E+00
  0.4560E+03  0.0000E+00
  0.4570E+03  0.0000E+00
  0.4580E+03  0.0000E+00
  0.4590E+03  0.0000E+00
  0.4600E+03  0.0000E+00
  0.4610E+03  0.0000E+00
  0.4620E+03  0.0000E+00
  0.4630E+03  0.0000E+00
  0.4640E+03  0.0000E+00
  0.4650E+03  0.0000E+00
  0.4660E+03  0.0000E+00
  0.4670E+03  0.0000E+00
  0.4680E+03  0.0000E+00
  0.4690E+03  0.0000E+00
  0.4700E+03  0.0000E+00
  0.4710E+03  0.0000E+00
  0.4720E+03  0.0000E+00
  0.4730E+03  0.0000E+00
  0.4740E+03  0.0000E+00
  0.4750E+03  0.0000E+00
  0.4760E+03  0.0000E+00
  0.4770E+03  0.0000E+00
  0.4780E+03  0.0000E+00
  0.4790E+03  0.0000E+00
  0.4800E+03  0.0000E+00
  0.4810E+03  0.0000E+00
  0.4820E+03  0.0000E+00
  0.4830E+03  0.0000E+00
  0.4840E+03  0.0000E+00
  0.4850E+03  0.0000E+00
  0.4860E+03  0.0000E+00
  0.4870E+03  0.0000E+00
  0.4880E+03  0.0000E+00
  0.4890E+03  0.0000E+00
  0.4900E+03  0.0000E+00
  0.4910E+03  0.0000E+00
  0.4920E+03  0.0000E+00
  0.4930E+03  0.0000E+00
  0.4940E+03  0.0000E+00
  0.4950E+03  0.0000E+00
  0.4960E+03  0.0000E+00
  0.4970E+03  0.0000E+00
  0.4980E+03  0.0000E+00
  0.4990E+03  0.0000E+00
  0.5000E+03  0.0000E+00
  0.5010E+03  0.0000E+00
  0.5020E+03  0.0000E+00
  0.5030E+03  0.0000E+00
  0.5040E+03  0.0000E+00
  0.5050E+03  0.0000E+00
  0.5060E+03  0.0000E+00
  0.5070E+03  0.0000E+00
  0.5080E+03  0.0000E+00
  0.5090E+03  0.0000E+00
  0.5100E+03  0.0000E+00
  0.5110E+03  0.0000E+00
  0.5120E+03  0.0000E+00
