  0.1000E+01  0.1279E+02
  0.2000E+01  0.1424E+02
  0.3000E+01  0.1457E+02
  0.4000E+01  0.1440E+02
  0.5000E+01  0.1506E+02
  0.6000E+01  0.1432E+02
  0.7000E+01  0.1496E+02
  0.8000E+01  0.1453E+02
  0.9000E+01  0.1407E+02
  0.1000E+02  0.1428E+02
  0.1100E+02  0.1393E+02
  0.1200E+02  0.1368E+02
  0.1300E+02  0.1382E+02
  0.1400E+02  0.1391E+02
  0.1500E+02  0.1335E+02
  0.1600E+02  0.1391E+02
  0.1700E+02  0.1325E+02
  0.1800E+02  0.1319E+02
  0.1900E+02  0.1330E+02
  0.2000E+02  0.1322E+02
  0.2100E+02  0.1275E+02
  0.2200E+02  0.1265E+02
  0.2300E+02  0.1294E+02
  0.2400E+02  0.1303E+02
  0.2500E+02  0.1356E+02
  0.2600E+02  0.1433E+02
  0.2700E+02  0.1371E+02
  0.2800E+02  0.1448E+02
  0.2900E+02  0.1460E+02
  0.3000E+02  0.1557E+02
  0.3100E+02  0.1641E+02
  0.3200E+02  0.1642E+02
  0.3300E+02  0.1737E+02
  0.3400E+02  0.1797E+02
  0.3500E+02  0.1880E+02
  0.3600E+02  0.1931E+02
  0.3700E+02  0.1903E+02
  0.3800E+02  0.1979E+02
  0.3900E+02  0.1972E+02
  0.4000E+02  0.2000E+02
  0.4100E+02  0.2036E+02
  0.4200E+02  0.2011E+02
  0.4300E+02  0.1951E+02
  0.4400E+02  0.2036E+02
  0.4500E+02  0.1983E+02
  0.4600E+02  0.2019E+02
  0.4700E+02  0.1936E+02
  0.4800E+02  0.2036E+02
  0.4900E+02  0.2048E+02
  0.5000E+02  0.2045E+02
  0.5100E+02  0.2090E+02
  0.5200E+02  0.2139E+02
  0.5300E+02  0.2074E+02
  0.5400E+02  0.2108E+02
  0.5500E+02  0.2173E+02
  0.5600E+02  0.2125E+02
  0.5700E+02  0.2233E+02
  0.5800E+02  0.2234E+02
  0.5900E+02  0.2319E+02
  0.6000E+02  0.2364E+02
  0.6100E+02  0.2365E+02
  0.6200E+02  0.2492E+02
  0.6300E+02  0.2512E+02
  0.6400E+02  0.2579E+02
  0.6500E+02  0.2617E+02
  0.6600E+02  0.2762E+02
  0.6700E+02  0.2768E+02
  0.6800E+02  0.2768E+02
  0.6900E+02  0.2977E+02
  0.7000E+02  0.3059E+02
  0.7100E+02  0.3053E+02
  0.7200E+02  0.3139E+02
  0.7300E+02  0.3104E+02
  0.7400E+02  0.3209E+02
  0.7500E+02  0.3176E+02
  0.7600E+02  0.3315E+02
  0.7700E+02  0.3304E+02
  0.7800E+02  0.3357E+02
  0.7900E+02  0.3333E+02
  0.8000E+02  0.3375E+02
  0.8100E+02  0.3290E+02
  0.8200E+02  0.3401E+02
  0.8300E+02  0.3143E+02
  0.8400E+02  0.3232E+02
  0.8500E+02  0.3134E+02
  0.8600E+02  0.3118E+02
  0.8700E+02  0.2941E+02
  0.8800E+02  0.2843E+02
  0.8900E+02  0.2678E+02
  0.9000E+02  0.2609E+02
  0.9100E+02  0.2473E+02
  0.9200E+02  0.2292E+02
  0.9300E+02  0.2257E+02
  0.9400E+02  0.2098E+02
  0.9500E+02  0.2035E+02
  0.9600E+02  0.1947E+02
  0.9700E+02  0.1855E+02
  0.9800E+02  0.1829E+02
  0.9900E+02  0.1789E+02
  0.1000E+03  0.1680E+02
  0.1010E+03  0.1587E+02
  0.1020E+03  0.1477E+02
  0.1030E+03  0.1455E+02
  0.1040E+03  0.1396E+02
  0.1050E+03  0.1370E+02
  0.1060E+03  0.1322E+02
  0.1070E+03  0.1237E+02
  0.1080E+03  0.1228E+02
  0.1090E+03  0.1160E+02
  0.1100E+03  0.1096E+02
  0.1110E+03  0.1111E+02
  0.1120E+03  0.1056E+02
  0.1130E+03  0.9955E+01
  0.1140E+03  0.9447E+01
  0.1150E+03  0.9569E+01
  0.1160E+03  0.9364E+01
  0.1170E+03  0.8716E+01
  0.1180E+03  0.8748E+01
  0.1190E+03  0.8152E+01
  0.1200E+03  0.7604E+01
  0.1210E+03  0.7785E+01
  0.1220E+03  0.7421E+01
  0.1230E+03  0.7543E+01
  0.1240E+03  0.7048E+01
  0.1250E+03  0.6862E+01
  0.1260E+03  0.6782E+01
  0.1270E+03  0.6066E+01
  0.1280E+03  0.6203E+01
  0.1290E+03  0.6002E+01
  0.1300E+03  0.5458E+01
  0.1310E+03  0.5760E+01
  0.1320E+03  0.5661E+01
  0.1330E+03  0.5400E+01
  0.1340E+03  0.4984E+01
  0.1350E+03  0.5011E+01
  0.1360E+03  0.4477E+01
  0.1370E+03  0.4959E+01
  0.1380E+03  0.4361E+01
  0.1390E+03  0.4452E+01
  0.1400E+03  0.4338E+01
  0.1410E+03  0.4479E+01
  0.1420E+03  0.3745E+01
  0.1430E+03  0.3776E+01
  0.1440E+03  0.4175E+01
  0.1450E+03  0.3845E+01
  0.1460E+03  0.3559E+01
  0.1470E+03  0.3646E+01
  0.1480E+03  0.3562E+01
  0.1490E+03  0.3687E+01
  0.1500E+03  0.3394E+01
  0.1510E+03  0.3097E+01
  0.1520E+03  0.3038E+01
  0.1530E+03  0.2951E+01
  0.1540E+03  0.2722E+01
  0.1550E+03  0.2627E+01
  0.1560E+03  0.2658E+01
  0.1570E+03  0.2836E+01
  0.1580E+03  0.2448E+01
  0.1590E+03  0.2540E+01
  0.1600E+03  0.2449E+01
  0.1610E+03  0.2207E+01
  0.1620E+03  0.2357E+01
  0.1630E+03  0.2175E+01
  0.1640E+03  0.2072E+01
  0.1650E+03  0.2228E+01
  0.1660E+03  0.2203E+01
  0.1670E+03  0.1911E+01
  0.1680E+03  0.2123E+01
  0.1690E+03  0.1728E+01
  0.1700E+03  0.1901E+01
  0.1710E+03  0.1719E+01
  0.1720E+03  0.1716E+01
  0.1730E+03  0.1848E+01
  0.1740E+03  0.1769E+01
  0.1750E+03  0.1733E+01
  0.1760E+03  0.1548E+01
  0.1770E+03  0.1725E+01
  0.1780E+03  0.1590E+01
  0.1790E+03  0.1433E+01
  0.1800E+03  0.1507E+01
  0.1810E+03  0.1352E+01
  0.1820E+03  0.1487E+01
  0.1830E+03  0.1296E+01
  0.1840E+03  0.1181E+01
  0.1850E+03  0.1461E+01
  0.1860E+03  0.1188E+01
  0.1870E+03  0.1232E+01
  0.1880E+03  0.1008E+01
  0.1890E+03  0.1155E+01
  0.1900E+03  0.1015E+01
  0.1910E+03  0.9818E+00
  0.1920E+03  0.1022E+01
  0.1930E+03  0.8800E+00
  0.1940E+03  0.1091E+01
  0.1950E+03  0.8342E+00
  0.1960E+03  0.8194E+00
  0.1970E+03  0.7521E+00
  0.1980E+03  0.9451E+00
  0.1990E+03  0.7997E+00
  0.2000E+03  0.7195E+00
  0.2010E+03  0.7514E+00
  0.2020E+03  0.7307E+00
  0.2030E+03  0.6123E+00
  0.2040E+03  0.6468E+00
  0.2050E+03  0.7085E+00
  0.2060E+03  0.5819E+00
  0.2070E+03  0.4748E+00
  0.2080E+03  0.5507E+00
  0.2090E+03  0.6470E+00
  0.2100E+03  0.5488E+00
  0.2110E+03  0.4438E+00
  0.2120E+03  0.5406E+00
  0.2130E+03  0.5933E+00
  0.2140E+03  0.4623E+00
  0.2150E+03  0.5094E+00
  0.2160E+03  0.4152E+00
  0.2170E+03  0.4600E+00
  0.2180E+03  0.3971E+00
  0.2190E+03  0.4062E+00
  0.2200E+03  0.3819E+00
  0.2210E+03  0.3997E+00
  0.2220E+03  0.3272E+00
  0.2230E+03  0.3093E+00
  0.2240E+03  0.3154E+00
  0.2250E+03  0.3439E+00
  0.2260E+03  0.4290E+00
  0.2270E+03  0.2297E+00
  0.2280E+03  0.2749E+00
  0.2290E+03  0.2703E+00
  0.2300E+03  0.3316E+00
  0.2310E+03  0.2740E+00
  0.2320E+03  0.2987E+00
  0.2330E+03  0.2497E+00
  0.2340E+03  0.2194E+00
  0.2350E+03  0.2071E+00
  0.2360E+03  0.2238E+00
  0.2370E+03  0.1631E+00
  0.2380E+03  0.1576E+00
  0.2390E+03  0.1472E+00
  0.2400E+03  0.1664E+00
  0.2410E+03  0.1886E+00
  0.2420E+03  0.3396E+00
  0.2430E+03  0.2538E+00
  0.2440E+03  0.1365E+00
  0.2450E+03  0.1317E+00
  0.2460E+03  0.1351E+00
  0.2470E+03  0.1220E+00
  0.2480E+03  0.7967E-01
  0.2490E+03  0.1339E+00
  0.2500E+03  0.1481E+00
  0.2510E+03  0.1217E+00
  0.2520E+03  0.4227E-01
  0.2530E+03  0.1129E+00
  0.2540E+03  0.1288E+00
  0.2550E+03  0.1355E+00
  0.2560E+03  0.5351E-01
  0.2570E+03  0.1029E+00
  0.2580E+03  0.1525E+00
  0.2590E+03  0.7077E-01
  0.2600E+03  0.8376E-01
  0.2610E+03  0.2942E-01
  0.2620E+03  0.5125E-01
  0.2630E+03  0.1334E+00
  0.2640E+03  0.1069E+00
  0.2650E+03  0.3213E-01
  0.2660E+03  0.5065E-01
  0.2670E+03  0.2358E-01
  0.2680E+03  0.7578E-01
  0.2690E+03  0.2967E-01
  0.2700E+03  0.3060E-01
  0.2710E+03  0.5965E-01
  0.2720E+03  0.2212E-01
  0.2730E+03  0.4985E-01
  0.2740E+03  0.4986E-01
  0.2750E+03  0.3290E-01
  0.2760E+03  0.4782E-01
  0.2770E+03  0.6224E-01
  0.2780E+03  0.5060E-01
  0.2790E+03  0.7707E-01
  0.2800E+03  0.0000E+00
  0.2810E+03  0.4199E-01
  0.2820E+03  0.4067E-01
  0.2830E+03  0.3596E-01
  0.2840E+03  0.6424E-01
  0.2850E+03  0.4480E-01
  0.2860E+03  0.4751E-01
  0.2870E+03  0.8560E-01
  0.2880E+03  0.2783E-01
  0.2890E+03  0.8128E-01
  0.2900E+03  0.3991E-01
  0.2910E+03  0.3512E-01
  0.2920E+03  0.5996E-01
  0.2930E+03  0.6191E-01
  0.2940E+03  0.2948E-01
  0.2950E+03  0.5354E-02
  0.2960E+03  0.3275E-01
  0.2970E+03  0.0000E+00
  0.2980E+03  0.2621E-01
  0.2990E+03  0.9990E-02
  0.3000E+03  0.1432E-01
  0.3010E+03  0.1787E-01
  0.3020E+03  0.2573E-01
  0.3030E+03  0.1978E-01
  0.3040E+03  0.8412E-02
  0.3050E+03  0.3011E-01
  0.3060E+03  0.2109E-02
  0.3070E+03  0.4673E-01
  0.3080E+03  0.2279E-01
  0.3090E+03  0.2042E-01
  0.3100E+03  0.9355E-02
  0.3110E+03  0.7492E-02
  0.3120E+03  0.2029E-01
  0.3130E+03  0.4892E-01
  0.3140E+03  0.5883E-03
  0.3150E+03  0.2656E-03
  0.3160E+03  0.1293E-01
  0.3170E+03  0.3501E-02
  0.3180E+03  0.1662E-01
  0.3190E+03  0.1723E-01
  0.3200E+03  0.1022E-01
  0.3210E+03  0.0000E+00
  0.3220E+03  0.0000E+00
  0.3230E+03  0.1682E-01
  0.3240E+03  0.7506E-02
  0.3250E+03  0.1678E-01
  0.3260E+03  0.2402E-02
  0.3270E+03  0.2490E-02
  0.3280E+03  0.1574E-01
  0.3290E+03  0.1048E-01
  0.3300E+03  0.1322E-01
  0.3310E+03  0.0000E+00
  0.3320E+03  0.1328E-01
  0.3330E+03  0.8136E-02
  0.3340E+03  0.4623E-02
  0.3350E+03  0.1068E-01
  0.3360E+03  0.1516E-01
  0.3370E+03  0.1594E-01
  0.3380E+03  0.0000E+00
  0.3390E+03  0.0000E+00
  0.3400E+03  0.1432E-01
  0.3410E+03  0.1012E-01
  0.3420E+03  0.3694E-02
  0.3430E+03  0.0000E+00
  0.3440E+03  0.3660E-01
  0.3450E+03  0.0000E+00
  0.3460E+03  0.0000E+00
  0.3470E+03  0.0000E+00
  0.3480E+03  0.1575E-01
  0.3490E+03  0.0000E+00
  0.3500E+03  0.3348E-01
  0.3510E+03  0.0000E+00
  0.3520E+03  0.0000E+00
  0.3530E+03  0.1017E-01
  0.3540E+03  0.0000E+00
  0.3550E+03  0.0000E+00
  0.3560E+03  0.0000E+00
  0.3570E+03  0.0000E+00
  0.3580E+03  0.0000E+00
  0.3590E+03  0.0000E+00
  0.3600E+03  0.0000E+00
  0.3610E+03  0.9451E-02
  0.3620E+03  0.0000E+00
  0.3630E+03  0.0000E+00
  0.3640E+03  0.0000E+00
  0.3650E+03  0.0000E+00
  0.3660E+03  0.0000E+00
  0.3670E+03  0.0000E+00
  0.3680E+03  0.0000E+00
  0.3690E+03  0.8023E-03
  0.3700E+03  0.0000E+00
  0.3710E+03  0.0000E+00
  0.3720E+03  0.0000E+00
  0.3730E+03  0.0000E+00
  0.3740E+03  0.1050E-01
  0.3750E+03  0.0000E+00
  0.3760E+03  0.0000E+00
  0.3770E+03  0.0000E+00
  0.3780E+03  0.0000E+00
  0.3790E+03  0.0000E+00
  0.3800E+03  0.0000E+00
  0.3810E+03  0.0000E+00
  0.3820E+03  0.0000E+00
  0.3830E+03  0.0000E+00
  0.3840E+03  0.0000E+00
  0.3850E+03  0.0000E+00
  0.3860E+03  0.0000E+00
  0.3870E+03  0.0000E+00
  0.3880E+03  0.0000E+00
  0.3890E+03  0.0000E+00
  0.3900E+03  0.0000E+00
  0.3910E+03  0.0000E+00
  0.3920E+03  0.1154E-01
  0.3930E+03  0.0000E+00
  0.3940E+03  0.0000E+00
  0.3950E+03  0.0000E+00
  0.3960E+03  0.0000E+00
  0.3970E+03  0.0000E+00
  0.3980E+03  0.0000E+00
  0.3990E+03  0.0000E+00
  0.4000E+03  0.0000E+00
  0.4010E+03  0.0000E+00
  0.4020E+03  0.4706E-03
  0.4030E+03  0.0000E+00
  0.4040E+03  0.0000E+00
  0.4050E+03  0.0000E+00
  0.4060E+03  0.0000E+00
  0.4070E+03  0.0000E+00
  0.4080E+03  0.0000E+00
  0.4090E+03  0.0000E+00
  0.4100E+03  0.0000E+00
  0.4110E+03  0.0000E+00
  0.4120E+03  0.0000E+00
  0.4130E+03  0.0000E+00
  0.4140E+03  0.0000E+00
  0.4150E+03  0.0000E+00
  0.4160E+03  0.0000E+00
  0.4170E+03  0.0000E+00
  0.4180E+03  0.0000E+00
  0.4190E+03  0.0000E+00
  0.4200E+03  0.0000E+00
  0.4210E+03  0.0000E+00
  0.4220E+03  0.0000E+00
  0.4230E+03  0.0000E+00
  0.4240E+03  0.0000E+00
  0.4250E+03  0.0000E+00
  0.4260E+03  0.0000E+00
  0.4270E+03  0.0000E+00
  0.4280E+03  0.0000E+00
  0.4290E+03  0.0000E+00
  0.4300E+03  0.0000E+00
  0.4310E+03  0.0000E+00
  0.4320E+03  0.0000E+00
  0.4330E+03  0.0000E+00
  0.4340E+03  0.0000E+00
  0.4350E+03  0.0000E+00
  0.4360E+03  0.0000E+00
  0.4370E+03  0.0000E+00
  0.4380E+03  0.0000E+00
  0.4390E+03  0.0000E+00
  0.4400E+03  0.0000E+00
  0.4410E+03  0.0000E+00
  0.4420E+03  0.0000E+00
  0.4430E+03  0.0000E+00
  0.4440E+03  0.0000E+00
  0.4450E+03  0.0000E+00
  0.4460E+03  0.0000E+00
  0.4470E+03  0.0000E+00
  0.4480E+03  0.0000E+00
  0.4490E+03  0.0000E+00
  0.4500E+03  0.0000E+00
  0.4510E+03  0.0000E+00
  0.4520E+03  0.0000E+00
  0.4530E+03  0.0000E+00
  0.4540E+03  0.0000E+00
  0.4550E+03  0.0000E+00
  0.4560E+03  0.0000E+00
  0.4570E+03  0.0000E+00
  0.4580E+03  0.0000E+00
  0.4590E+03  0.0000E+00
  0.4600E+03  0.0000E+00
  0.4610E+03  0.0000E+00
  0.4620E+03  0.0000E+00
  0.4630E+03  0.0000E+00
  0.4640E+03  0.0000E+00
  0.4650E+03  0.0000E+00
  0.4660E+03  0.0000E+00
  0.4670E+03  0.0000E+00
  0.4680E+03  0.0000E+00
  0.4690E+03  0.0000E+00
  0.4700E+03  0.0000E+00
  0.4710E+03  0.0000E+00
  0.4720E+03  0.0000E+00
  0.4730E+03  0.0000E+00
  0.4740E+03  0.0000E+00
  0.4750E+03  0.0000E+00
  0.4760E+03  0.0000E+00
  0.4770E+03  0.0000E+00
  0.4780E+03  0.0000E+00
  0.4790E+03  0.0000E+00
  0.4800E+03  0.0000E+00
  0.4810E+03  0.0000E+00
  0.4820E+03  0.0000E+00
  0.4830E+03  0.0000E+00
  0.4840E+03  0.0000E+00
  0.4850E+03  0.0000E+00
  0.4860E+03  0.0000E+00
  0.4870E+03  0.0000E+00
  0.4880E+03  0.0000E+00
  0.4890E+03  0.0000E+00
  0.4900E+03  0.0000E+00
  0.4910E+03  0.0000E+00
  0.4920E+03  0.0000E+00
  0.4930E+03  0.0000E+00
  0.4940E+03  0.0000E+00
  0.4950E+03  0.0000E+00
  0.4960E+03  0.0000E+00
  0.4970E+03  0.0000E+00
  0.4980E+03  0.0000E+00
  0.4990E+03  0.0000E+00
  0.5000E+03  0.0000E+00
  0.5010E+03  0.0000E+00
  0.5020E+03  0.0000E+00
  0.5030E+03  0.0000E+00
  0.5040E+03  0.0000E+00
  0.5050E+03  0.0000E+00
  0.5060E+03  0.0000E+00
  0.5070E+03  0.0000E+00
  0.5080E+03  0.0000E+00
  0.5090E+03  0.0000E+00
  0.5100E+03  0.0000E+00
  0.5110E+03  0.0000E+00
  0.5120E+03  0.0000E+00
