  0.1000E+01  0.2158E+01
  0.2000E+01  0.1548E+01
  0.3000E+01  0.1193E+01
  0.4000E+01  0.1013E+01
  0.5000E+01  0.8330E+00
  0.6000E+01  0.6857E+00
  0.7000E+01  0.5414E+00
  0.8000E+01  0.4222E+00
  0.9000E+01  0.3473E+00
  0.1000E+02  0.5218E+00
  0.1100E+02  0.4438E+01
  0.1200E+02  0.2929E+02
  0.1300E+02  0.8375E+02
  0.1400E+02  0.1092E+03
  0.1500E+02  0.7939E+02
  0.1600E+02  0.4548E+02
  0.1700E+02  0.1950E+02
  0.1800E+02  0.4853E+01
  0.1900E+02  0.1095E+01
  0.2000E+02  0.1002E+01
  0.2100E+02  0.1482E+01
  0.2200E+02  0.2025E+01
  0.2300E+02  0.2556E+01
  0.2400E+02  0.3199E+01
  0.2500E+02  0.3834E+01
  0.2600E+02  0.4493E+01
  0.2700E+02  0.5080E+01
  0.2800E+02  0.5399E+01
  0.2900E+02  0.5160E+01
  0.3000E+02  0.4204E+01
  0.3100E+02  0.2873E+01
  0.3200E+02  0.1595E+01
  0.3300E+02  0.7829E+00
  0.3400E+02  0.3701E+00
  0.3500E+02  0.2479E+00
  0.3600E+02  0.1914E+00
  0.3700E+02  0.1749E+00
  0.3800E+02  0.1721E+00
  0.3900E+02  0.1690E+00
  0.4000E+02  0.1739E+00
  0.4100E+02  0.1836E+00
  0.4200E+02  0.2019E+00
  0.4300E+02  0.2137E+00
  0.4400E+02  0.2392E+00
  0.4500E+02  0.2658E+00
  0.4600E+02  0.2997E+00
  0.4700E+02  0.3195E+00
  0.4800E+02  0.3453E+00
  0.4900E+02  0.3364E+00
  0.5000E+02  0.3204E+00
  0.5100E+02  0.3051E+00
  0.5200E+02  0.2825E+00
  0.5300E+02  0.2889E+00
  0.5400E+02  0.2813E+00
  0.5500E+02  0.3108E+00
  0.5600E+02  0.3907E+00
  0.5700E+02  0.5638E+00
  0.5800E+02  0.9112E+00
  0.5900E+02  0.1414E+01
  0.6000E+02  0.2238E+01
  0.6100E+02  0.3268E+01
  0.6200E+02  0.4370E+01
  0.6300E+02  0.5524E+01
  0.6400E+02  0.6276E+01
  0.6500E+02  0.6712E+01
  0.6600E+02  0.6675E+01
  0.6700E+02  0.6433E+01
  0.6800E+02  0.6375E+01
  0.6900E+02  0.7194E+01
  0.7000E+02  0.1007E+02
  0.7100E+02  0.1647E+02
  0.7200E+02  0.2866E+02
  0.7300E+02  0.4890E+02
  0.7400E+02  0.7893E+02
  0.7500E+02  0.1186E+03
  0.7600E+02  0.1646E+03
  0.7700E+02  0.2105E+03
  0.7800E+02  0.2486E+03
  0.7900E+02  0.2692E+03
  0.8000E+02  0.2680E+03
  0.8100E+02  0.2461E+03
  0.8200E+02  0.2075E+03
  0.8300E+02  0.1610E+03
  0.8400E+02  0.1147E+03
  0.8500E+02  0.7517E+02
  0.8600E+02  0.4513E+02
  0.8700E+02  0.2497E+02
  0.8800E+02  0.1273E+02
  0.8900E+02  0.6017E+01
  0.9000E+02  0.2606E+01
  0.9100E+02  0.1096E+01
  0.9200E+02  0.4640E+00
  0.9300E+02  0.2291E+00
  0.9400E+02  0.1524E+00
  0.9500E+02  0.1240E+00
  0.9600E+02  0.1100E+00
  0.9700E+02  0.1056E+00
  0.9800E+02  0.9480E-01
  0.9900E+02  0.7836E-01
  0.1000E+03  0.6999E-01
  0.1010E+03  0.6401E-01
  0.1020E+03  0.5392E-01
  0.1030E+03  0.4588E-01
  0.1040E+03  0.3634E-01
  0.1050E+03  0.3346E-01
  0.1060E+03  0.3022E-01
  0.1070E+03  0.3273E-01
  0.1080E+03  0.2815E-01
  0.1090E+03  0.2726E-01
  0.1100E+03  0.3108E-01
  0.1110E+03  0.2691E-01
  0.1120E+03  0.3088E-01
  0.1130E+03  0.3495E-01
  0.1140E+03  0.3664E-01
  0.1150E+03  0.4771E-01
  0.1160E+03  0.5424E-01
  0.1170E+03  0.7074E-01
  0.1180E+03  0.7968E-01
  0.1190E+03  0.9041E-01
  0.1200E+03  0.1070E+00
  0.1210E+03  0.1109E+00
  0.1220E+03  0.1341E+00
  0.1230E+03  0.1435E+00
  0.1240E+03  0.1402E+00
  0.1250E+03  0.1471E+00
  0.1260E+03  0.1490E+00
  0.1270E+03  0.1441E+00
  0.1280E+03  0.1311E+00
  0.1290E+03  0.1190E+00
  0.1300E+03  0.1174E+00
  0.1310E+03  0.1112E+00
  0.1320E+03  0.1097E+00
  0.1330E+03  0.1072E+00
  0.1340E+03  0.1153E+00
  0.1350E+03  0.1292E+00
  0.1360E+03  0.1324E+00
  0.1370E+03  0.1445E+00
  0.1380E+03  0.1505E+00
  0.1390E+03  0.1577E+00
  0.1400E+03  0.1626E+00
  0.1410E+03  0.1601E+00
  0.1420E+03  0.1603E+00
  0.1430E+03  0.1543E+00
  0.1440E+03  0.1441E+00
  0.1450E+03  0.1411E+00
  0.1460E+03  0.1294E+00
  0.1470E+03  0.1252E+00
  0.1480E+03  0.1184E+00
  0.1490E+03  0.1015E+00
  0.1500E+03  0.1148E+00
  0.1510E+03  0.1032E+00
  0.1520E+03  0.1010E+00
  0.1530E+03  0.1021E+00
  0.1540E+03  0.1074E+00
  0.1550E+03  0.1099E+00
  0.1560E+03  0.1174E+00
  0.1570E+03  0.1234E+00
  0.1580E+03  0.1183E+00
  0.1590E+03  0.1293E+00
  0.1600E+03  0.1393E+00
  0.1610E+03  0.1440E+00
  0.1620E+03  0.1591E+00
  0.1630E+03  0.1634E+00
  0.1640E+03  0.1772E+00
  0.1650E+03  0.1876E+00
  0.1660E+03  0.1932E+00
  0.1670E+03  0.2057E+00
  0.1680E+03  0.2115E+00
  0.1690E+03  0.2172E+00
  0.1700E+03  0.2220E+00
  0.1710E+03  0.2280E+00
  0.1720E+03  0.2256E+00
  0.1730E+03  0.2202E+00
  0.1740E+03  0.2236E+00
  0.1750E+03  0.2117E+00
  0.1760E+03  0.1932E+00
  0.1770E+03  0.1781E+00
  0.1780E+03  0.1642E+00
  0.1790E+03  0.1578E+00
  0.1800E+03  0.1505E+00
  0.1810E+03  0.1164E+00
  0.1820E+03  0.1071E+00
  0.1830E+03  0.8479E-01
  0.1840E+03  0.7956E-01
  0.1850E+03  0.7291E-01
  0.1860E+03  0.5875E-01
  0.1870E+03  0.4699E-01
  0.1880E+03  0.4157E-01
  0.1890E+03  0.3727E-01
  0.1900E+03  0.3457E-01
  0.1910E+03  0.3152E-01
  0.1920E+03  0.2928E-01
  0.1930E+03  0.2350E-01
  0.1940E+03  0.2015E-01
  0.1950E+03  0.2047E-01
  0.1960E+03  0.2442E-01
  0.1970E+03  0.2366E-01
  0.1980E+03  0.2054E-01
  0.1990E+03  0.2319E-01
  0.2000E+03  0.2646E-01
  0.2010E+03  0.3138E-01
  0.2020E+03  0.3048E-01
  0.2030E+03  0.3632E-01
  0.2040E+03  0.3892E-01
  0.2050E+03  0.4070E-01
  0.2060E+03  0.5286E-01
  0.2070E+03  0.6596E-01
  0.2080E+03  0.7804E-01
  0.2090E+03  0.8696E-01
  0.2100E+03  0.9967E-01
  0.2110E+03  0.1089E+00
  0.2120E+03  0.1219E+00
  0.2130E+03  0.1421E+00
  0.2140E+03  0.1562E+00
  0.2150E+03  0.1715E+00
  0.2160E+03  0.1849E+00
  0.2170E+03  0.1915E+00
  0.2180E+03  0.1874E+00
  0.2190E+03  0.1989E+00
  0.2200E+03  0.1975E+00
  0.2210E+03  0.2052E+00
  0.2220E+03  0.1991E+00
  0.2230E+03  0.1813E+00
  0.2240E+03  0.1784E+00
  0.2250E+03  0.1691E+00
  0.2260E+03  0.1554E+00
  0.2270E+03  0.1361E+00
  0.2280E+03  0.1154E+00
  0.2290E+03  0.1157E+00
  0.2300E+03  0.9800E-01
  0.2310E+03  0.8343E-01
  0.2320E+03  0.8192E-01
  0.2330E+03  0.7227E-01
  0.2340E+03  0.6458E-01
  0.2350E+03  0.5588E-01
  0.2360E+03  0.5536E-01
  0.2370E+03  0.4877E-01
  0.2380E+03  0.6188E-01
  0.2390E+03  0.5953E-01
  0.2400E+03  0.6218E-01
  0.2410E+03  0.6486E-01
  0.2420E+03  0.8439E-01
  0.2430E+03  0.9594E-01
  0.2440E+03  0.1063E+00
  0.2450E+03  0.1257E+00
  0.2460E+03  0.1337E+00
  0.2470E+03  0.1665E+00
  0.2480E+03  0.1881E+00
  0.2490E+03  0.1955E+00
  0.2500E+03  0.2306E+00
  0.2510E+03  0.2559E+00
  0.2520E+03  0.2758E+00
  0.2530E+03  0.3187E+00
  0.2540E+03  0.3334E+00
  0.2550E+03  0.3692E+00
  0.2560E+03  0.3876E+00
  0.2570E+03  0.4153E+00
  0.2580E+03  0.4419E+00
  0.2590E+03  0.4629E+00
  0.2600E+03  0.4876E+00
  0.2610E+03  0.4970E+00
  0.2620E+03  0.5268E+00
  0.2630E+03  0.5277E+00
  0.2640E+03  0.5303E+00
  0.2650E+03  0.5315E+00
  0.2660E+03  0.5235E+00
  0.2670E+03  0.5196E+00
  0.2680E+03  0.4996E+00
  0.2690E+03  0.4766E+00
  0.2700E+03  0.4618E+00
  0.2710E+03  0.4505E+00
  0.2720E+03  0.3873E+00
  0.2730E+03  0.3618E+00
  0.2740E+03  0.3438E+00
  0.2750E+03  0.3165E+00
  0.2760E+03  0.2727E+00
  0.2770E+03  0.2448E+00
  0.2780E+03  0.2165E+00
  0.2790E+03  0.1933E+00
  0.2800E+03  0.1641E+00
  0.2810E+03  0.1277E+00
  0.2820E+03  0.1178E+00
  0.2830E+03  0.1068E+00
  0.2840E+03  0.8601E-01
  0.2850E+03  0.6743E-01
  0.2860E+03  0.5581E-01
  0.2870E+03  0.4232E-01
  0.2880E+03  0.4006E-01
  0.2890E+03  0.3032E-01
  0.2900E+03  0.2719E-01
  0.2910E+03  0.2001E-01
  0.2920E+03  0.1758E-01
  0.2930E+03  0.1540E-01
  0.2940E+03  0.1300E-01
  0.2950E+03  0.1436E-01
  0.2960E+03  0.1380E-01
  0.2970E+03  0.1310E-01
  0.2980E+03  0.1549E-01
  0.2990E+03  0.1407E-01
  0.3000E+03  0.1113E-01
  0.3010E+03  0.1505E-01
  0.3020E+03  0.1626E-01
  0.3030E+03  0.1633E-01
  0.3040E+03  0.1686E-01
  0.3050E+03  0.1508E-01
  0.3060E+03  0.1897E-01
  0.3070E+03  0.1691E-01
  0.3080E+03  0.1863E-01
  0.3090E+03  0.1923E-01
  0.3100E+03  0.2056E-01
  0.3110E+03  0.1882E-01
  0.3120E+03  0.2399E-01
  0.3130E+03  0.1746E-01
  0.3140E+03  0.1582E-01
  0.3150E+03  0.1791E-01
  0.3160E+03  0.2276E-01
  0.3170E+03  0.1740E-01
  0.3180E+03  0.1609E-01
  0.3190E+03  0.1430E-01
  0.3200E+03  0.1589E-01
  0.3210E+03  0.1238E-01
  0.3220E+03  0.1205E-01
  0.3230E+03  0.1267E-01
  0.3240E+03  0.1159E-01
  0.3250E+03  0.9784E-02
  0.3260E+03  0.1022E-01
  0.3270E+03  0.1099E-01
  0.3280E+03  0.6384E-02
  0.3290E+03  0.6880E-02
  0.3300E+03  0.5333E-02
  0.3310E+03  0.6181E-02
  0.3320E+03  0.6663E-02
  0.3330E+03  0.6154E-02
  0.3340E+03  0.6422E-02
  0.3350E+03  0.5964E-02
  0.3360E+03  0.5411E-02
  0.3370E+03  0.6634E-02
  0.3380E+03  0.6142E-02
  0.3390E+03  0.5689E-02
  0.3400E+03  0.6811E-02
  0.3410E+03  0.7503E-02
  0.3420E+03  0.6935E-02
  0.3430E+03  0.6606E-02
  0.3440E+03  0.7191E-02
  0.3450E+03  0.6752E-02
  0.3460E+03  0.8011E-02
  0.3470E+03  0.8206E-02
  0.3480E+03  0.8115E-02
  0.3490E+03  0.8117E-02
  0.3500E+03  0.9864E-02
  0.3510E+03  0.8230E-02
  0.3520E+03  0.8142E-02
  0.3530E+03  0.9067E-02
  0.3540E+03  0.1053E-01
  0.3550E+03  0.8219E-02
  0.3560E+03  0.9859E-02
  0.3570E+03  0.1009E-01
  0.3580E+03  0.1134E-01
  0.3590E+03  0.1014E-01
  0.3600E+03  0.9428E-02
  0.3610E+03  0.1156E-01
  0.3620E+03  0.1043E-01
  0.3630E+03  0.1294E-01
  0.3640E+03  0.1038E-01
  0.3650E+03  0.1196E-01
  0.3660E+03  0.1364E-01
  0.3670E+03  0.1382E-01
  0.3680E+03  0.1183E-01
  0.3690E+03  0.1036E-01
  0.3700E+03  0.1270E-01
  0.3710E+03  0.1433E-01
  0.3720E+03  0.1282E-01
  0.3730E+03  0.1457E-01
  0.3740E+03  0.1332E-01
  0.3750E+03  0.1458E-01
  0.3760E+03  0.1578E-01
  0.3770E+03  0.1382E-01
  0.3780E+03  0.1226E-01
  0.3790E+03  0.1227E-01
  0.3800E+03  0.9988E-02
  0.3810E+03  0.9948E-02
  0.3820E+03  0.1196E-01
  0.3830E+03  0.1345E-01
  0.3840E+03  0.1327E-01
  0.3850E+03  0.1244E-01
  0.3860E+03  0.1164E-01
  0.3870E+03  0.1040E-01
  0.3880E+03  0.1115E-01
  0.3890E+03  0.1032E-01
  0.3900E+03  0.9592E-02
  0.3910E+03  0.1123E-01
  0.3920E+03  0.9939E-02
  0.3930E+03  0.1052E-01
  0.3940E+03  0.1007E-01
  0.3950E+03  0.7715E-02
  0.3960E+03  0.1102E-01
  0.3970E+03  0.7998E-02
  0.3980E+03  0.6591E-02
  0.3990E+03  0.7546E-02
  0.4000E+03  0.7584E-02
  0.4010E+03  0.6667E-02
  0.4020E+03  0.6970E-02
  0.4030E+03  0.6843E-02
  0.4040E+03  0.5748E-02
  0.4050E+03  0.4373E-02
  0.4060E+03  0.4236E-02
  0.4070E+03  0.4146E-02
  0.4080E+03  0.3723E-02
  0.4090E+03  0.3193E-02
  0.4100E+03  0.4121E-02
  0.4110E+03  0.3529E-02
  0.4120E+03  0.2532E-02
  0.4130E+03  0.2861E-02
  0.4140E+03  0.1977E-02
  0.4150E+03  0.1721E-02
  0.4160E+03  0.9842E-03
  0.4170E+03  0.1550E-02
  0.4180E+03  0.1175E-02
  0.4190E+03  0.1111E-02
  0.4200E+03  0.6589E-03
  0.4210E+03  0.1493E-02
  0.4220E+03  0.1069E-02
  0.4230E+03  0.8965E-03
  0.4240E+03  0.7313E-03
  0.4250E+03  0.5544E-03
  0.4260E+03  0.6518E-03
  0.4270E+03  0.4175E-03
  0.4280E+03  0.2874E-03
  0.4290E+03  0.5658E-04
  0.4300E+03  0.1536E-03
  0.4310E+03  0.6340E-04
  0.4320E+03  0.4004E-03
  0.4330E+03  0.4666E-03
  0.4340E+03  0.1784E-03
  0.4350E+03  0.1873E-03
  0.4360E+03  0.2371E-03
  0.4370E+03  0.1500E-03
  0.4380E+03  0.5127E-03
  0.4390E+03  0.1548E-03
  0.4400E+03  0.3336E-03
  0.4410E+03  0.1458E-03
  0.4420E+03  0.2747E-03
  0.4430E+03  0.6902E-03
  0.4440E+03  0.1345E-03
  0.4450E+03  0.2786E-03
  0.4460E+03  0.6050E-03
  0.4470E+03  0.5103E-03
  0.4480E+03  0.4092E-03
  0.4490E+03  0.4057E-03
  0.4500E+03  0.2501E-03
  0.4510E+03  0.2425E-03
  0.4520E+03  0.1243E-03
  0.4530E+03  0.3854E-03
  0.4540E+03  0.2971E-03
  0.4550E+03  0.0000E+00
  0.4560E+03  0.2014E-03
  0.4570E+03  0.3592E-03
  0.4580E+03  0.3671E-03
  0.4590E+03  0.8804E-03
  0.4600E+03  0.3831E-03
  0.4610E+03  0.2498E-03
  0.4620E+03  0.2065E-03
  0.4630E+03  0.1473E-03
  0.4640E+03  0.2760E-03
  0.4650E+03  0.3036E-03
  0.4660E+03  0.5473E-04
  0.4670E+03  0.3161E-03
  0.4680E+03  0.7467E-04
  0.4690E+03  0.0000E+00
  0.4700E+03  0.2100E-03
  0.4710E+03  0.0000E+00
  0.4720E+03  0.0000E+00
  0.4730E+03  0.3560E-03
  0.4740E+03  0.2260E-03
  0.4750E+03  0.7473E-04
  0.4760E+03  0.0000E+00
  0.4770E+03  0.0000E+00
  0.4780E+03  0.0000E+00
  0.4790E+03  0.0000E+00
  0.4800E+03  0.0000E+00
  0.4810E+03  0.6789E-04
  0.4820E+03  0.0000E+00
  0.4830E+03  0.0000E+00
  0.4840E+03  0.0000E+00
  0.4850E+03  0.6453E-04
  0.4860E+03  0.3522E-03
  0.4870E+03  0.0000E+00
  0.4880E+03  0.0000E+00
  0.4890E+03  0.0000E+00
  0.4900E+03  0.0000E+00
  0.4910E+03  0.0000E+00
  0.4920E+03  0.1428E-03
  0.4930E+03  0.0000E+00
  0.4940E+03  0.0000E+00
  0.4950E+03  0.3110E-04
  0.4960E+03  0.0000E+00
  0.4970E+03  0.0000E+00
  0.4980E+03  0.7755E-04
  0.4990E+03  0.1459E-04
  0.5000E+03  0.0000E+00
  0.5010E+03  0.1034E-03
  0.5020E+03  0.0000E+00
  0.5030E+03  0.2579E-04
  0.5040E+03  0.8217E-04
  0.5050E+03  0.2546E-04
  0.5060E+03  0.1007E-03
  0.5070E+03  0.1400E-03
  0.5080E+03  0.0000E+00
  0.5090E+03  0.2920E-03
  0.5100E+03  0.0000E+00
  0.5110E+03  0.0000E+00
  0.5120E+03  0.0000E+00
