  0.1000E+01  0.9894E+01
  0.2000E+01  0.1125E+02
  0.3000E+01  0.1167E+02
  0.4000E+01  0.1185E+02
  0.5000E+01  0.1212E+02
  0.6000E+01  0.1186E+02
  0.7000E+01  0.1220E+02
  0.8000E+01  0.1231E+02
  0.9000E+01  0.1226E+02
  0.1000E+02  0.1223E+02
  0.1100E+02  0.1246E+02
  0.1200E+02  0.1261E+02
  0.1300E+02  0.1299E+02
  0.1400E+02  0.1388E+02
  0.1500E+02  0.1347E+02
  0.1600E+02  0.1323E+02
  0.1700E+02  0.1247E+02
  0.1800E+02  0.1231E+02
  0.1900E+02  0.1211E+02
  0.2000E+02  0.1236E+02
  0.2100E+02  0.1218E+02
  0.2200E+02  0.1202E+02
  0.2300E+02  0.1253E+02
  0.2400E+02  0.1246E+02
  0.2500E+02  0.1252E+02
  0.2600E+02  0.1274E+02
  0.2700E+02  0.1286E+02
  0.2800E+02  0.1220E+02
  0.2900E+02  0.1259E+02
  0.3000E+02  0.1265E+02
  0.3100E+02  0.1231E+02
  0.3200E+02  0.1204E+02
  0.3300E+02  0.1225E+02
  0.3400E+02  0.1200E+02
  0.3500E+02  0.1198E+02
  0.3600E+02  0.1185E+02
  0.3700E+02  0.1173E+02
  0.3800E+02  0.1199E+02
  0.3900E+02  0.1192E+02
  0.4000E+02  0.1205E+02
  0.4100E+02  0.1220E+02
  0.4200E+02  0.1185E+02
  0.4300E+02  0.1251E+02
  0.4400E+02  0.1211E+02
  0.4500E+02  0.1235E+02
  0.4600E+02  0.1246E+02
  0.4700E+02  0.1248E+02
  0.4800E+02  0.1258E+02
  0.4900E+02  0.1225E+02
  0.5000E+02  0.1219E+02
  0.5100E+02  0.1279E+02
  0.5200E+02  0.1265E+02
  0.5300E+02  0.1269E+02
  0.5400E+02  0.1296E+02
  0.5500E+02  0.1328E+02
  0.5600E+02  0.1279E+02
  0.5700E+02  0.1308E+02
  0.5800E+02  0.1337E+02
  0.5900E+02  0.1348E+02
  0.6000E+02  0.1358E+02
  0.6100E+02  0.1394E+02
  0.6200E+02  0.1392E+02
  0.6300E+02  0.1481E+02
  0.6400E+02  0.1480E+02
  0.6500E+02  0.1536E+02
  0.6600E+02  0.1553E+02
  0.6700E+02  0.1620E+02
  0.6800E+02  0.1664E+02
  0.6900E+02  0.1739E+02
  0.7000E+02  0.1817E+02
  0.7100E+02  0.1927E+02
  0.7200E+02  0.2150E+02
  0.7300E+02  0.2385E+02
  0.7400E+02  0.2767E+02
  0.7500E+02  0.3152E+02
  0.7600E+02  0.3570E+02
  0.7700E+02  0.4094E+02
  0.7800E+02  0.4440E+02
  0.7900E+02  0.4615E+02
  0.8000E+02  0.4574E+02
  0.8100E+02  0.4215E+02
  0.8200E+02  0.3833E+02
  0.8300E+02  0.3364E+02
  0.8400E+02  0.2915E+02
  0.8500E+02  0.2486E+02
  0.8600E+02  0.2202E+02
  0.8700E+02  0.2052E+02
  0.8800E+02  0.1991E+02
  0.8900E+02  0.1918E+02
  0.9000E+02  0.1928E+02
  0.9100E+02  0.1953E+02
  0.9200E+02  0.1996E+02
  0.9300E+02  0.2003E+02
  0.9400E+02  0.2030E+02
  0.9500E+02  0.2079E+02
  0.9600E+02  0.2111E+02
  0.9700E+02  0.2130E+02
  0.9800E+02  0.2185E+02
  0.9900E+02  0.2236E+02
  0.1000E+03  0.2218E+02
  0.1010E+03  0.2292E+02
  0.1020E+03  0.2301E+02
  0.1030E+03  0.2416E+02
  0.1040E+03  0.2464E+02
  0.1050E+03  0.2462E+02
  0.1060E+03  0.2526E+02
  0.1070E+03  0.2551E+02
  0.1080E+03  0.2654E+02
  0.1090E+03  0.2712E+02
  0.1100E+03  0.2700E+02
  0.1110E+03  0.2820E+02
  0.1120E+03  0.2801E+02
  0.1130E+03  0.2853E+02
  0.1140E+03  0.2937E+02
  0.1150E+03  0.2913E+02
  0.1160E+03  0.3028E+02
  0.1170E+03  0.3096E+02
  0.1180E+03  0.3143E+02
  0.1190E+03  0.3172E+02
  0.1200E+03  0.3274E+02
  0.1210E+03  0.3291E+02
  0.1220E+03  0.3387E+02
  0.1230E+03  0.3447E+02
  0.1240E+03  0.3430E+02
  0.1250E+03  0.3479E+02
  0.1260E+03  0.3466E+02
  0.1270E+03  0.3549E+02
  0.1280E+03  0.3685E+02
  0.1290E+03  0.3644E+02
  0.1300E+03  0.3688E+02
  0.1310E+03  0.3675E+02
  0.1320E+03  0.3720E+02
  0.1330E+03  0.3789E+02
  0.1340E+03  0.3853E+02
  0.1350E+03  0.3858E+02
  0.1360E+03  0.3862E+02
  0.1370E+03  0.3948E+02
  0.1380E+03  0.3945E+02
  0.1390E+03  0.4009E+02
  0.1400E+03  0.4037E+02
  0.1410E+03  0.4024E+02
  0.1420E+03  0.3983E+02
  0.1430E+03  0.4012E+02
  0.1440E+03  0.4082E+02
  0.1450E+03  0.4051E+02
  0.1460E+03  0.3963E+02
  0.1470E+03  0.4046E+02
  0.1480E+03  0.4101E+02
  0.1490E+03  0.4087E+02
  0.1500E+03  0.4058E+02
  0.1510E+03  0.4209E+02
  0.1520E+03  0.4107E+02
  0.1530E+03  0.4183E+02
  0.1540E+03  0.4148E+02
  0.1550E+03  0.4215E+02
  0.1560E+03  0.4278E+02
  0.1570E+03  0.4198E+02
  0.1580E+03  0.4321E+02
  0.1590E+03  0.4329E+02
  0.1600E+03  0.4352E+02
  0.1610E+03  0.4412E+02
  0.1620E+03  0.4377E+02
  0.1630E+03  0.4471E+02
  0.1640E+03  0.4469E+02
  0.1650E+03  0.4552E+02
  0.1660E+03  0.4613E+02
  0.1670E+03  0.4551E+02
  0.1680E+03  0.4647E+02
  0.1690E+03  0.4680E+02
  0.1700E+03  0.4660E+02
  0.1710E+03  0.4589E+02
  0.1720E+03  0.4655E+02
  0.1730E+03  0.4621E+02
  0.1740E+03  0.4587E+02
  0.1750E+03  0.4607E+02
  0.1760E+03  0.4507E+02
  0.1770E+03  0.4506E+02
  0.1780E+03  0.4425E+02
  0.1790E+03  0.4394E+02
  0.1800E+03  0.4289E+02
  0.1810E+03  0.4229E+02
  0.1820E+03  0.4126E+02
  0.1830E+03  0.4151E+02
  0.1840E+03  0.4024E+02
  0.1850E+03  0.4120E+02
  0.1860E+03  0.4041E+02
  0.1870E+03  0.4016E+02
  0.1880E+03  0.3926E+02
  0.1890E+03  0.4008E+02
  0.1900E+03  0.3988E+02
  0.1910E+03  0.4004E+02
  0.1920E+03  0.3964E+02
  0.1930E+03  0.3981E+02
  0.1940E+03  0.4041E+02
  0.1950E+03  0.4027E+02
  0.1960E+03  0.4017E+02
  0.1970E+03  0.3953E+02
  0.1980E+03  0.4036E+02
  0.1990E+03  0.4021E+02
  0.2000E+03  0.4059E+02
  0.2010E+03  0.4119E+02
  0.2020E+03  0.4101E+02
  0.2030E+03  0.4130E+02
  0.2040E+03  0.4138E+02
  0.2050E+03  0.4220E+02
  0.2060E+03  0.4229E+02
  0.2070E+03  0.4276E+02
  0.2080E+03  0.4330E+02
  0.2090E+03  0.4397E+02
  0.2100E+03  0.4402E+02
  0.2110E+03  0.4560E+02
  0.2120E+03  0.4624E+02
  0.2130E+03  0.4698E+02
  0.2140E+03  0.4667E+02
  0.2150E+03  0.4754E+02
  0.2160E+03  0.4746E+02
  0.2170E+03  0.4728E+02
  0.2180E+03  0.4817E+02
  0.2190E+03  0.4794E+02
  0.2200E+03  0.4833E+02
  0.2210E+03  0.4743E+02
  0.2220E+03  0.4656E+02
  0.2230E+03  0.4608E+02
  0.2240E+03  0.4564E+02
  0.2250E+03  0.4418E+02
  0.2260E+03  0.4299E+02
  0.2270E+03  0.4251E+02
  0.2280E+03  0.4196E+02
  0.2290E+03  0.4036E+02
  0.2300E+03  0.3961E+02
  0.2310E+03  0.4016E+02
  0.2320E+03  0.3912E+02
  0.2330E+03  0.3814E+02
  0.2340E+03  0.3767E+02
  0.2350E+03  0.3720E+02
  0.2360E+03  0.3685E+02
  0.2370E+03  0.3664E+02
  0.2380E+03  0.3765E+02
  0.2390E+03  0.3707E+02
  0.2400E+03  0.3717E+02
  0.2410E+03  0.3762E+02
  0.2420E+03  0.3733E+02
  0.2430E+03  0.3839E+02
  0.2440E+03  0.3899E+02
  0.2450E+03  0.3846E+02
  0.2460E+03  0.3977E+02
  0.2470E+03  0.4027E+02
  0.2480E+03  0.4129E+02
  0.2490E+03  0.4166E+02
  0.2500E+03  0.4244E+02
  0.2510E+03  0.4373E+02
  0.2520E+03  0.4464E+02
  0.2530E+03  0.4492E+02
  0.2540E+03  0.4554E+02
  0.2550E+03  0.4630E+02
  0.2560E+03  0.4674E+02
  0.2570E+03  0.4782E+02
  0.2580E+03  0.4747E+02
  0.2590E+03  0.4809E+02
  0.2600E+03  0.4828E+02
  0.2610E+03  0.4769E+02
  0.2620E+03  0.4753E+02
  0.2630E+03  0.4640E+02
  0.2640E+03  0.4542E+02
  0.2650E+03  0.4398E+02
  0.2660E+03  0.4256E+02
  0.2670E+03  0.4109E+02
  0.2680E+03  0.3888E+02
  0.2690E+03  0.3698E+02
  0.2700E+03  0.3484E+02
  0.2710E+03  0.3232E+02
  0.2720E+03  0.3019E+02
  0.2730E+03  0.2786E+02
  0.2740E+03  0.2548E+02
  0.2750E+03  0.2322E+02
  0.2760E+03  0.2069E+02
  0.2770E+03  0.1859E+02
  0.2780E+03  0.1660E+02
  0.2790E+03  0.1451E+02
  0.2800E+03  0.1267E+02
  0.2810E+03  0.1124E+02
  0.2820E+03  0.9825E+01
  0.2830E+03  0.9027E+01
  0.2840E+03  0.7751E+01
  0.2850E+03  0.6685E+01
  0.2860E+03  0.5983E+01
  0.2870E+03  0.5312E+01
  0.2880E+03  0.4802E+01
  0.2890E+03  0.4539E+01
  0.2900E+03  0.4003E+01
  0.2910E+03  0.3723E+01
  0.2920E+03  0.3830E+01
  0.2930E+03  0.3545E+01
  0.2940E+03  0.3417E+01
  0.2950E+03  0.3253E+01
  0.2960E+03  0.3171E+01
  0.2970E+03  0.3198E+01
  0.2980E+03  0.3198E+01
  0.2990E+03  0.3255E+01
  0.3000E+03  0.3135E+01
  0.3010E+03  0.3257E+01
  0.3020E+03  0.3333E+01
  0.3030E+03  0.3225E+01
  0.3040E+03  0.3102E+01
  0.3050E+03  0.3119E+01
  0.3060E+03  0.3071E+01
  0.3070E+03  0.2997E+01
  0.3080E+03  0.3080E+01
  0.3090E+03  0.2965E+01
  0.3100E+03  0.3140E+01
  0.3110E+03  0.2872E+01
  0.3120E+03  0.3100E+01
  0.3130E+03  0.2854E+01
  0.3140E+03  0.2983E+01
  0.3150E+03  0.2649E+01
  0.3160E+03  0.2686E+01
  0.3170E+03  0.2769E+01
  0.3180E+03  0.2460E+01
  0.3190E+03  0.2300E+01
  0.3200E+03  0.2431E+01
  0.3210E+03  0.2447E+01
  0.3220E+03  0.2238E+01
  0.3230E+03  0.2464E+01
  0.3240E+03  0.2132E+01
  0.3250E+03  0.2211E+01
  0.3260E+03  0.1936E+01
  0.3270E+03  0.1899E+01
  0.3280E+03  0.1849E+01
  0.3290E+03  0.1840E+01
  0.3300E+03  0.1909E+01
  0.3310E+03  0.1776E+01
  0.3320E+03  0.1701E+01
  0.3330E+03  0.1773E+01
  0.3340E+03  0.1609E+01
  0.3350E+03  0.1697E+01
  0.3360E+03  0.1679E+01
  0.3370E+03  0.1614E+01
  0.3380E+03  0.1674E+01
  0.3390E+03  0.1654E+01
  0.3400E+03  0.1565E+01
  0.3410E+03  0.1588E+01
  0.3420E+03  0.1540E+01
  0.3430E+03  0.1592E+01
  0.3440E+03  0.1814E+01
  0.3450E+03  0.1650E+01
  0.3460E+03  0.1560E+01
  0.3470E+03  0.1630E+01
  0.3480E+03  0.1526E+01
  0.3490E+03  0.1434E+01
  0.3500E+03  0.1548E+01
  0.3510E+03  0.1520E+01
  0.3520E+03  0.1545E+01
  0.3530E+03  0.1544E+01
  0.3540E+03  0.1460E+01
  0.3550E+03  0.1473E+01
  0.3560E+03  0.1468E+01
  0.3570E+03  0.1431E+01
  0.3580E+03  0.1449E+01
  0.3590E+03  0.1610E+01
  0.3600E+03  0.1412E+01
  0.3610E+03  0.1442E+01
  0.3620E+03  0.1356E+01
  0.3630E+03  0.1302E+01
  0.3640E+03  0.1379E+01
  0.3650E+03  0.1326E+01
  0.3660E+03  0.1272E+01
  0.3670E+03  0.1243E+01
  0.3680E+03  0.1213E+01
  0.3690E+03  0.1220E+01
  0.3700E+03  0.1292E+01
  0.3710E+03  0.1216E+01
  0.3720E+03  0.1226E+01
  0.3730E+03  0.1193E+01
  0.3740E+03  0.1167E+01
  0.3750E+03  0.1207E+01
  0.3760E+03  0.1158E+01
  0.3770E+03  0.1061E+01
  0.3780E+03  0.1094E+01
  0.3790E+03  0.1126E+01
  0.3800E+03  0.9913E+00
  0.3810E+03  0.1015E+01
  0.3820E+03  0.1001E+01
  0.3830E+03  0.8875E+00
  0.3840E+03  0.8610E+00
  0.3850E+03  0.9493E+00
  0.3860E+03  0.8250E+00
  0.3870E+03  0.8393E+00
  0.3880E+03  0.7245E+00
  0.3890E+03  0.8241E+00
  0.3900E+03  0.7760E+00
  0.3910E+03  0.6463E+00
  0.3920E+03  0.6058E+00
  0.3930E+03  0.6720E+00
  0.3940E+03  0.5770E+00
  0.3950E+03  0.6720E+00
  0.3960E+03  0.5705E+00
  0.3970E+03  0.6048E+00
  0.3980E+03  0.4520E+00
  0.3990E+03  0.4372E+00
  0.4000E+03  0.4234E+00
  0.4010E+03  0.4899E+00
  0.4020E+03  0.3918E+00
  0.4030E+03  0.4320E+00
  0.4040E+03  0.3322E+00
  0.4050E+03  0.3262E+00
  0.4060E+03  0.2354E+00
  0.4070E+03  0.2982E+00
  0.4080E+03  0.2552E+00
  0.4090E+03  0.2252E+00
  0.4100E+03  0.2483E+00
  0.4110E+03  0.1706E+00
  0.4120E+03  0.1463E+00
  0.4130E+03  0.1804E+00
  0.4140E+03  0.1589E+00
  0.4150E+03  0.1395E+00
  0.4160E+03  0.1257E+00
  0.4170E+03  0.1165E+00
  0.4180E+03  0.9103E-01
  0.4190E+03  0.8404E-01
  0.4200E+03  0.8039E-01
  0.4210E+03  0.5880E-01
  0.4220E+03  0.1086E+00
  0.4230E+03  0.5232E-01
  0.4240E+03  0.6671E-01
  0.4250E+03  0.3789E-01
  0.4260E+03  0.5528E-01
  0.4270E+03  0.3725E-01
  0.4280E+03  0.6821E-01
  0.4290E+03  0.3989E-01
  0.4300E+03  0.6097E-01
  0.4310E+03  0.4255E-01
  0.4320E+03  0.7696E-01
  0.4330E+03  0.3928E-01
  0.4340E+03  0.6088E-01
  0.4350E+03  0.4807E-01
  0.4360E+03  0.3804E-01
  0.4370E+03  0.4374E-01
  0.4380E+03  0.4113E-01
  0.4390E+03  0.3520E-01
  0.4400E+03  0.3555E-01
  0.4410E+03  0.4078E-01
  0.4420E+03  0.7169E-01
  0.4430E+03  0.3595E-01
  0.4440E+03  0.3481E-01
  0.4450E+03  0.4646E-01
  0.4460E+03  0.4146E-01
  0.4470E+03  0.3476E-01
  0.4480E+03  0.2628E-01
  0.4490E+03  0.2195E-01
  0.4500E+03  0.1171E-01
  0.4510E+03  0.1516E-01
  0.4520E+03  0.5219E-01
  0.4530E+03  0.4156E-01
  0.4540E+03  0.8460E-02
  0.4550E+03  0.2270E-01
  0.4560E+03  0.5737E-01
  0.4570E+03  0.9303E-02
  0.4580E+03  0.1520E-01
  0.4590E+03  0.1752E-01
  0.4600E+03  0.2574E-01
  0.4610E+03  0.3652E-01
  0.4620E+03  0.3202E-01
  0.4630E+03  0.9141E-02
  0.4640E+03  0.4000E-01
  0.4650E+03  0.1692E-01
  0.4660E+03  0.2864E-01
  0.4670E+03  0.3048E-01
  0.4680E+03  0.1326E-01
  0.4690E+03  0.8389E-02
  0.4700E+03  0.3447E-01
  0.4710E+03  0.1358E-01
  0.4720E+03  0.1480E-01
  0.4730E+03  0.1577E-01
  0.4740E+03  0.2126E-01
  0.4750E+03  0.2708E-01
  0.4760E+03  0.1267E-01
  0.4770E+03  0.0000E+00
  0.4780E+03  0.2926E-01
  0.4790E+03  0.1150E-01
  0.4800E+03  0.4023E-02
  0.4810E+03  0.1766E-01
  0.4820E+03  0.6306E-02
  0.4830E+03  0.1232E-01
  0.4840E+03  0.1472E-01
  0.4850E+03  0.0000E+00
  0.4860E+03  0.2595E-02
  0.4870E+03  0.2709E-02
  0.4880E+03  0.3209E-01
  0.4890E+03  0.4919E-02
  0.4900E+03  0.8889E-02
  0.4910E+03  0.9480E-02
  0.4920E+03  0.2618E-02
  0.4930E+03  0.1459E-01
  0.4940E+03  0.7132E-02
  0.4950E+03  0.9301E-02
  0.4960E+03  0.1347E-01
  0.4970E+03  0.9051E-02
  0.4980E+03  0.6211E-02
  0.4990E+03  0.1059E-01
  0.5000E+03  0.1286E-01
  0.5010E+03  0.7534E-02
  0.5020E+03  0.1764E-01
  0.5030E+03  0.1237E-01
  0.5040E+03  0.9660E-02
  0.5050E+03  0.8157E-02
  0.5060E+03  0.8837E-02
  0.5070E+03  0.5393E-02
  0.5080E+03  0.9681E-02
  0.5090E+03  0.1592E-01
  0.5100E+03  0.1322E-01
  0.5110E+03  0.0000E+00
  0.5120E+03  0.0000E+00
