  0.1000E+01  0.2521E+00
  0.2000E+01  0.2698E+00
  0.3000E+01  0.3191E+00
  0.4000E+01  0.3436E+00
  0.5000E+01  0.2737E+00
  0.6000E+01  0.3502E+00
  0.7000E+01  0.3536E+00
  0.8000E+01  0.3936E+00
  0.9000E+01  0.3242E+00
  0.1000E+02  0.3271E+00
  0.1100E+02  0.3052E+00
  0.1200E+02  0.2984E+00
  0.1300E+02  0.2711E+00
  0.1400E+02  0.3324E+00
  0.1500E+02  0.3328E+00
  0.1600E+02  0.3020E+00
  0.1700E+02  0.3334E+00
  0.1800E+02  0.3521E+00
  0.1900E+02  0.3311E+00
  0.2000E+02  0.3103E+00
  0.2100E+02  0.3589E+00
  0.2200E+02  0.3303E+00
  0.2300E+02  0.2605E+00
  0.2400E+02  0.2878E+00
  0.2500E+02  0.3375E+00
  0.2600E+02  0.3466E+00
  0.2700E+02  0.3091E+00
  0.2800E+02  0.2593E+00
  0.2900E+02  0.2968E+00
  0.3000E+02  0.3236E+00
  0.3100E+02  0.3308E+00
  0.3200E+02  0.3838E+00
  0.3300E+02  0.2719E+00
  0.3400E+02  0.3889E+00
  0.3500E+02  0.3438E+00
  0.3600E+02  0.2744E+00
  0.3700E+02  0.2918E+00
  0.3800E+02  0.2406E+00
  0.3900E+02  0.3659E+00
  0.4000E+02  0.1857E+00
  0.4100E+02  0.2922E+00
  0.4200E+02  0.2927E+00
  0.4300E+02  0.3452E+00
  0.4400E+02  0.2777E+00
  0.4500E+02  0.3314E+00
  0.4600E+02  0.2786E+00
  0.4700E+02  0.2790E+00
  0.4800E+02  0.3096E+00
  0.4900E+02  0.3389E+00
  0.5000E+02  0.3986E+00
  0.5100E+02  0.2743E+00
  0.5200E+02  0.3660E+00
  0.5300E+02  0.3167E+00
  0.5400E+02  0.3148E+00
  0.5500E+02  0.3608E+00
  0.5600E+02  0.3217E+00
  0.5700E+02  0.3790E+00
  0.5800E+02  0.2752E+00
  0.5900E+02  0.3998E+00
  0.6000E+02  0.4211E+00
  0.6100E+02  0.3668E+00
  0.6200E+02  0.3311E+00
  0.6300E+02  0.3596E+00
  0.6400E+02  0.4057E+00
  0.6500E+02  0.3855E+00
  0.6600E+02  0.4744E+00
  0.6700E+02  0.4078E+00
  0.6800E+02  0.4393E+00
  0.6900E+02  0.4715E+00
  0.7000E+02  0.3516E+00
  0.7100E+02  0.3360E+00
  0.7200E+02  0.4172E+00
  0.7300E+02  0.4291E+00
  0.7400E+02  0.4419E+00
  0.7500E+02  0.4694E+00
  0.7600E+02  0.5289E+00
  0.7700E+02  0.4043E+00
  0.7800E+02  0.3833E+00
  0.7900E+02  0.5446E+00
  0.8000E+02  0.5204E+00
  0.8100E+02  0.3866E+00
  0.8200E+02  0.4058E+00
  0.8300E+02  0.4599E+00
  0.8400E+02  0.5069E+00
  0.8500E+02  0.4617E+00
  0.8600E+02  0.4804E+00
  0.8700E+02  0.4659E+00
  0.8800E+02  0.4467E+00
  0.8900E+02  0.4519E+00
  0.9000E+02  0.5289E+00
  0.9100E+02  0.5367E+00
  0.9200E+02  0.5047E+00
  0.9300E+02  0.5016E+00
  0.9400E+02  0.4754E+00
  0.9500E+02  0.4661E+00
  0.9600E+02  0.4358E+00
  0.9700E+02  0.4169E+00
  0.9800E+02  0.5217E+00
  0.9900E+02  0.5520E+00
  0.1000E+03  0.4871E+00
  0.1010E+03  0.4785E+00
  0.1020E+03  0.4902E+00
  0.1030E+03  0.4183E+00
  0.1040E+03  0.5397E+00
  0.1050E+03  0.4561E+00
  0.1060E+03  0.4848E+00
  0.1070E+03  0.4941E+00
  0.1080E+03  0.4718E+00
  0.1090E+03  0.5965E+00
  0.1100E+03  0.5209E+00
  0.1110E+03  0.5138E+00
  0.1120E+03  0.5258E+00
  0.1130E+03  0.4620E+00
  0.1140E+03  0.5064E+00
  0.1150E+03  0.4280E+00
  0.1160E+03  0.5010E+00
  0.1170E+03  0.5462E+00
  0.1180E+03  0.5574E+00
  0.1190E+03  0.4319E+00
  0.1200E+03  0.5593E+00
  0.1210E+03  0.5281E+00
  0.1220E+03  0.5713E+00
  0.1230E+03  0.4921E+00
  0.1240E+03  0.5689E+00
  0.1250E+03  0.6079E+00
  0.1260E+03  0.4810E+00
  0.1270E+03  0.6090E+00
  0.1280E+03  0.5564E+00
  0.1290E+03  0.6061E+00
  0.1300E+03  0.6261E+00
  0.1310E+03  0.4669E+00
  0.1320E+03  0.5572E+00
  0.1330E+03  0.6013E+00
  0.1340E+03  0.6703E+00
  0.1350E+03  0.4893E+00
  0.1360E+03  0.6263E+00
  0.1370E+03  0.5389E+00
  0.1380E+03  0.5920E+00
  0.1390E+03  0.6961E+00
  0.1400E+03  0.6565E+00
  0.1410E+03  0.6117E+00
  0.1420E+03  0.7237E+00
  0.1430E+03  0.6342E+00
  0.1440E+03  0.6417E+00
  0.1450E+03  0.6088E+00
  0.1460E+03  0.6007E+00
  0.1470E+03  0.5941E+00
  0.1480E+03  0.6818E+00
  0.1490E+03  0.6418E+00
  0.1500E+03  0.6404E+00
  0.1510E+03  0.6339E+00
  0.1520E+03  0.5911E+00
  0.1530E+03  0.5514E+00
  0.1540E+03  0.8550E+00
  0.1550E+03  0.6558E+00
  0.1560E+03  0.8212E+00
  0.1570E+03  0.6788E+00
  0.1580E+03  0.6325E+00
  0.1590E+03  0.7068E+00
  0.1600E+03  0.7420E+00
  0.1610E+03  0.6924E+00
  0.1620E+03  0.6981E+00
  0.1630E+03  0.6397E+00
  0.1640E+03  0.7319E+00
  0.1650E+03  0.7252E+00
  0.1660E+03  0.8066E+00
  0.1670E+03  0.8259E+00
  0.1680E+03  0.8827E+00
  0.1690E+03  0.6151E+00
  0.1700E+03  0.8317E+00
  0.1710E+03  0.7298E+00
  0.1720E+03  0.8540E+00
  0.1730E+03  0.7288E+00
  0.1740E+03  0.7868E+00
  0.1750E+03  0.8508E+00
  0.1760E+03  0.8168E+00
  0.1770E+03  0.6699E+00
  0.1780E+03  0.7017E+00
  0.1790E+03  0.7377E+00
  0.1800E+03  0.7106E+00
  0.1810E+03  0.8048E+00
  0.1820E+03  0.6341E+00
  0.1830E+03  0.7088E+00
  0.1840E+03  0.7144E+00
  0.1850E+03  0.5510E+00
  0.1860E+03  0.7376E+00
  0.1870E+03  0.5922E+00
  0.1880E+03  0.5898E+00
  0.1890E+03  0.4869E+00
  0.1900E+03  0.6002E+00
  0.1910E+03  0.5219E+00
  0.1920E+03  0.5803E+00
  0.1930E+03  0.6368E+00
  0.1940E+03  0.5341E+00
  0.1950E+03  0.4514E+00
  0.1960E+03  0.5332E+00
  0.1970E+03  0.5592E+00
  0.1980E+03  0.5366E+00
  0.1990E+03  0.4981E+00
  0.2000E+03  0.5191E+00
  0.2010E+03  0.4382E+00
  0.2020E+03  0.3857E+00
  0.2030E+03  0.4044E+00
  0.2040E+03  0.3839E+00
  0.2050E+03  0.4210E+00
  0.2060E+03  0.3629E+00
  0.2070E+03  0.4778E+00
  0.2080E+03  0.4869E+00
  0.2090E+03  0.4261E+00
  0.2100E+03  0.3627E+00
  0.2110E+03  0.3456E+00
  0.2120E+03  0.3963E+00
  0.2130E+03  0.3856E+00
  0.2140E+03  0.3265E+00
  0.2150E+03  0.3255E+00
  0.2160E+03  0.3446E+00
  0.2170E+03  0.3643E+00
  0.2180E+03  0.3692E+00
  0.2190E+03  0.3831E+00
  0.2200E+03  0.2785E+00
  0.2210E+03  0.2701E+00
  0.2220E+03  0.3530E+00
  0.2230E+03  0.3088E+00
  0.2240E+03  0.3380E+00
  0.2250E+03  0.3047E+00
  0.2260E+03  0.2775E+00
  0.2270E+03  0.2613E+00
  0.2280E+03  0.2161E+00
  0.2290E+03  0.3122E+00
  0.2300E+03  0.2702E+00
  0.2310E+03  0.2836E+00
  0.2320E+03  0.3691E+00
  0.2330E+03  0.3096E+00
  0.2340E+03  0.2695E+00
  0.2350E+03  0.2132E+00
  0.2360E+03  0.2590E+00
  0.2370E+03  0.2196E+00
  0.2380E+03  0.2242E+00
  0.2390E+03  0.2172E+00
  0.2400E+03  0.2895E+00
  0.2410E+03  0.2614E+00
  0.2420E+03  0.2613E+00
  0.2430E+03  0.2639E+00
  0.2440E+03  0.2013E+00
  0.2450E+03  0.2827E+00
  0.2460E+03  0.2265E+00
  0.2470E+03  0.2427E+00
  0.2480E+03  0.2012E+00
  0.2490E+03  0.2218E+00
  0.2500E+03  0.2103E+00
  0.2510E+03  0.2002E+00
  0.2520E+03  0.2002E+00
  0.2530E+03  0.2072E+00
  0.2540E+03  0.2136E+00
  0.2550E+03  0.1779E+00
  0.2560E+03  0.2220E+00
  0.2570E+03  0.1340E+00
  0.2580E+03  0.1880E+00
  0.2590E+03  0.2232E+00
  0.2600E+03  0.1946E+00
  0.2610E+03  0.2690E+00
  0.2620E+03  0.2592E+00
  0.2630E+03  0.2113E+00
  0.2640E+03  0.2095E+00
  0.2650E+03  0.1738E+00
  0.2660E+03  0.1567E+00
  0.2670E+03  0.1347E+00
  0.2680E+03  0.1303E+00
  0.2690E+03  0.1814E+00
  0.2700E+03  0.1277E+00
  0.2710E+03  0.1188E+00
  0.2720E+03  0.1116E+00
  0.2730E+03  0.8261E-01
  0.2740E+03  0.1503E+00
  0.2750E+03  0.1803E+00
  0.2760E+03  0.1603E+00
  0.2770E+03  0.1622E+00
  0.2780E+03  0.2005E+00
  0.2790E+03  0.1278E+00
  0.2800E+03  0.1581E+00
  0.2810E+03  0.1687E+00
  0.2820E+03  0.1331E+00
  0.2830E+03  0.8511E-01
  0.2840E+03  0.1518E+00
  0.2850E+03  0.1701E+00
  0.2860E+03  0.1206E+00
  0.2870E+03  0.1055E+00
  0.2880E+03  0.1006E+00
  0.2890E+03  0.8464E-01
  0.2900E+03  0.1470E+00
  0.2910E+03  0.1259E+00
  0.2920E+03  0.1108E+00
  0.2930E+03  0.1743E+00
  0.2940E+03  0.1307E+00
  0.2950E+03  0.1190E+00
  0.2960E+03  0.1433E+00
  0.2970E+03  0.1172E+00
  0.2980E+03  0.1569E+00
  0.2990E+03  0.1123E+00
  0.3000E+03  0.7844E-01
  0.3010E+03  0.1338E+00
  0.3020E+03  0.8877E-01
  0.3030E+03  0.1212E+00
  0.3040E+03  0.9402E-01
  0.3050E+03  0.1012E+00
  0.3060E+03  0.1562E+00
  0.3070E+03  0.7822E-01
  0.3080E+03  0.7269E-01
  0.3090E+03  0.1098E+00
  0.3100E+03  0.1360E+00
  0.3110E+03  0.1204E+00
  0.3120E+03  0.8956E-01
  0.3130E+03  0.8371E-01
  0.3140E+03  0.8468E-01
  0.3150E+03  0.7895E-01
  0.3160E+03  0.9029E-01
  0.3170E+03  0.1060E+00
  0.3180E+03  0.8591E-01
  0.3190E+03  0.9047E-01
  0.3200E+03  0.1158E+00
  0.3210E+03  0.4115E-01
  0.3220E+03  0.8098E-01
  0.3230E+03  0.6862E-01
  0.3240E+03  0.8416E-01
  0.3250E+03  0.1046E+00
  0.3260E+03  0.7233E-01
  0.3270E+03  0.8891E-01
  0.3280E+03  0.7564E-01
  0.3290E+03  0.1096E+00
  0.3300E+03  0.8550E-01
  0.3310E+03  0.9132E-01
  0.3320E+03  0.8462E-01
  0.3330E+03  0.8544E-01
  0.3340E+03  0.6968E-01
  0.3350E+03  0.7031E-01
  0.3360E+03  0.5582E-01
  0.3370E+03  0.5155E-01
  0.3380E+03  0.6498E-01
  0.3390E+03  0.9790E-01
  0.3400E+03  0.8681E-01
  0.3410E+03  0.6213E-01
  0.3420E+03  0.6166E-01
  0.3430E+03  0.4952E-01
  0.3440E+03  0.8728E-01
  0.3450E+03  0.8007E-01
  0.3460E+03  0.5209E-01
  0.3470E+03  0.4276E-01
  0.3480E+03  0.6192E-01
  0.3490E+03  0.6341E-01
  0.3500E+03  0.5111E-01
  0.3510E+03  0.9049E-01
  0.3520E+03  0.4487E-01
  0.3530E+03  0.8076E-01
  0.3540E+03  0.7409E-01
  0.3550E+03  0.7377E-01
  0.3560E+03  0.4765E-01
  0.3570E+03  0.4741E-01
  0.3580E+03  0.6223E-01
  0.3590E+03  0.5817E-01
  0.3600E+03  0.8110E-01
  0.3610E+03  0.3722E-01
  0.3620E+03  0.7746E-01
  0.3630E+03  0.4505E-01
  0.3640E+03  0.6807E-01
  0.3650E+03  0.6764E-01
  0.3660E+03  0.3844E-01
  0.3670E+03  0.6168E-01
  0.3680E+03  0.8907E-01
  0.3690E+03  0.5955E-01
  0.3700E+03  0.6291E-01
  0.3710E+03  0.8795E-01
  0.3720E+03  0.3164E-01
  0.3730E+03  0.4524E-01
  0.3740E+03  0.4456E-01
  0.3750E+03  0.4698E-01
  0.3760E+03  0.6418E-01
  0.3770E+03  0.5156E-01
  0.3780E+03  0.3598E-01
  0.3790E+03  0.7100E-01
  0.3800E+03  0.4037E-01
  0.3810E+03  0.5217E-01
  0.3820E+03  0.5591E-01
  0.3830E+03  0.3603E-01
  0.3840E+03  0.4504E-01
  0.3850E+03  0.5313E-01
  0.3860E+03  0.4491E-01
  0.3870E+03  0.5750E-01
  0.3880E+03  0.4145E-01
  0.3890E+03  0.6323E-01
  0.3900E+03  0.6037E-01
  0.3910E+03  0.2302E-01
  0.3920E+03  0.5619E-01
  0.3930E+03  0.2748E-01
  0.3940E+03  0.1799E-01
  0.3950E+03  0.6326E-01
  0.3960E+03  0.4202E-01
  0.3970E+03  0.5485E-01
  0.3980E+03  0.6553E-01
  0.3990E+03  0.2638E-01
  0.4000E+03  0.2890E-01
  0.4010E+03  0.5316E-01
  0.4020E+03  0.4154E-01
  0.4030E+03  0.3897E-01
  0.4040E+03  0.1423E-01
  0.4050E+03  0.2245E-01
  0.4060E+03  0.4938E-01
  0.4070E+03  0.3614E-01
  0.4080E+03  0.2069E-01
  0.4090E+03  0.2642E-01
  0.4100E+03  0.3657E-01
  0.4110E+03  0.3188E-01
  0.4120E+03  0.1410E-01
  0.4130E+03  0.2115E-01
  0.4140E+03  0.1029E-01
  0.4150E+03  0.3158E-01
  0.4160E+03  0.1431E-01
  0.4170E+03  0.2357E-01
  0.4180E+03  0.1748E-01
  0.4190E+03  0.4685E-01
  0.4200E+03  0.3038E-01
  0.4210E+03  0.1918E-01
  0.4220E+03  0.4389E-01
  0.4230E+03  0.1455E-01
  0.4240E+03  0.2947E-01
  0.4250E+03  0.2764E-01
  0.4260E+03  0.2839E-01
  0.4270E+03  0.1863E-01
  0.4280E+03  0.2996E-01
  0.4290E+03  0.2208E-01
  0.4300E+03  0.2741E-01
  0.4310E+03  0.1237E-01
  0.4320E+03  0.2485E-01
  0.4330E+03  0.7914E-02
  0.4340E+03  0.1927E-01
  0.4350E+03  0.3576E-01
  0.4360E+03  0.4852E-01
  0.4370E+03  0.3805E-01
  0.4380E+03  0.2063E-01
  0.4390E+03  0.1302E-01
  0.4400E+03  0.2663E-01
  0.4410E+03  0.1436E-01
  0.4420E+03  0.3575E-01
  0.4430E+03  0.4163E-01
  0.4440E+03  0.0000E+00
  0.4450E+03  0.9879E-02
  0.4460E+03  0.2938E-01
  0.4470E+03  0.1493E-01
  0.4480E+03  0.1658E-01
  0.4490E+03  0.2637E-01
  0.4500E+03  0.1371E-01
  0.4510E+03  0.3441E-01
  0.4520E+03  0.1927E-01
  0.4530E+03  0.1411E-01
  0.4540E+03  0.1602E-01
  0.4550E+03  0.0000E+00
  0.4560E+03  0.3629E-01
  0.4570E+03  0.3529E-01
  0.4580E+03  0.6725E-02
  0.4590E+03  0.3446E-01
  0.4600E+03  0.1347E-01
  0.4610E+03  0.7853E-03
  0.4620E+03  0.2251E-01
  0.4630E+03  0.4982E-02
  0.4640E+03  0.1844E-01
  0.4650E+03  0.2663E-01
  0.4660E+03  0.5161E-01
  0.4670E+03  0.2113E-01
  0.4680E+03  0.7424E-02
  0.4690E+03  0.8820E-02
  0.4700E+03  0.1589E-01
  0.4710E+03  0.3871E-02
  0.4720E+03  0.9937E-02
  0.4730E+03  0.2935E-02
  0.4740E+03  0.3016E-01
  0.4750E+03  0.1760E-01
  0.4760E+03  0.1600E-01
  0.4770E+03  0.6070E-02
  0.4780E+03  0.1186E-01
  0.4790E+03  0.8001E-02
  0.4800E+03  0.6815E-02
  0.4810E+03  0.6189E-02
  0.4820E+03  0.1752E-02
  0.4830E+03  0.2683E-01
  0.4840E+03  0.1508E-01
  0.4850E+03  0.1081E-01
  0.4860E+03  0.7719E-02
  0.4870E+03  0.1352E-01
  0.4880E+03  0.2760E-01
  0.4890E+03  0.1802E-01
  0.4900E+03  0.2396E-01
  0.4910E+03  0.7326E-02
  0.4920E+03  0.6697E-02
  0.4930E+03  0.1398E-01
  0.4940E+03  0.1845E-01
  0.4950E+03  0.4493E-02
  0.4960E+03  0.0000E+00
  0.4970E+03  0.1379E-01
  0.4980E+03  0.1167E-01
  0.4990E+03  0.4100E-02
  0.5000E+03  0.0000E+00
  0.5010E+03  0.9132E-02
  0.5020E+03  0.2728E-01
  0.5030E+03  0.0000E+00
  0.5040E+03  0.0000E+00
  0.5050E+03  0.2993E-02
  0.5060E+03  0.1985E-01
  0.5070E+03  0.1938E-01
  0.5080E+03  0.0000E+00
  0.5090E+03  0.6148E-02
  0.5100E+03  0.1779E-01
  0.5110E+03  0.0000E+00
  0.5120E+03  0.0000E+00
