  0.1000E+01  0.1674E+00
  0.2000E+01  0.3143E+00
  0.3000E+01  0.3578E+00
  0.4000E+01  0.3669E+00
  0.5000E+01  0.3251E+00
  0.6000E+01  0.3495E+00
  0.7000E+01  0.3129E+00
  0.8000E+01  0.3259E+00
  0.9000E+01  0.3181E+00
  0.1000E+02  0.3417E+00
  0.1100E+02  0.3561E+00
  0.1200E+02  0.2664E+00
  0.1300E+02  0.3522E+00
  0.1400E+02  0.3160E+00
  0.1500E+02  0.3318E+00
  0.1600E+02  0.4077E+00
  0.1700E+02  0.3603E+00
  0.1800E+02  0.2775E+00
  0.1900E+02  0.3475E+00
  0.2000E+02  0.3594E+00
  0.2100E+02  0.3811E+00
  0.2200E+02  0.3996E+00
  0.2300E+02  0.3251E+00
  0.2400E+02  0.3385E+00
  0.2500E+02  0.2812E+00
  0.2600E+02  0.3103E+00
  0.2700E+02  0.4516E+00
  0.2800E+02  0.4081E+00
  0.2900E+02  0.3489E+00
  0.3000E+02  0.3412E+00
  0.3100E+02  0.4245E+00
  0.3200E+02  0.2636E+00
  0.3300E+02  0.2710E+00
  0.3400E+02  0.3981E+00
  0.3500E+02  0.3899E+00
  0.3600E+02  0.3076E+00
  0.3700E+02  0.2674E+00
  0.3800E+02  0.3172E+00
  0.3900E+02  0.2980E+00
  0.4000E+02  0.3132E+00
  0.4100E+02  0.3356E+00
  0.4200E+02  0.2863E+00
  0.4300E+02  0.2323E+00
  0.4400E+02  0.3559E+00
  0.4500E+02  0.2782E+00
  0.4600E+02  0.2999E+00
  0.4700E+02  0.3091E+00
  0.4800E+02  0.2656E+00
  0.4900E+02  0.3256E+00
  0.5000E+02  0.2890E+00
  0.5100E+02  0.3806E+00
  0.5200E+02  0.3162E+00
  0.5300E+02  0.2993E+00
  0.5400E+02  0.2504E+00
  0.5500E+02  0.2915E+00
  0.5600E+02  0.4153E+00
  0.5700E+02  0.3780E+00
  0.5800E+02  0.2913E+00
  0.5900E+02  0.2544E+00
  0.6000E+02  0.3755E+00
  0.6100E+02  0.2459E+00
  0.6200E+02  0.3616E+00
  0.6300E+02  0.3246E+00
  0.6400E+02  0.2653E+00
  0.6500E+02  0.3461E+00
  0.6600E+02  0.3480E+00
  0.6700E+02  0.3283E+00
  0.6800E+02  0.2593E+00
  0.6900E+02  0.2948E+00
  0.7000E+02  0.2339E+00
  0.7100E+02  0.3102E+00
  0.7200E+02  0.2634E+00
  0.7300E+02  0.3302E+00
  0.7400E+02  0.2614E+00
  0.7500E+02  0.2965E+00
  0.7600E+02  0.2624E+00
  0.7700E+02  0.2740E+00
  0.7800E+02  0.3152E+00
  0.7900E+02  0.2338E+00
  0.8000E+02  0.2920E+00
  0.8100E+02  0.2791E+00
  0.8200E+02  0.2957E+00
  0.8300E+02  0.2845E+00
  0.8400E+02  0.2812E+00
  0.8500E+02  0.2274E+00
  0.8600E+02  0.2576E+00
  0.8700E+02  0.2964E+00
  0.8800E+02  0.2468E+00
  0.8900E+02  0.2978E+00
  0.9000E+02  0.3042E+00
  0.9100E+02  0.2660E+00
  0.9200E+02  0.2985E+00
  0.9300E+02  0.2572E+00
  0.9400E+02  0.2924E+00
  0.9500E+02  0.2430E+00
  0.9600E+02  0.2527E+00
  0.9700E+02  0.2497E+00
  0.9800E+02  0.2497E+00
  0.9900E+02  0.2242E+00
  0.1000E+03  0.2450E+00
  0.1010E+03  0.2274E+00
  0.1020E+03  0.2721E+00
  0.1030E+03  0.3084E+00
  0.1040E+03  0.2850E+00
  0.1050E+03  0.2680E+00
  0.1060E+03  0.2988E+00
  0.1070E+03  0.2258E+00
  0.1080E+03  0.2270E+00
  0.1090E+03  0.3364E+00
  0.1100E+03  0.2033E+00
  0.1110E+03  0.2519E+00
  0.1120E+03  0.3232E+00
  0.1130E+03  0.2637E+00
  0.1140E+03  0.2736E+00
  0.1150E+03  0.2297E+00
  0.1160E+03  0.2192E+00
  0.1170E+03  0.2336E+00
  0.1180E+03  0.2584E+00
  0.1190E+03  0.1953E+00
  0.1200E+03  0.2294E+00
  0.1210E+03  0.2612E+00
  0.1220E+03  0.2569E+00
  0.1230E+03  0.2968E+00
  0.1240E+03  0.2666E+00
  0.1250E+03  0.2404E+00
  0.1260E+03  0.2301E+00
  0.1270E+03  0.2824E+00
  0.1280E+03  0.2576E+00
  0.1290E+03  0.3084E+00
  0.1300E+03  0.2809E+00
  0.1310E+03  0.2458E+00
  0.1320E+03  0.2868E+00
  0.1330E+03  0.2945E+00
  0.1340E+03  0.2380E+00
  0.1350E+03  0.2352E+00
  0.1360E+03  0.2231E+00
  0.1370E+03  0.2563E+00
  0.1380E+03  0.2986E+00
  0.1390E+03  0.2647E+00
  0.1400E+03  0.2822E+00
  0.1410E+03  0.2553E+00
  0.1420E+03  0.3212E+00
  0.1430E+03  0.3115E+00
  0.1440E+03  0.3717E+00
  0.1450E+03  0.4255E+00
  0.1460E+03  0.4528E+00
  0.1470E+03  0.4881E+00
  0.1480E+03  0.5870E+00
  0.1490E+03  0.6616E+00
  0.1500E+03  0.7169E+00
  0.1510E+03  0.8340E+00
  0.1520E+03  0.9422E+00
  0.1530E+03  0.1068E+01
  0.1540E+03  0.1061E+01
  0.1550E+03  0.1180E+01
  0.1560E+03  0.1174E+01
  0.1570E+03  0.1307E+01
  0.1580E+03  0.1320E+01
  0.1590E+03  0.1367E+01
  0.1600E+03  0.1388E+01
  0.1610E+03  0.1235E+01
  0.1620E+03  0.1166E+01
  0.1630E+03  0.1180E+01
  0.1640E+03  0.1169E+01
  0.1650E+03  0.1030E+01
  0.1660E+03  0.9002E+00
  0.1670E+03  0.7768E+00
  0.1680E+03  0.8113E+00
  0.1690E+03  0.6272E+00
  0.1700E+03  0.5720E+00
  0.1710E+03  0.4363E+00
  0.1720E+03  0.4850E+00
  0.1730E+03  0.3849E+00
  0.1740E+03  0.3401E+00
  0.1750E+03  0.3102E+00
  0.1760E+03  0.3134E+00
  0.1770E+03  0.2295E+00
  0.1780E+03  0.2950E+00
  0.1790E+03  0.2887E+00
  0.1800E+03  0.2588E+00
  0.1810E+03  0.2941E+00
  0.1820E+03  0.2485E+00
  0.1830E+03  0.2585E+00
  0.1840E+03  0.2342E+00
  0.1850E+03  0.2181E+00
  0.1860E+03  0.2961E+00
  0.1870E+03  0.2929E+00
  0.1880E+03  0.3279E+00
  0.1890E+03  0.3053E+00
  0.1900E+03  0.2571E+00
  0.1910E+03  0.2086E+00
  0.1920E+03  0.2784E+00
  0.1930E+03  0.3151E+00
  0.1940E+03  0.3411E+00
  0.1950E+03  0.1709E+00
  0.1960E+03  0.3233E+00
  0.1970E+03  0.2812E+00
  0.1980E+03  0.2634E+00
  0.1990E+03  0.3482E+00
  0.2000E+03  0.2851E+00
  0.2010E+03  0.3716E+00
  0.2020E+03  0.1956E+00
  0.2030E+03  0.2535E+00
  0.2040E+03  0.2170E+00
  0.2050E+03  0.2518E+00
  0.2060E+03  0.2374E+00
  0.2070E+03  0.3029E+00
  0.2080E+03  0.3184E+00
  0.2090E+03  0.2478E+00
  0.2100E+03  0.3199E+00
  0.2110E+03  0.3185E+00
  0.2120E+03  0.3199E+00
  0.2130E+03  0.2785E+00
  0.2140E+03  0.2291E+00
  0.2150E+03  0.2923E+00
  0.2160E+03  0.3023E+00
  0.2170E+03  0.3487E+00
  0.2180E+03  0.2787E+00
  0.2190E+03  0.3021E+00
  0.2200E+03  0.3230E+00
  0.2210E+03  0.3626E+00
  0.2220E+03  0.2740E+00
  0.2230E+03  0.3844E+00
  0.2240E+03  0.2999E+00
  0.2250E+03  0.3322E+00
  0.2260E+03  0.3552E+00
  0.2270E+03  0.3525E+00
  0.2280E+03  0.2937E+00
  0.2290E+03  0.2810E+00
  0.2300E+03  0.3878E+00
  0.2310E+03  0.3167E+00
  0.2320E+03  0.3713E+00
  0.2330E+03  0.2834E+00
  0.2340E+03  0.4818E+00
  0.2350E+03  0.3464E+00
  0.2360E+03  0.4597E+00
  0.2370E+03  0.4198E+00
  0.2380E+03  0.3518E+00
  0.2390E+03  0.4532E+00
  0.2400E+03  0.3762E+00
  0.2410E+03  0.4108E+00
  0.2420E+03  0.4935E+00
  0.2430E+03  0.3525E+00
  0.2440E+03  0.4394E+00
  0.2450E+03  0.3750E+00
  0.2460E+03  0.4624E+00
  0.2470E+03  0.3622E+00
  0.2480E+03  0.4124E+00
  0.2490E+03  0.4778E+00
  0.2500E+03  0.4303E+00
  0.2510E+03  0.4882E+00
  0.2520E+03  0.4825E+00
  0.2530E+03  0.4039E+00
  0.2540E+03  0.5540E+00
  0.2550E+03  0.4985E+00
  0.2560E+03  0.4532E+00
  0.2570E+03  0.4611E+00
  0.2580E+03  0.4888E+00
  0.2590E+03  0.4933E+00
  0.2600E+03  0.3905E+00
  0.2610E+03  0.5244E+00
  0.2620E+03  0.4416E+00
  0.2630E+03  0.6067E+00
  0.2640E+03  0.4390E+00
  0.2650E+03  0.4815E+00
  0.2660E+03  0.4409E+00
  0.2670E+03  0.4779E+00
  0.2680E+03  0.4843E+00
  0.2690E+03  0.4982E+00
  0.2700E+03  0.4653E+00
  0.2710E+03  0.5763E+00
  0.2720E+03  0.5377E+00
  0.2730E+03  0.6443E+00
  0.2740E+03  0.5840E+00
  0.2750E+03  0.6117E+00
  0.2760E+03  0.4719E+00
  0.2770E+03  0.5720E+00
  0.2780E+03  0.5176E+00
  0.2790E+03  0.5437E+00
  0.2800E+03  0.4555E+00
  0.2810E+03  0.5939E+00
  0.2820E+03  0.5642E+00
  0.2830E+03  0.4751E+00
  0.2840E+03  0.4599E+00
  0.2850E+03  0.5774E+00
  0.2860E+03  0.5694E+00
  0.2870E+03  0.5094E+00
  0.2880E+03  0.5315E+00
  0.2890E+03  0.5255E+00
  0.2900E+03  0.5708E+00
  0.2910E+03  0.6245E+00
  0.2920E+03  0.5567E+00
  0.2930E+03  0.5371E+00
  0.2940E+03  0.5321E+00
  0.2950E+03  0.5266E+00
  0.2960E+03  0.5316E+00
  0.2970E+03  0.4630E+00
  0.2980E+03  0.5595E+00
  0.2990E+03  0.5757E+00
  0.3000E+03  0.5021E+00
  0.3010E+03  0.5829E+00
  0.3020E+03  0.5590E+00
  0.3030E+03  0.5093E+00
  0.3040E+03  0.6296E+00
  0.3050E+03  0.5381E+00
  0.3060E+03  0.4980E+00
  0.3070E+03  0.4942E+00
  0.3080E+03  0.5149E+00
  0.3090E+03  0.4980E+00
  0.3100E+03  0.6159E+00
  0.3110E+03  0.5565E+00
  0.3120E+03  0.5425E+00
  0.3130E+03  0.6064E+00
  0.3140E+03  0.6450E+00
  0.3150E+03  0.5878E+00
  0.3160E+03  0.6694E+00
  0.3170E+03  0.4948E+00
  0.3180E+03  0.6190E+00
  0.3190E+03  0.6973E+00
  0.3200E+03  0.6711E+00
  0.3210E+03  0.7797E+00
  0.3220E+03  0.7310E+00
  0.3230E+03  0.6898E+00
  0.3240E+03  0.7703E+00
  0.3250E+03  0.6367E+00
  0.3260E+03  0.7544E+00
  0.3270E+03  0.7871E+00
  0.3280E+03  0.9340E+00
  0.3290E+03  0.8144E+00
  0.3300E+03  0.8060E+00
  0.3310E+03  0.7484E+00
  0.3320E+03  0.7671E+00
  0.3330E+03  0.8330E+00
  0.3340E+03  0.7936E+00
  0.3350E+03  0.9042E+00
  0.3360E+03  0.8212E+00
  0.3370E+03  0.9926E+00
  0.3380E+03  0.8591E+00
  0.3390E+03  0.9287E+00
  0.3400E+03  0.9376E+00
  0.3410E+03  0.9822E+00
  0.3420E+03  0.9527E+00
  0.3430E+03  0.8516E+00
  0.3440E+03  0.8434E+00
  0.3450E+03  0.9904E+00
  0.3460E+03  0.8096E+00
  0.3470E+03  0.8875E+00
  0.3480E+03  0.9162E+00
  0.3490E+03  0.8298E+00
  0.3500E+03  0.9420E+00
  0.3510E+03  0.7973E+00
  0.3520E+03  0.9200E+00
  0.3530E+03  0.7104E+00
  0.3540E+03  0.8575E+00
  0.3550E+03  0.7837E+00
  0.3560E+03  0.6953E+00
  0.3570E+03  0.6973E+00
  0.3580E+03  0.7327E+00
  0.3590E+03  0.6316E+00
  0.3600E+03  0.7038E+00
  0.3610E+03  0.6670E+00
  0.3620E+03  0.5393E+00
  0.3630E+03  0.4331E+00
  0.3640E+03  0.4184E+00
  0.3650E+03  0.4961E+00
  0.3660E+03  0.4347E+00
  0.3670E+03  0.3593E+00
  0.3680E+03  0.3476E+00
  0.3690E+03  0.3817E+00
  0.3700E+03  0.3052E+00
  0.3710E+03  0.2989E+00
  0.3720E+03  0.2456E+00
  0.3730E+03  0.2656E+00
  0.3740E+03  0.2522E+00
  0.3750E+03  0.3038E+00
  0.3760E+03  0.3133E+00
  0.3770E+03  0.2477E+00
  0.3780E+03  0.2827E+00
  0.3790E+03  0.1932E+00
  0.3800E+03  0.1913E+00
  0.3810E+03  0.3012E+00
  0.3820E+03  0.2249E+00
  0.3830E+03  0.1882E+00
  0.3840E+03  0.9176E-01
  0.3850E+03  0.1822E+00
  0.3860E+03  0.2146E+00
  0.3870E+03  0.1312E+00
  0.3880E+03  0.1481E+00
  0.3890E+03  0.1120E+00
  0.3900E+03  0.1757E+00
  0.3910E+03  0.9302E-01
  0.3920E+03  0.1329E+00
  0.3930E+03  0.1146E+00
  0.3940E+03  0.1674E+00
  0.3950E+03  0.1712E+00
  0.3960E+03  0.2189E+00
  0.3970E+03  0.1033E+00
  0.3980E+03  0.1270E+00
  0.3990E+03  0.1601E+00
  0.4000E+03  0.1851E+00
  0.4010E+03  0.2039E+00
  0.4020E+03  0.1701E+00
  0.4030E+03  0.2103E+00
  0.4040E+03  0.1666E+00
  0.4050E+03  0.1599E+00
  0.4060E+03  0.2362E+00
  0.4070E+03  0.2198E+00
  0.4080E+03  0.1817E+00
  0.4090E+03  0.2486E+00
  0.4100E+03  0.2014E+00
  0.4110E+03  0.3000E+00
  0.4120E+03  0.3057E+00
  0.4130E+03  0.3017E+00
  0.4140E+03  0.3308E+00
  0.4150E+03  0.4136E+00
  0.4160E+03  0.4715E+00
  0.4170E+03  0.3556E+00
  0.4180E+03  0.5418E+00
  0.4190E+03  0.4744E+00
  0.4200E+03  0.4617E+00
  0.4210E+03  0.5143E+00
  0.4220E+03  0.5334E+00
  0.4230E+03  0.6230E+00
  0.4240E+03  0.6340E+00
  0.4250E+03  0.6314E+00
  0.4260E+03  0.7756E+00
  0.4270E+03  0.8166E+00
  0.4280E+03  0.7409E+00
  0.4290E+03  0.9550E+00
  0.4300E+03  0.8459E+00
  0.4310E+03  0.7223E+00
  0.4320E+03  0.8419E+00
  0.4330E+03  0.8577E+00
  0.4340E+03  0.8844E+00
  0.4350E+03  0.1044E+01
  0.4360E+03  0.9584E+00
  0.4370E+03  0.9499E+00
  0.4380E+03  0.9243E+00
  0.4390E+03  0.9900E+00
  0.4400E+03  0.9552E+00
  0.4410E+03  0.1057E+01
  0.4420E+03  0.8604E+00
  0.4430E+03  0.8202E+00
  0.4440E+03  0.1089E+01
  0.4450E+03  0.9747E+00
  0.4460E+03  0.9195E+00
  0.4470E+03  0.9539E+00
  0.4480E+03  0.8676E+00
  0.4490E+03  0.8859E+00
  0.4500E+03  0.8628E+00
  0.4510E+03  0.7040E+00
  0.4520E+03  0.7083E+00
  0.4530E+03  0.7449E+00
  0.4540E+03  0.6098E+00
  0.4550E+03  0.6457E+00
  0.4560E+03  0.6285E+00
  0.4570E+03  0.6323E+00
  0.4580E+03  0.6373E+00
  0.4590E+03  0.5753E+00
  0.4600E+03  0.6092E+00
  0.4610E+03  0.4259E+00
  0.4620E+03  0.5134E+00
  0.4630E+03  0.4060E+00
  0.4640E+03  0.3816E+00
  0.4650E+03  0.3168E+00
  0.4660E+03  0.3893E+00
  0.4670E+03  0.4210E+00
  0.4680E+03  0.3592E+00
  0.4690E+03  0.2971E+00
  0.4700E+03  0.3118E+00
  0.4710E+03  0.3714E+00
  0.4720E+03  0.2779E+00
  0.4730E+03  0.3393E+00
  0.4740E+03  0.2689E+00
  0.4750E+03  0.3369E+00
  0.4760E+03  0.4375E+00
  0.4770E+03  0.3180E+00
  0.4780E+03  0.3168E+00
  0.4790E+03  0.3738E+00
  0.4800E+03  0.5068E+00
  0.4810E+03  0.3644E+00
  0.4820E+03  0.4540E+00
  0.4830E+03  0.4950E+00
  0.4840E+03  0.5054E+00
  0.4850E+03  0.5876E+00
  0.4860E+03  0.5087E+00
  0.4870E+03  0.6599E+00
  0.4880E+03  0.8384E+00
  0.4890E+03  0.9438E+00
  0.4900E+03  0.7063E+00
  0.4910E+03  0.9299E+00
  0.4920E+03  0.8875E+00
  0.4930E+03  0.1004E+01
  0.4940E+03  0.9965E+00
  0.4950E+03  0.1006E+01
  0.4960E+03  0.1129E+01
  0.4970E+03  0.1415E+01
  0.4980E+03  0.1306E+01
  0.4990E+03  0.1479E+01
  0.5000E+03  0.1471E+01
  0.5010E+03  0.1570E+01
  0.5020E+03  0.1663E+01
  0.5030E+03  0.1792E+01
  0.5040E+03  0.1819E+01
  0.5050E+03  0.1995E+01
  0.5060E+03  0.1902E+01
  0.5070E+03  0.2202E+01
  0.5080E+03  0.2060E+01
  0.5090E+03  0.2235E+01
  0.5100E+03  0.2286E+01
  0.5110E+03  0.0000E+00
  0.5120E+03  0.0000E+00
