  0.1000E+01  0.4938E-01
  0.2000E+01  0.5506E-01
  0.3000E+01  0.5266E-01
  0.4000E+01  0.5146E-01
  0.5000E+01  0.4790E-01
  0.6000E+01  0.5630E-01
  0.7000E+01  0.4519E-01
  0.8000E+01  0.4540E-01
  0.9000E+01  0.5127E-01
  0.1000E+02  0.4521E-01
  0.1100E+02  0.4104E-01
  0.1200E+02  0.4246E-01
  0.1300E+02  0.3993E-01
  0.1400E+02  0.3629E-01
  0.1500E+02  0.3547E-01
  0.1600E+02  0.3091E-01
  0.1700E+02  0.2630E-01
  0.1800E+02  0.2747E-01
  0.1900E+02  0.2410E-01
  0.2000E+02  0.2533E-01
  0.2100E+02  0.2267E-01
  0.2200E+02  0.2472E-01
  0.2300E+02  0.1931E-01
  0.2400E+02  0.1697E-01
  0.2500E+02  0.1481E-01
  0.2600E+02  0.1644E-01
  0.2700E+02  0.1632E-01
  0.2800E+02  0.1390E-01
  0.2900E+02  0.1218E-01
  0.3000E+02  0.1452E-01
  0.3100E+02  0.1156E-01
  0.3200E+02  0.1038E-01
  0.3300E+02  0.1027E-01
  0.3400E+02  0.7755E-02
  0.3500E+02  0.7879E-02
  0.3600E+02  0.1191E-01
  0.3700E+02  0.7188E-02
  0.3800E+02  0.7323E-02
  0.3900E+02  0.7407E-02
  0.4000E+02  0.7092E-02
  0.4100E+02  0.6590E-02
  0.4200E+02  0.7072E-02
  0.4300E+02  0.8077E-02
  0.4400E+02  0.9148E-02
  0.4500E+02  0.8658E-02
  0.4600E+02  0.7927E-02
  0.4700E+02  0.8626E-02
  0.4800E+02  0.1342E-01
  0.4900E+02  0.1188E-01
  0.5000E+02  0.1114E-01
  0.5100E+02  0.1396E-01
  0.5200E+02  0.1367E-01
  0.5300E+02  0.1531E-01
  0.5400E+02  0.2108E-01
  0.5500E+02  0.1485E-01
  0.5600E+02  0.2650E-01
  0.5700E+02  0.2159E-01
  0.5800E+02  0.2483E-01
  0.5900E+02  0.2291E-01
  0.6000E+02  0.2746E-01
  0.6100E+02  0.3137E-01
  0.6200E+02  0.2520E-01
  0.6300E+02  0.2925E-01
  0.6400E+02  0.3484E-01
  0.6500E+02  0.3678E-01
  0.6600E+02  0.3549E-01
  0.6700E+02  0.3641E-01
  0.6800E+02  0.4213E-01
  0.6900E+02  0.3841E-01
  0.7000E+02  0.3419E-01
  0.7100E+02  0.4159E-01
  0.7200E+02  0.3440E-01
  0.7300E+02  0.4224E-01
  0.7400E+02  0.4263E-01
  0.7500E+02  0.4628E-01
  0.7600E+02  0.4551E-01
  0.7700E+02  0.4343E-01
  0.7800E+02  0.4711E-01
  0.7900E+02  0.4542E-01
  0.8000E+02  0.4718E-01
  0.8100E+02  0.4959E-01
  0.8200E+02  0.5195E-01
  0.8300E+02  0.5835E-01
  0.8400E+02  0.5876E-01
  0.8500E+02  0.5481E-01
  0.8600E+02  0.5622E-01
  0.8700E+02  0.6494E-01
  0.8800E+02  0.6880E-01
  0.8900E+02  0.8233E-01
  0.9000E+02  0.8017E-01
  0.9100E+02  0.8201E-01
  0.9200E+02  0.9113E-01
  0.9300E+02  0.9441E-01
  0.9400E+02  0.1050E+00
  0.9500E+02  0.1197E+00
  0.9600E+02  0.1310E+00
  0.9700E+02  0.1316E+00
  0.9800E+02  0.1426E+00
  0.9900E+02  0.1519E+00
  0.1000E+03  0.1590E+00
  0.1010E+03  0.1540E+00
  0.1020E+03  0.1643E+00
  0.1030E+03  0.1562E+00
  0.1040E+03  0.1626E+00
  0.1050E+03  0.1643E+00
  0.1060E+03  0.1434E+00
  0.1070E+03  0.1444E+00
  0.1080E+03  0.1346E+00
  0.1090E+03  0.1261E+00
  0.1100E+03  0.1090E+00
  0.1110E+03  0.1029E+00
  0.1120E+03  0.9686E-01
  0.1130E+03  0.8973E-01
  0.1140E+03  0.7308E-01
  0.1150E+03  0.6869E-01
  0.1160E+03  0.6617E-01
  0.1170E+03  0.5523E-01
  0.1180E+03  0.4831E-01
  0.1190E+03  0.4650E-01
  0.1200E+03  0.4121E-01
  0.1210E+03  0.3852E-01
  0.1220E+03  0.3617E-01
  0.1230E+03  0.2967E-01
  0.1240E+03  0.2860E-01
  0.1250E+03  0.3182E-01
  0.1260E+03  0.3015E-01
  0.1270E+03  0.2528E-01
  0.1280E+03  0.2407E-01
  0.1290E+03  0.2502E-01
  0.1300E+03  0.2671E-01
  0.1310E+03  0.1967E-01
  0.1320E+03  0.2145E-01
  0.1330E+03  0.2368E-01
  0.1340E+03  0.2231E-01
  0.1350E+03  0.1755E-01
  0.1360E+03  0.1519E-01
  0.1370E+03  0.1565E-01
  0.1380E+03  0.1210E-01
  0.1390E+03  0.1081E-01
  0.1400E+03  0.1131E-01
  0.1410E+03  0.8395E-02
  0.1420E+03  0.7360E-02
  0.1430E+03  0.5028E-02
  0.1440E+03  0.4333E-02
  0.1450E+03  0.7160E-02
  0.1460E+03  0.5331E-02
  0.1470E+03  0.4212E-02
  0.1480E+03  0.6077E-02
  0.1490E+03  0.5027E-02
  0.1500E+03  0.4430E-02
  0.1510E+03  0.5185E-02
  0.1520E+03  0.4243E-02
  0.1530E+03  0.6126E-02
  0.1540E+03  0.4410E-02
  0.1550E+03  0.4745E-02
  0.1560E+03  0.7027E-02
  0.1570E+03  0.4499E-02
  0.1580E+03  0.4188E-02
  0.1590E+03  0.4349E-02
  0.1600E+03  0.5793E-02
  0.1610E+03  0.5944E-02
  0.1620E+03  0.5199E-02
  0.1630E+03  0.5431E-02
  0.1640E+03  0.5350E-02
  0.1650E+03  0.4537E-02
  0.1660E+03  0.4820E-02
  0.1670E+03  0.6452E-02
  0.1680E+03  0.4394E-02
  0.1690E+03  0.3880E-02
  0.1700E+03  0.5080E-02
  0.1710E+03  0.4541E-02
  0.1720E+03  0.5723E-02
  0.1730E+03  0.6020E-02
  0.1740E+03  0.4761E-02
  0.1750E+03  0.6583E-02
  0.1760E+03  0.4467E-02
  0.1770E+03  0.5727E-02
  0.1780E+03  0.5189E-02
  0.1790E+03  0.3312E-02
  0.1800E+03  0.7023E-02
  0.1810E+03  0.6546E-02
  0.1820E+03  0.5168E-02
  0.1830E+03  0.4135E-02
  0.1840E+03  0.5467E-02
  0.1850E+03  0.5197E-02
  0.1860E+03  0.5710E-02
  0.1870E+03  0.6509E-02
  0.1880E+03  0.6700E-02
  0.1890E+03  0.4408E-02
  0.1900E+03  0.2565E-02
  0.1910E+03  0.5347E-02
  0.1920E+03  0.4670E-02
  0.1930E+03  0.5150E-02
  0.1940E+03  0.4559E-02
  0.1950E+03  0.4646E-02
  0.1960E+03  0.5117E-02
  0.1970E+03  0.2419E-02
  0.1980E+03  0.2847E-02
  0.1990E+03  0.4810E-02
  0.2000E+03  0.4769E-02
  0.2010E+03  0.4181E-02
  0.2020E+03  0.5509E-02
  0.2030E+03  0.4315E-02
  0.2040E+03  0.5221E-02
  0.2050E+03  0.3718E-02
  0.2060E+03  0.4331E-02
  0.2070E+03  0.2027E-02
  0.2080E+03  0.3843E-02
  0.2090E+03  0.3060E-02
  0.2100E+03  0.3349E-02
  0.2110E+03  0.1585E-02
  0.2120E+03  0.4354E-02
  0.2130E+03  0.3386E-02
  0.2140E+03  0.1968E-02
  0.2150E+03  0.1275E-02
  0.2160E+03  0.3034E-02
  0.2170E+03  0.3464E-02
  0.2180E+03  0.4044E-02
  0.2190E+03  0.1487E-02
  0.2200E+03  0.3529E-02
  0.2210E+03  0.2400E-02
  0.2220E+03  0.2290E-02
  0.2230E+03  0.2197E-02
  0.2240E+03  0.1918E-02
  0.2250E+03  0.2151E-02
  0.2260E+03  0.3603E-02
  0.2270E+03  0.3140E-02
  0.2280E+03  0.2196E-02
  0.2290E+03  0.2937E-02
  0.2300E+03  0.2569E-02
  0.2310E+03  0.2171E-02
  0.2320E+03  0.1566E-02
  0.2330E+03  0.1938E-02
  0.2340E+03  0.2943E-02
  0.2350E+03  0.2022E-02
  0.2360E+03  0.1473E-02
  0.2370E+03  0.1150E-02
  0.2380E+03  0.1772E-02
  0.2390E+03  0.2254E-02
  0.2400E+03  0.2670E-02
  0.2410E+03  0.2000E-02
  0.2420E+03  0.1038E-02
  0.2430E+03  0.1794E-02
  0.2440E+03  0.1998E-02
  0.2450E+03  0.1410E-02
  0.2460E+03  0.1248E-02
  0.2470E+03  0.1606E-02
  0.2480E+03  0.8017E-03
  0.2490E+03  0.8905E-03
  0.2500E+03  0.8585E-03
  0.2510E+03  0.1638E-02
  0.2520E+03  0.1299E-02
  0.2530E+03  0.1375E-02
  0.2540E+03  0.9730E-03
  0.2550E+03  0.1345E-02
  0.2560E+03  0.1441E-02
  0.2570E+03  0.1522E-02
  0.2580E+03  0.1306E-02
  0.2590E+03  0.1103E-02
  0.2600E+03  0.1142E-02
  0.2610E+03  0.1409E-02
  0.2620E+03  0.7844E-03
  0.2630E+03  0.5838E-03
  0.2640E+03  0.8508E-03
  0.2650E+03  0.7308E-03
  0.2660E+03  0.1221E-02
  0.2670E+03  0.5772E-03
  0.2680E+03  0.6517E-03
  0.2690E+03  0.6838E-03
  0.2700E+03  0.2192E-03
  0.2710E+03  0.5181E-03
  0.2720E+03  0.5536E-03
  0.2730E+03  0.6257E-03
  0.2740E+03  0.1084E-02
  0.2750E+03  0.2987E-03
  0.2760E+03  0.1686E-03
  0.2770E+03  0.3800E-03
  0.2780E+03  0.6358E-03
  0.2790E+03  0.4020E-03
  0.2800E+03  0.5223E-03
  0.2810E+03  0.2679E-03
  0.2820E+03  0.3734E-03
  0.2830E+03  0.8572E-03
  0.2840E+03  0.1132E-02
  0.2850E+03  0.0000E+00
  0.2860E+03  0.6900E-03
  0.2870E+03  0.7592E-03
  0.2880E+03  0.9550E-03
  0.2890E+03  0.5829E-03
  0.2900E+03  0.2361E-03
  0.2910E+03  0.7334E-03
  0.2920E+03  0.3509E-03
  0.2930E+03  0.0000E+00
  0.2940E+03  0.5039E-03
  0.2950E+03  0.5322E-03
  0.2960E+03  0.8573E-03
  0.2970E+03  0.4044E-03
  0.2980E+03  0.6980E-03
  0.2990E+03  0.1268E-02
  0.3000E+03  0.6702E-03
  0.3010E+03  0.7733E-03
  0.3020E+03  0.3004E-03
  0.3030E+03  0.8667E-03
  0.3040E+03  0.2666E-03
  0.3050E+03  0.1150E-03
  0.3060E+03  0.1829E-03
  0.3070E+03  0.3821E-03
  0.3080E+03  0.1250E-02
  0.3090E+03  0.3424E-03
  0.3100E+03  0.2286E-03
  0.3110E+03  0.1378E-03
  0.3120E+03  0.4323E-03
  0.3130E+03  0.1144E-02
  0.3140E+03  0.9997E-03
  0.3150E+03  0.0000E+00
  0.3160E+03  0.9805E-03
  0.3170E+03  0.4561E-03
  0.3180E+03  0.2404E-03
  0.3190E+03  0.2433E-03
  0.3200E+03  0.3969E-03
  0.3210E+03  0.3515E-03
  0.3220E+03  0.3630E-03
  0.3230E+03  0.1157E-03
  0.3240E+03  0.4177E-03
  0.3250E+03  0.4024E-03
  0.3260E+03  0.4591E-03
  0.3270E+03  0.4409E-03
  0.3280E+03  0.9382E-04
  0.3290E+03  0.3238E-03
  0.3300E+03  0.2966E-03
  0.3310E+03  0.2931E-03
  0.3320E+03  0.1468E-03
  0.3330E+03  0.6824E-03
  0.3340E+03  0.3980E-03
  0.3350E+03  0.2599E-03
  0.3360E+03  0.5954E-03
  0.3370E+03  0.5687E-03
  0.3380E+03  0.9883E-04
  0.3390E+03  0.4416E-03
  0.3400E+03  0.5302E-03
  0.3410E+03  0.2776E-04
  0.3420E+03  0.7481E-03
  0.3430E+03  0.2312E-03
  0.3440E+03  0.6658E-03
  0.3450E+03  0.8246E-04
  0.3460E+03  0.5584E-03
  0.3470E+03  0.5525E-03
  0.3480E+03  0.2306E-03
  0.3490E+03  0.3318E-03
  0.3500E+03  0.1006E-02
  0.3510E+03  0.0000E+00
  0.3520E+03  0.5408E-03
  0.3530E+03  0.2853E-04
  0.3540E+03  0.1738E-03
  0.3550E+03  0.3798E-03
  0.3560E+03  0.0000E+00
  0.3570E+03  0.6401E-04
  0.3580E+03  0.4921E-04
  0.3590E+03  0.3098E-03
  0.3600E+03  0.0000E+00
  0.3610E+03  0.1187E-04
  0.3620E+03  0.1507E-03
  0.3630E+03  0.1675E-03
  0.3640E+03  0.1753E-03
  0.3650E+03  0.1540E-03
  0.3660E+03  0.8332E-03
  0.3670E+03  0.3279E-03
  0.3680E+03  0.0000E+00
  0.3690E+03  0.9006E-03
  0.3700E+03  0.0000E+00
  0.3710E+03  0.7834E-03
  0.3720E+03  0.3348E-03
  0.3730E+03  0.8041E-04
  0.3740E+03  0.4562E-03
  0.3750E+03  0.3383E-03
  0.3760E+03  0.1301E-03
  0.3770E+03  0.5097E-03
  0.3780E+03  0.0000E+00
  0.3790E+03  0.5046E-03
  0.3800E+03  0.2711E-03
  0.3810E+03  0.4327E-03
  0.3820E+03  0.4002E-03
  0.3830E+03  0.1060E-03
  0.3840E+03  0.6395E-03
  0.3850E+03  0.2766E-03
  0.3860E+03  0.6466E-03
  0.3870E+03  0.3246E-03
  0.3880E+03  0.2487E-03
  0.3890E+03  0.2282E-03
  0.3900E+03  0.6375E-03
  0.3910E+03  0.2746E-03
  0.3920E+03  0.6273E-03
  0.3930E+03  0.2505E-03
  0.3940E+03  0.4367E-04
  0.3950E+03  0.4534E-03
  0.3960E+03  0.3525E-03
  0.3970E+03  0.0000E+00
  0.3980E+03  0.0000E+00
  0.3990E+03  0.0000E+00
  0.4000E+03  0.3213E-03
  0.4010E+03  0.3096E-03
  0.4020E+03  0.9501E-03
  0.4030E+03  0.1559E-03
  0.4040E+03  0.8883E-03
  0.4050E+03  0.0000E+00
  0.4060E+03  0.6812E-05
  0.4070E+03  0.1464E-03
  0.4080E+03  0.1572E-03
  0.4090E+03  0.7253E-03
  0.4100E+03  0.0000E+00
  0.4110E+03  0.2326E-03
  0.4120E+03  0.2255E-03
  0.4130E+03  0.1860E-03
  0.4140E+03  0.0000E+00
  0.4150E+03  0.8776E-04
  0.4160E+03  0.7916E-04
  0.4170E+03  0.0000E+00
  0.4180E+03  0.3151E-03
  0.4190E+03  0.0000E+00
  0.4200E+03  0.0000E+00
  0.4210E+03  0.9717E-04
  0.4220E+03  0.0000E+00
  0.4230E+03  0.7939E-03
  0.4240E+03  0.1407E-03
  0.4250E+03  0.6078E-04
  0.4260E+03  0.1426E-03
  0.4270E+03  0.0000E+00
  0.4280E+03  0.0000E+00
  0.4290E+03  0.5486E-05
  0.4300E+03  0.0000E+00
  0.4310E+03  0.0000E+00
  0.4320E+03  0.0000E+00
  0.4330E+03  0.0000E+00
  0.4340E+03  0.0000E+00
  0.4350E+03  0.4016E-03
  0.4360E+03  0.0000E+00
  0.4370E+03  0.3211E-03
  0.4380E+03  0.0000E+00
  0.4390E+03  0.2571E-03
  0.4400E+03  0.7651E-04
  0.4410E+03  0.0000E+00
  0.4420E+03  0.0000E+00
  0.4430E+03  0.2909E-04
  0.4440E+03  0.0000E+00
  0.4450E+03  0.0000E+00
  0.4460E+03  0.9579E-04
  0.4470E+03  0.0000E+00
  0.4480E+03  0.1437E-04
  0.4490E+03  0.0000E+00
  0.4500E+03  0.9527E-04
  0.4510E+03  0.0000E+00
  0.4520E+03  0.1498E-03
  0.4530E+03  0.0000E+00
  0.4540E+03  0.1181E-03
  0.4550E+03  0.0000E+00
  0.4560E+03  0.2104E-03
  0.4570E+03  0.4556E-03
  0.4580E+03  0.7830E-04
  0.4590E+03  0.2900E-03
  0.4600E+03  0.1113E-03
  0.4610E+03  0.1457E-03
  0.4620E+03  0.0000E+00
  0.4630E+03  0.3852E-03
  0.4640E+03  0.0000E+00
  0.4650E+03  0.0000E+00
  0.4660E+03  0.3953E-03
  0.4670E+03  0.3195E-04
  0.4680E+03  0.3614E-03
  0.4690E+03  0.0000E+00
  0.4700E+03  0.7864E-04
  0.4710E+03  0.2044E-03
  0.4720E+03  0.0000E+00
  0.4730E+03  0.2710E-03
  0.4740E+03  0.0000E+00
  0.4750E+03  0.1639E-03
  0.4760E+03  0.0000E+00
  0.4770E+03  0.1771E-03
  0.4780E+03  0.0000E+00
  0.4790E+03  0.0000E+00
  0.4800E+03  0.6398E-03
  0.4810E+03  0.0000E+00
  0.4820E+03  0.0000E+00
  0.4830E+03  0.0000E+00
  0.4840E+03  0.1887E-04
  0.4850E+03  0.0000E+00
  0.4860E+03  0.4558E-03
  0.4870E+03  0.0000E+00
  0.4880E+03  0.0000E+00
  0.4890E+03  0.0000E+00
  0.4900E+03  0.0000E+00
  0.4910E+03  0.0000E+00
  0.4920E+03  0.0000E+00
  0.4930E+03  0.3203E-03
  0.4940E+03  0.0000E+00
  0.4950E+03  0.5203E-03
  0.4960E+03  0.3551E-03
  0.4970E+03  0.0000E+00
  0.4980E+03  0.1742E-04
  0.4990E+03  0.0000E+00
  0.5000E+03  0.0000E+00
  0.5010E+03  0.3352E-04
  0.5020E+03  0.0000E+00
  0.5030E+03  0.0000E+00
  0.5040E+03  0.0000E+00
  0.5050E+03  0.2341E-03
  0.5060E+03  0.0000E+00
  0.5070E+03  0.0000E+00
  0.5080E+03  0.0000E+00
  0.5090E+03  0.0000E+00
  0.5100E+03  0.0000E+00
  0.5110E+03  0.0000E+00
  0.5120E+03  0.0000E+00
