  0.1000E+01  0.6185E+00
  0.2000E+01  0.7146E+00
  0.3000E+01  0.7335E+00
  0.4000E+01  0.7415E+00
  0.5000E+01  0.8512E+00
  0.6000E+01  0.7758E+00
  0.7000E+01  0.9687E+00
  0.8000E+01  0.8219E+00
  0.9000E+01  0.9140E+00
  0.1000E+02  0.8987E+00
  0.1100E+02  0.7205E+00
  0.1200E+02  0.8772E+00
  0.1300E+02  0.7432E+00
  0.1400E+02  0.7864E+00
  0.1500E+02  0.7387E+00
  0.1600E+02  0.7687E+00
  0.1700E+02  0.7779E+00
  0.1800E+02  0.7781E+00
  0.1900E+02  0.8297E+00
  0.2000E+02  0.8260E+00
  0.2100E+02  0.7879E+00
  0.2200E+02  0.8505E+00
  0.2300E+02  0.8774E+00
  0.2400E+02  0.7752E+00
  0.2500E+02  0.7976E+00
  0.2600E+02  0.8509E+00
  0.2700E+02  0.7782E+00
  0.2800E+02  0.8403E+00
  0.2900E+02  0.7579E+00
  0.3000E+02  0.7952E+00
  0.3100E+02  0.7967E+00
  0.3200E+02  0.6804E+00
  0.3300E+02  0.8397E+00
  0.3400E+02  0.7588E+00
  0.3500E+02  0.7696E+00
  0.3600E+02  0.7059E+00
  0.3700E+02  0.7699E+00
  0.3800E+02  0.7970E+00
  0.3900E+02  0.7970E+00
  0.4000E+02  0.7876E+00
  0.4100E+02  0.7322E+00
  0.4200E+02  0.8258E+00
  0.4300E+02  0.6890E+00
  0.4400E+02  0.8048E+00
  0.4500E+02  0.8764E+00
  0.4600E+02  0.7731E+00
  0.4700E+02  0.9542E+00
  0.4800E+02  0.9620E+00
  0.4900E+02  0.8966E+00
  0.5000E+02  0.8402E+00
  0.5100E+02  0.7626E+00
  0.5200E+02  0.8571E+00
  0.5300E+02  0.8823E+00
  0.5400E+02  0.8259E+00
  0.5500E+02  0.9053E+00
  0.5600E+02  0.9762E+00
  0.5700E+02  0.9491E+00
  0.5800E+02  0.9526E+00
  0.5900E+02  0.9781E+00
  0.6000E+02  0.1016E+01
  0.6100E+02  0.9615E+00
  0.6200E+02  0.1076E+01
  0.6300E+02  0.1079E+01
  0.6400E+02  0.1091E+01
  0.6500E+02  0.1033E+01
  0.6600E+02  0.1141E+01
  0.6700E+02  0.1239E+01
  0.6800E+02  0.1131E+01
  0.6900E+02  0.1212E+01
  0.7000E+02  0.1055E+01
  0.7100E+02  0.1269E+01
  0.7200E+02  0.1293E+01
  0.7300E+02  0.1357E+01
  0.7400E+02  0.1280E+01
  0.7500E+02  0.1351E+01
  0.7600E+02  0.1273E+01
  0.7700E+02  0.1429E+01
  0.7800E+02  0.1318E+01
  0.7900E+02  0.1357E+01
  0.8000E+02  0.1439E+01
  0.8100E+02  0.1455E+01
  0.8200E+02  0.1452E+01
  0.8300E+02  0.1349E+01
  0.8400E+02  0.1242E+01
  0.8500E+02  0.1444E+01
  0.8600E+02  0.1380E+01
  0.8700E+02  0.1487E+01
  0.8800E+02  0.1433E+01
  0.8900E+02  0.1302E+01
  0.9000E+02  0.1577E+01
  0.9100E+02  0.1348E+01
  0.9200E+02  0.1539E+01
  0.9300E+02  0.1404E+01
  0.9400E+02  0.1393E+01
  0.9500E+02  0.1449E+01
  0.9600E+02  0.1272E+01
  0.9700E+02  0.1195E+01
  0.9800E+02  0.1266E+01
  0.9900E+02  0.1465E+01
  0.1000E+03  0.1376E+01
  0.1010E+03  0.1373E+01
  0.1020E+03  0.1449E+01
  0.1030E+03  0.1271E+01
  0.1040E+03  0.1610E+01
  0.1050E+03  0.1430E+01
  0.1060E+03  0.1463E+01
  0.1070E+03  0.1472E+01
  0.1080E+03  0.1352E+01
  0.1090E+03  0.1311E+01
  0.1100E+03  0.1331E+01
  0.1110E+03  0.1498E+01
  0.1120E+03  0.1401E+01
  0.1130E+03  0.1356E+01
  0.1140E+03  0.1437E+01
  0.1150E+03  0.1392E+01
  0.1160E+03  0.1385E+01
  0.1170E+03  0.1370E+01
  0.1180E+03  0.1449E+01
  0.1190E+03  0.1419E+01
  0.1200E+03  0.1362E+01
  0.1210E+03  0.1426E+01
  0.1220E+03  0.1355E+01
  0.1230E+03  0.1415E+01
  0.1240E+03  0.1334E+01
  0.1250E+03  0.1341E+01
  0.1260E+03  0.1370E+01
  0.1270E+03  0.1395E+01
  0.1280E+03  0.1540E+01
  0.1290E+03  0.1324E+01
  0.1300E+03  0.1415E+01
  0.1310E+03  0.1463E+01
  0.1320E+03  0.1608E+01
  0.1330E+03  0.1570E+01
  0.1340E+03  0.1600E+01
  0.1350E+03  0.1588E+01
  0.1360E+03  0.1495E+01
  0.1370E+03  0.1591E+01
  0.1380E+03  0.1450E+01
  0.1390E+03  0.1604E+01
  0.1400E+03  0.1608E+01
  0.1410E+03  0.1696E+01
  0.1420E+03  0.1657E+01
  0.1430E+03  0.1549E+01
  0.1440E+03  0.1550E+01
  0.1450E+03  0.1536E+01
  0.1460E+03  0.1509E+01
  0.1470E+03  0.1570E+01
  0.1480E+03  0.1592E+01
  0.1490E+03  0.1520E+01
  0.1500E+03  0.1936E+01
  0.1510E+03  0.1720E+01
  0.1520E+03  0.1671E+01
  0.1530E+03  0.1575E+01
  0.1540E+03  0.1714E+01
  0.1550E+03  0.1587E+01
  0.1560E+03  0.1526E+01
  0.1570E+03  0.1804E+01
  0.1580E+03  0.1820E+01
  0.1590E+03  0.1778E+01
  0.1600E+03  0.1744E+01
  0.1610E+03  0.1739E+01
  0.1620E+03  0.2059E+01
  0.1630E+03  0.1948E+01
  0.1640E+03  0.1836E+01
  0.1650E+03  0.1775E+01
  0.1660E+03  0.1887E+01
  0.1670E+03  0.1924E+01
  0.1680E+03  0.2119E+01
  0.1690E+03  0.2224E+01
  0.1700E+03  0.2331E+01
  0.1710E+03  0.2174E+01
  0.1720E+03  0.2167E+01
  0.1730E+03  0.2176E+01
  0.1740E+03  0.2546E+01
  0.1750E+03  0.2346E+01
  0.1760E+03  0.2469E+01
  0.1770E+03  0.2393E+01
  0.1780E+03  0.2395E+01
  0.1790E+03  0.2382E+01
  0.1800E+03  0.2393E+01
  0.1810E+03  0.2476E+01
  0.1820E+03  0.2225E+01
  0.1830E+03  0.2296E+01
  0.1840E+03  0.2380E+01
  0.1850E+03  0.2396E+01
  0.1860E+03  0.2296E+01
  0.1870E+03  0.2247E+01
  0.1880E+03  0.2467E+01
  0.1890E+03  0.2206E+01
  0.1900E+03  0.2333E+01
  0.1910E+03  0.2155E+01
  0.1920E+03  0.2107E+01
  0.1930E+03  0.1956E+01
  0.1940E+03  0.1853E+01
  0.1950E+03  0.1954E+01
  0.1960E+03  0.1955E+01
  0.1970E+03  0.1872E+01
  0.1980E+03  0.1766E+01
  0.1990E+03  0.1735E+01
  0.2000E+03  0.1728E+01
  0.2010E+03  0.1692E+01
  0.2020E+03  0.1706E+01
  0.2030E+03  0.1588E+01
  0.2040E+03  0.1727E+01
  0.2050E+03  0.1505E+01
  0.2060E+03  0.1383E+01
  0.2070E+03  0.1525E+01
  0.2080E+03  0.1595E+01
  0.2090E+03  0.1335E+01
  0.2100E+03  0.1472E+01
  0.2110E+03  0.1416E+01
  0.2120E+03  0.1517E+01
  0.2130E+03  0.1359E+01
  0.2140E+03  0.1443E+01
  0.2150E+03  0.1197E+01
  0.2160E+03  0.1301E+01
  0.2170E+03  0.1260E+01
  0.2180E+03  0.1288E+01
  0.2190E+03  0.1218E+01
  0.2200E+03  0.1193E+01
  0.2210E+03  0.1139E+01
  0.2220E+03  0.1209E+01
  0.2230E+03  0.1218E+01
  0.2240E+03  0.1261E+01
  0.2250E+03  0.1153E+01
  0.2260E+03  0.1036E+01
  0.2270E+03  0.1126E+01
  0.2280E+03  0.9548E+00
  0.2290E+03  0.1061E+01
  0.2300E+03  0.9770E+00
  0.2310E+03  0.1044E+01
  0.2320E+03  0.8816E+00
  0.2330E+03  0.9003E+00
  0.2340E+03  0.8631E+00
  0.2350E+03  0.9917E+00
  0.2360E+03  0.1036E+01
  0.2370E+03  0.9786E+00
  0.2380E+03  0.8342E+00
  0.2390E+03  0.8244E+00
  0.2400E+03  0.9271E+00
  0.2410E+03  0.8134E+00
  0.2420E+03  0.9074E+00
  0.2430E+03  0.7757E+00
  0.2440E+03  0.8013E+00
  0.2450E+03  0.8700E+00
  0.2460E+03  0.8357E+00
  0.2470E+03  0.8732E+00
  0.2480E+03  0.6970E+00
  0.2490E+03  0.7441E+00
  0.2500E+03  0.7670E+00
  0.2510E+03  0.7580E+00
  0.2520E+03  0.7478E+00
  0.2530E+03  0.6385E+00
  0.2540E+03  0.7083E+00
  0.2550E+03  0.6620E+00
  0.2560E+03  0.7297E+00
  0.2570E+03  0.7603E+00
  0.2580E+03  0.6909E+00
  0.2590E+03  0.6738E+00
  0.2600E+03  0.6485E+00
  0.2610E+03  0.6389E+00
  0.2620E+03  0.6537E+00
  0.2630E+03  0.7347E+00
  0.2640E+03  0.6420E+00
  0.2650E+03  0.4554E+00
  0.2660E+03  0.6138E+00
  0.2670E+03  0.5853E+00
  0.2680E+03  0.5372E+00
  0.2690E+03  0.6313E+00
  0.2700E+03  0.6844E+00
  0.2710E+03  0.5852E+00
  0.2720E+03  0.5695E+00
  0.2730E+03  0.5589E+00
  0.2740E+03  0.5334E+00
  0.2750E+03  0.5857E+00
  0.2760E+03  0.5526E+00
  0.2770E+03  0.6128E+00
  0.2780E+03  0.4974E+00
  0.2790E+03  0.5969E+00
  0.2800E+03  0.5123E+00
  0.2810E+03  0.5454E+00
  0.2820E+03  0.5404E+00
  0.2830E+03  0.4553E+00
  0.2840E+03  0.4848E+00
  0.2850E+03  0.5476E+00
  0.2860E+03  0.5665E+00
  0.2870E+03  0.5207E+00
  0.2880E+03  0.4792E+00
  0.2890E+03  0.5281E+00
  0.2900E+03  0.4060E+00
  0.2910E+03  0.6203E+00
  0.2920E+03  0.4443E+00
  0.2930E+03  0.4156E+00
  0.2940E+03  0.4243E+00
  0.2950E+03  0.5565E+00
  0.2960E+03  0.4103E+00
  0.2970E+03  0.4813E+00
  0.2980E+03  0.3572E+00
  0.2990E+03  0.4947E+00
  0.3000E+03  0.3387E+00
  0.3010E+03  0.4023E+00
  0.3020E+03  0.3830E+00
  0.3030E+03  0.3924E+00
  0.3040E+03  0.3234E+00
  0.3050E+03  0.4098E+00
  0.3060E+03  0.3972E+00
  0.3070E+03  0.3883E+00
  0.3080E+03  0.3440E+00
  0.3090E+03  0.3794E+00
  0.3100E+03  0.4034E+00
  0.3110E+03  0.2868E+00
  0.3120E+03  0.3028E+00
  0.3130E+03  0.3983E+00
  0.3140E+03  0.3340E+00
  0.3150E+03  0.4323E+00
  0.3160E+03  0.3730E+00
  0.3170E+03  0.3691E+00
  0.3180E+03  0.3811E+00
  0.3190E+03  0.3461E+00
  0.3200E+03  0.4103E+00
  0.3210E+03  0.3765E+00
  0.3220E+03  0.3333E+00
  0.3230E+03  0.2725E+00
  0.3240E+03  0.2781E+00
  0.3250E+03  0.3772E+00
  0.3260E+03  0.3259E+00
  0.3270E+03  0.3034E+00
  0.3280E+03  0.3567E+00
  0.3290E+03  0.3645E+00
  0.3300E+03  0.4106E+00
  0.3310E+03  0.2918E+00
  0.3320E+03  0.2967E+00
  0.3330E+03  0.2046E+00
  0.3340E+03  0.3269E+00
  0.3350E+03  0.2677E+00
  0.3360E+03  0.2074E+00
  0.3370E+03  0.3549E+00
  0.3380E+03  0.3143E+00
  0.3390E+03  0.3280E+00
  0.3400E+03  0.2297E+00
  0.3410E+03  0.2805E+00
  0.3420E+03  0.2436E+00
  0.3430E+03  0.2919E+00
  0.3440E+03  0.3308E+00
  0.3450E+03  0.2722E+00
  0.3460E+03  0.2918E+00
  0.3470E+03  0.2853E+00
  0.3480E+03  0.3543E+00
  0.3490E+03  0.2398E+00
  0.3500E+03  0.2614E+00
  0.3510E+03  0.2919E+00
  0.3520E+03  0.3106E+00
  0.3530E+03  0.2805E+00
  0.3540E+03  0.2552E+00
  0.3550E+03  0.2198E+00
  0.3560E+03  0.2614E+00
  0.3570E+03  0.2809E+00
  0.3580E+03  0.2749E+00
  0.3590E+03  0.2600E+00
  0.3600E+03  0.2253E+00
  0.3610E+03  0.2589E+00
  0.3620E+03  0.2545E+00
  0.3630E+03  0.2270E+00
  0.3640E+03  0.2347E+00
  0.3650E+03  0.2022E+00
  0.3660E+03  0.2480E+00
  0.3670E+03  0.3136E+00
  0.3680E+03  0.2497E+00
  0.3690E+03  0.2412E+00
  0.3700E+03  0.2206E+00
  0.3710E+03  0.1981E+00
  0.3720E+03  0.2124E+00
  0.3730E+03  0.2073E+00
  0.3740E+03  0.2188E+00
  0.3750E+03  0.2312E+00
  0.3760E+03  0.2157E+00
  0.3770E+03  0.1950E+00
  0.3780E+03  0.2672E+00
  0.3790E+03  0.1778E+00
  0.3800E+03  0.2068E+00
  0.3810E+03  0.2332E+00
  0.3820E+03  0.2129E+00
  0.3830E+03  0.1799E+00
  0.3840E+03  0.2571E+00
  0.3850E+03  0.1650E+00
  0.3860E+03  0.1991E+00
  0.3870E+03  0.1611E+00
  0.3880E+03  0.2440E+00
  0.3890E+03  0.2274E+00
  0.3900E+03  0.2234E+00
  0.3910E+03  0.1477E+00
  0.3920E+03  0.2226E+00
  0.3930E+03  0.1957E+00
  0.3940E+03  0.1729E+00
  0.3950E+03  0.2763E+00
  0.3960E+03  0.1499E+00
  0.3970E+03  0.1129E+00
  0.3980E+03  0.1989E+00
  0.3990E+03  0.1701E+00
  0.4000E+03  0.1739E+00
  0.4010E+03  0.1630E+00
  0.4020E+03  0.1575E+00
  0.4030E+03  0.1753E+00
  0.4040E+03  0.1546E+00
  0.4050E+03  0.1425E+00
  0.4060E+03  0.1650E+00
  0.4070E+03  0.1736E+00
  0.4080E+03  0.1365E+00
  0.4090E+03  0.2209E+00
  0.4100E+03  0.2071E+00
  0.4110E+03  0.1561E+00
  0.4120E+03  0.1863E+00
  0.4130E+03  0.1115E+00
  0.4140E+03  0.1649E+00
  0.4150E+03  0.1863E+00
  0.4160E+03  0.1665E+00
  0.4170E+03  0.1471E+00
  0.4180E+03  0.1082E+00
  0.4190E+03  0.1571E+00
  0.4200E+03  0.1330E+00
  0.4210E+03  0.1488E+00
  0.4220E+03  0.1143E+00
  0.4230E+03  0.1263E+00
  0.4240E+03  0.1500E+00
  0.4250E+03  0.1431E+00
  0.4260E+03  0.1517E+00
  0.4270E+03  0.1418E+00
  0.4280E+03  0.1371E+00
  0.4290E+03  0.1605E+00
  0.4300E+03  0.1012E+00
  0.4310E+03  0.1313E+00
  0.4320E+03  0.1375E+00
  0.4330E+03  0.1418E+00
  0.4340E+03  0.1368E+00
  0.4350E+03  0.1604E+00
  0.4360E+03  0.7429E-01
  0.4370E+03  0.1518E+00
  0.4380E+03  0.1265E+00
  0.4390E+03  0.9311E-01
  0.4400E+03  0.1125E+00
  0.4410E+03  0.1846E+00
  0.4420E+03  0.1250E+00
  0.4430E+03  0.7775E-01
  0.4440E+03  0.9235E-01
  0.4450E+03  0.1468E+00
  0.4460E+03  0.1173E+00
  0.4470E+03  0.1318E+00
  0.4480E+03  0.1097E+00
  0.4490E+03  0.7997E-01
  0.4500E+03  0.1042E+00
  0.4510E+03  0.1281E+00
  0.4520E+03  0.7948E-01
  0.4530E+03  0.8171E-01
  0.4540E+03  0.1506E+00
  0.4550E+03  0.1443E+00
  0.4560E+03  0.9898E-01
  0.4570E+03  0.5571E-01
  0.4580E+03  0.1234E+00
  0.4590E+03  0.1177E+00
  0.4600E+03  0.1001E+00
  0.4610E+03  0.1120E+00
  0.4620E+03  0.1294E+00
  0.4630E+03  0.1321E+00
  0.4640E+03  0.9119E-01
  0.4650E+03  0.8379E-01
  0.4660E+03  0.9551E-01
  0.4670E+03  0.7488E-01
  0.4680E+03  0.1435E+00
  0.4690E+03  0.1103E+00
  0.4700E+03  0.1309E+00
  0.4710E+03  0.9574E-01
  0.4720E+03  0.7761E-01
  0.4730E+03  0.9636E-01
  0.4740E+03  0.4715E-01
  0.4750E+03  0.7480E-01
  0.4760E+03  0.9542E-01
  0.4770E+03  0.5407E-01
  0.4780E+03  0.7701E-01
  0.4790E+03  0.9383E-01
  0.4800E+03  0.1260E+00
  0.4810E+03  0.7371E-01
  0.4820E+03  0.9301E-01
  0.4830E+03  0.6248E-01
  0.4840E+03  0.8534E-01
  0.4850E+03  0.1029E+00
  0.4860E+03  0.1174E+00
  0.4870E+03  0.6494E-01
  0.4880E+03  0.8125E-01
  0.4890E+03  0.8763E-01
  0.4900E+03  0.8406E-01
  0.4910E+03  0.9416E-01
  0.4920E+03  0.5124E-01
  0.4930E+03  0.5895E-01
  0.4940E+03  0.5630E-01
  0.4950E+03  0.6728E-01
  0.4960E+03  0.7506E-01
  0.4970E+03  0.6108E-01
  0.4980E+03  0.8953E-01
  0.4990E+03  0.7837E-01
  0.5000E+03  0.7000E-01
  0.5010E+03  0.8536E-01
  0.5020E+03  0.1113E+00
  0.5030E+03  0.4600E-01
  0.5040E+03  0.7022E-01
  0.5050E+03  0.5148E-01
  0.5060E+03  0.6088E-01
  0.5070E+03  0.6009E-01
  0.5080E+03  0.3978E-01
  0.5090E+03  0.3650E-01
  0.5100E+03  0.4855E-01
  0.5110E+03  0.0000E+00
  0.5120E+03  0.0000E+00
