  0.1000E+01  0.1354E+00
  0.2000E+01  0.9480E-01
  0.3000E+01  0.1365E+00
  0.4000E+01  0.1228E+00
  0.5000E+01  0.1004E+00
  0.6000E+01  0.1071E+00
  0.7000E+01  0.1469E+00
  0.8000E+01  0.1417E+00
  0.9000E+01  0.1145E+00
  0.1000E+02  0.1535E+00
  0.1100E+02  0.1460E+00
  0.1200E+02  0.1266E+00
  0.1300E+02  0.8151E-01
  0.1400E+02  0.1495E+00
  0.1500E+02  0.7696E-01
  0.1600E+02  0.1015E+00
  0.1700E+02  0.1489E+00
  0.1800E+02  0.1158E+00
  0.1900E+02  0.1317E+00
  0.2000E+02  0.1046E+00
  0.2100E+02  0.1207E+00
  0.2200E+02  0.1099E+00
  0.2300E+02  0.1011E+00
  0.2400E+02  0.1684E+00
  0.2500E+02  0.1680E+00
  0.2600E+02  0.2026E+00
  0.2700E+02  0.2512E+00
  0.2800E+02  0.2605E+00
  0.2900E+02  0.2331E+00
  0.3000E+02  0.2348E+00
  0.3100E+02  0.2206E+00
  0.3200E+02  0.1409E+00
  0.3300E+02  0.1483E+00
  0.3400E+02  0.1268E+00
  0.3500E+02  0.1288E+00
  0.3600E+02  0.1194E+00
  0.3700E+02  0.1237E+00
  0.3800E+02  0.1238E+00
  0.3900E+02  0.1396E+00
  0.4000E+02  0.1201E+00
  0.4100E+02  0.1297E+00
  0.4200E+02  0.1390E+00
  0.4300E+02  0.1671E+00
  0.4400E+02  0.9736E-01
  0.4500E+02  0.1170E+00
  0.4600E+02  0.1062E+00
  0.4700E+02  0.1447E+00
  0.4800E+02  0.1265E+00
  0.4900E+02  0.1879E+00
  0.5000E+02  0.1500E+00
  0.5100E+02  0.9398E-01
  0.5200E+02  0.1180E+00
  0.5300E+02  0.1130E+00
  0.5400E+02  0.1158E+00
  0.5500E+02  0.9020E-01
  0.5600E+02  0.1500E+00
  0.5700E+02  0.1681E+00
  0.5800E+02  0.1235E+00
  0.5900E+02  0.1771E+00
  0.6000E+02  0.1481E+00
  0.6100E+02  0.7952E-01
  0.6200E+02  0.1731E+00
  0.6300E+02  0.1246E+00
  0.6400E+02  0.1454E+00
  0.6500E+02  0.1815E+00
  0.6600E+02  0.1467E+00
  0.6700E+02  0.1398E+00
  0.6800E+02  0.8779E-01
  0.6900E+02  0.1443E+00
  0.7000E+02  0.1328E+00
  0.7100E+02  0.1393E+00
  0.7200E+02  0.1513E+00
  0.7300E+02  0.1328E+00
  0.7400E+02  0.1512E+00
  0.7500E+02  0.1330E+00
  0.7600E+02  0.1240E+00
  0.7700E+02  0.1121E+00
  0.7800E+02  0.1130E+00
  0.7900E+02  0.1048E+00
  0.8000E+02  0.1052E+00
  0.8100E+02  0.1296E+00
  0.8200E+02  0.8610E-01
  0.8300E+02  0.2265E+00
  0.8400E+02  0.1451E+00
  0.8500E+02  0.1296E+00
  0.8600E+02  0.1360E+00
  0.8700E+02  0.1328E+00
  0.8800E+02  0.9215E-01
  0.8900E+02  0.1227E+00
  0.9000E+02  0.1168E+00
  0.9100E+02  0.1321E+00
  0.9200E+02  0.1355E+00
  0.9300E+02  0.9297E-01
  0.9400E+02  0.1140E+00
  0.9500E+02  0.1137E+00
  0.9600E+02  0.1592E+00
  0.9700E+02  0.1711E+00
  0.9800E+02  0.9315E-01
  0.9900E+02  0.1801E+00
  0.1000E+03  0.1167E+00
  0.1010E+03  0.1377E+00
  0.1020E+03  0.1335E+00
  0.1030E+03  0.1468E+00
  0.1040E+03  0.1308E+00
  0.1050E+03  0.1143E+00
  0.1060E+03  0.1262E+00
  0.1070E+03  0.1653E+00
  0.1080E+03  0.1245E+00
  0.1090E+03  0.1468E+00
  0.1100E+03  0.1177E+00
  0.1110E+03  0.1309E+00
  0.1120E+03  0.1407E+00
  0.1130E+03  0.1218E+00
  0.1140E+03  0.9542E-01
  0.1150E+03  0.1115E+00
  0.1160E+03  0.1357E+00
  0.1170E+03  0.1553E+00
  0.1180E+03  0.1325E+00
  0.1190E+03  0.1259E+00
  0.1200E+03  0.1272E+00
  0.1210E+03  0.1628E+00
  0.1220E+03  0.1485E+00
  0.1230E+03  0.1390E+00
  0.1240E+03  0.1067E+00
  0.1250E+03  0.1252E+00
  0.1260E+03  0.1726E+00
  0.1270E+03  0.1072E+00
  0.1280E+03  0.1210E+00
  0.1290E+03  0.1632E+00
  0.1300E+03  0.1636E+00
  0.1310E+03  0.2050E+00
  0.1320E+03  0.1373E+00
  0.1330E+03  0.1948E+00
  0.1340E+03  0.1356E+00
  0.1350E+03  0.1742E+00
  0.1360E+03  0.1742E+00
  0.1370E+03  0.1342E+00
  0.1380E+03  0.1260E+00
  0.1390E+03  0.2010E+00
  0.1400E+03  0.1485E+00
  0.1410E+03  0.2262E+00
  0.1420E+03  0.2109E+00
  0.1430E+03  0.2702E+00
  0.1440E+03  0.2330E+00
  0.1450E+03  0.2424E+00
  0.1460E+03  0.2219E+00
  0.1470E+03  0.3059E+00
  0.1480E+03  0.3417E+00
  0.1490E+03  0.3822E+00
  0.1500E+03  0.3650E+00
  0.1510E+03  0.4638E+00
  0.1520E+03  0.4852E+00
  0.1530E+03  0.5530E+00
  0.1540E+03  0.5874E+00
  0.1550E+03  0.6971E+00
  0.1560E+03  0.6681E+00
  0.1570E+03  0.5298E+00
  0.1580E+03  0.5659E+00
  0.1590E+03  0.6194E+00
  0.1600E+03  0.6764E+00
  0.1610E+03  0.6003E+00
  0.1620E+03  0.7094E+00
  0.1630E+03  0.4772E+00
  0.1640E+03  0.5231E+00
  0.1650E+03  0.4412E+00
  0.1660E+03  0.4543E+00
  0.1670E+03  0.3694E+00
  0.1680E+03  0.3585E+00
  0.1690E+03  0.3647E+00
  0.1700E+03  0.2554E+00
  0.1710E+03  0.3090E+00
  0.1720E+03  0.2952E+00
  0.1730E+03  0.2213E+00
  0.1740E+03  0.2381E+00
  0.1750E+03  0.1923E+00
  0.1760E+03  0.2336E+00
  0.1770E+03  0.1832E+00
  0.1780E+03  0.1829E+00
  0.1790E+03  0.1634E+00
  0.1800E+03  0.2008E+00
  0.1810E+03  0.2353E+00
  0.1820E+03  0.2537E+00
  0.1830E+03  0.2067E+00
  0.1840E+03  0.1865E+00
  0.1850E+03  0.2458E+00
  0.1860E+03  0.1817E+00
  0.1870E+03  0.2583E+00
  0.1880E+03  0.1609E+00
  0.1890E+03  0.1947E+00
  0.1900E+03  0.1896E+00
  0.1910E+03  0.2332E+00
  0.1920E+03  0.2020E+00
  0.1930E+03  0.2232E+00
  0.1940E+03  0.2675E+00
  0.1950E+03  0.1700E+00
  0.1960E+03  0.2749E+00
  0.1970E+03  0.2678E+00
  0.1980E+03  0.2081E+00
  0.1990E+03  0.2810E+00
  0.2000E+03  0.1980E+00
  0.2010E+03  0.2737E+00
  0.2020E+03  0.2578E+00
  0.2030E+03  0.2185E+00
  0.2040E+03  0.2965E+00
  0.2050E+03  0.2164E+00
  0.2060E+03  0.2629E+00
  0.2070E+03  0.3335E+00
  0.2080E+03  0.2792E+00
  0.2090E+03  0.2194E+00
  0.2100E+03  0.3083E+00
  0.2110E+03  0.2689E+00
  0.2120E+03  0.3056E+00
  0.2130E+03  0.2614E+00
  0.2140E+03  0.2493E+00
  0.2150E+03  0.2649E+00
  0.2160E+03  0.2349E+00
  0.2170E+03  0.2249E+00
  0.2180E+03  0.3257E+00
  0.2190E+03  0.3286E+00
  0.2200E+03  0.2212E+00
  0.2210E+03  0.3087E+00
  0.2220E+03  0.2908E+00
  0.2230E+03  0.3069E+00
  0.2240E+03  0.2600E+00
  0.2250E+03  0.2521E+00
  0.2260E+03  0.3039E+00
  0.2270E+03  0.3487E+00
  0.2280E+03  0.2742E+00
  0.2290E+03  0.3123E+00
  0.2300E+03  0.3078E+00
  0.2310E+03  0.2858E+00
  0.2320E+03  0.2540E+00
  0.2330E+03  0.3243E+00
  0.2340E+03  0.3631E+00
  0.2350E+03  0.2467E+00
  0.2360E+03  0.3840E+00
  0.2370E+03  0.3445E+00
  0.2380E+03  0.4773E+00
  0.2390E+03  0.3185E+00
  0.2400E+03  0.3968E+00
  0.2410E+03  0.3516E+00
  0.2420E+03  0.4112E+00
  0.2430E+03  0.3331E+00
  0.2440E+03  0.3701E+00
  0.2450E+03  0.2781E+00
  0.2460E+03  0.3571E+00
  0.2470E+03  0.3154E+00
  0.2480E+03  0.3584E+00
  0.2490E+03  0.3785E+00
  0.2500E+03  0.4335E+00
  0.2510E+03  0.3940E+00
  0.2520E+03  0.3209E+00
  0.2530E+03  0.5316E+00
  0.2540E+03  0.2715E+00
  0.2550E+03  0.3188E+00
  0.2560E+03  0.3805E+00
  0.2570E+03  0.4389E+00
  0.2580E+03  0.3668E+00
  0.2590E+03  0.3722E+00
  0.2600E+03  0.4099E+00
  0.2610E+03  0.3875E+00
  0.2620E+03  0.3976E+00
  0.2630E+03  0.4437E+00
  0.2640E+03  0.3561E+00
  0.2650E+03  0.4968E+00
  0.2660E+03  0.3899E+00
  0.2670E+03  0.4533E+00
  0.2680E+03  0.4079E+00
  0.2690E+03  0.3227E+00
  0.2700E+03  0.4616E+00
  0.2710E+03  0.4468E+00
  0.2720E+03  0.4284E+00
  0.2730E+03  0.3634E+00
  0.2740E+03  0.3816E+00
  0.2750E+03  0.3421E+00
  0.2760E+03  0.4686E+00
  0.2770E+03  0.4188E+00
  0.2780E+03  0.3639E+00
  0.2790E+03  0.4419E+00
  0.2800E+03  0.4630E+00
  0.2810E+03  0.4031E+00
  0.2820E+03  0.4843E+00
  0.2830E+03  0.3884E+00
  0.2840E+03  0.3496E+00
  0.2850E+03  0.4602E+00
  0.2860E+03  0.4234E+00
  0.2870E+03  0.4267E+00
  0.2880E+03  0.3408E+00
  0.2890E+03  0.4330E+00
  0.2900E+03  0.4220E+00
  0.2910E+03  0.4794E+00
  0.2920E+03  0.4289E+00
  0.2930E+03  0.5031E+00
  0.2940E+03  0.3475E+00
  0.2950E+03  0.4715E+00
  0.2960E+03  0.5030E+00
  0.2970E+03  0.3687E+00
  0.2980E+03  0.4427E+00
  0.2990E+03  0.4211E+00
  0.3000E+03  0.4606E+00
  0.3010E+03  0.3997E+00
  0.3020E+03  0.3935E+00
  0.3030E+03  0.4009E+00
  0.3040E+03  0.4670E+00
  0.3050E+03  0.4411E+00
  0.3060E+03  0.5384E+00
  0.3070E+03  0.4553E+00
  0.3080E+03  0.3173E+00
  0.3090E+03  0.4544E+00
  0.3100E+03  0.4215E+00
  0.3110E+03  0.5123E+00
  0.3120E+03  0.5362E+00
  0.3130E+03  0.3868E+00
  0.3140E+03  0.4029E+00
  0.3150E+03  0.3710E+00
  0.3160E+03  0.4104E+00
  0.3170E+03  0.4279E+00
  0.3180E+03  0.4526E+00
  0.3190E+03  0.3790E+00
  0.3200E+03  0.5076E+00
  0.3210E+03  0.4398E+00
  0.3220E+03  0.4998E+00
  0.3230E+03  0.5161E+00
  0.3240E+03  0.4434E+00
  0.3250E+03  0.5018E+00
  0.3260E+03  0.4975E+00
  0.3270E+03  0.4098E+00
  0.3280E+03  0.3672E+00
  0.3290E+03  0.3335E+00
  0.3300E+03  0.5172E+00
  0.3310E+03  0.4239E+00
  0.3320E+03  0.5818E+00
  0.3330E+03  0.4982E+00
  0.3340E+03  0.4705E+00
  0.3350E+03  0.5053E+00
  0.3360E+03  0.4672E+00
  0.3370E+03  0.4540E+00
  0.3380E+03  0.6347E+00
  0.3390E+03  0.4877E+00
  0.3400E+03  0.6055E+00
  0.3410E+03  0.5155E+00
  0.3420E+03  0.4988E+00
  0.3430E+03  0.4536E+00
  0.3440E+03  0.5877E+00
  0.3450E+03  0.5336E+00
  0.3460E+03  0.5253E+00
  0.3470E+03  0.4433E+00
  0.3480E+03  0.5058E+00
  0.3490E+03  0.4184E+00
  0.3500E+03  0.4653E+00
  0.3510E+03  0.4477E+00
  0.3520E+03  0.3614E+00
  0.3530E+03  0.5065E+00
  0.3540E+03  0.4946E+00
  0.3550E+03  0.4728E+00
  0.3560E+03  0.3855E+00
  0.3570E+03  0.4694E+00
  0.3580E+03  0.4352E+00
  0.3590E+03  0.5348E+00
  0.3600E+03  0.4788E+00
  0.3610E+03  0.5026E+00
  0.3620E+03  0.4742E+00
  0.3630E+03  0.3364E+00
  0.3640E+03  0.3889E+00
  0.3650E+03  0.4784E+00
  0.3660E+03  0.4285E+00
  0.3670E+03  0.4007E+00
  0.3680E+03  0.4089E+00
  0.3690E+03  0.4576E+00
  0.3700E+03  0.4314E+00
  0.3710E+03  0.4167E+00
  0.3720E+03  0.4981E+00
  0.3730E+03  0.4041E+00
  0.3740E+03  0.3689E+00
  0.3750E+03  0.4133E+00
  0.3760E+03  0.3663E+00
  0.3770E+03  0.4496E+00
  0.3780E+03  0.4925E+00
  0.3790E+03  0.4025E+00
  0.3800E+03  0.4597E+00
  0.3810E+03  0.4364E+00
  0.3820E+03  0.4200E+00
  0.3830E+03  0.3748E+00
  0.3840E+03  0.3792E+00
  0.3850E+03  0.4597E+00
  0.3860E+03  0.3956E+00
  0.3870E+03  0.4905E+00
  0.3880E+03  0.4026E+00
  0.3890E+03  0.4881E+00
  0.3900E+03  0.4896E+00
  0.3910E+03  0.4005E+00
  0.3920E+03  0.3749E+00
  0.3930E+03  0.3078E+00
  0.3940E+03  0.4667E+00
  0.3950E+03  0.4068E+00
  0.3960E+03  0.4597E+00
  0.3970E+03  0.4466E+00
  0.3980E+03  0.4809E+00
  0.3990E+03  0.4878E+00
  0.4000E+03  0.4114E+00
  0.4010E+03  0.3974E+00
  0.4020E+03  0.4805E+00
  0.4030E+03  0.4788E+00
  0.4040E+03  0.3639E+00
  0.4050E+03  0.4699E+00
  0.4060E+03  0.3950E+00
  0.4070E+03  0.4825E+00
  0.4080E+03  0.4436E+00
  0.4090E+03  0.5493E+00
  0.4100E+03  0.5054E+00
  0.4110E+03  0.4598E+00
  0.4120E+03  0.4496E+00
  0.4130E+03  0.4788E+00
  0.4140E+03  0.4491E+00
  0.4150E+03  0.4838E+00
  0.4160E+03  0.5077E+00
  0.4170E+03  0.5276E+00
  0.4180E+03  0.4418E+00
  0.4190E+03  0.6139E+00
  0.4200E+03  0.5460E+00
  0.4210E+03  0.5199E+00
  0.4220E+03  0.4693E+00
  0.4230E+03  0.4940E+00
  0.4240E+03  0.4954E+00
  0.4250E+03  0.4897E+00
  0.4260E+03  0.4358E+00
  0.4270E+03  0.5201E+00
  0.4280E+03  0.5798E+00
  0.4290E+03  0.4850E+00
  0.4300E+03  0.4913E+00
  0.4310E+03  0.5276E+00
  0.4320E+03  0.4696E+00
  0.4330E+03  0.5079E+00
  0.4340E+03  0.4933E+00
  0.4350E+03  0.4482E+00
  0.4360E+03  0.5204E+00
  0.4370E+03  0.5451E+00
  0.4380E+03  0.5730E+00
  0.4390E+03  0.4168E+00
  0.4400E+03  0.4998E+00
  0.4410E+03  0.5121E+00
  0.4420E+03  0.4487E+00
  0.4430E+03  0.4390E+00
  0.4440E+03  0.4292E+00
  0.4450E+03  0.4631E+00
  0.4460E+03  0.5445E+00
  0.4470E+03  0.4894E+00
  0.4480E+03  0.4201E+00
  0.4490E+03  0.4536E+00
  0.4500E+03  0.4860E+00
  0.4510E+03  0.4020E+00
  0.4520E+03  0.4556E+00
  0.4530E+03  0.5063E+00
  0.4540E+03  0.4112E+00
  0.4550E+03  0.4507E+00
  0.4560E+03  0.4696E+00
  0.4570E+03  0.3472E+00
  0.4580E+03  0.4131E+00
  0.4590E+03  0.5022E+00
  0.4600E+03  0.4383E+00
  0.4610E+03  0.3854E+00
  0.4620E+03  0.3023E+00
  0.4630E+03  0.4577E+00
  0.4640E+03  0.4675E+00
  0.4650E+03  0.3491E+00
  0.4660E+03  0.3797E+00
  0.4670E+03  0.3413E+00
  0.4680E+03  0.3821E+00
  0.4690E+03  0.4103E+00
  0.4700E+03  0.3207E+00
  0.4710E+03  0.3337E+00
  0.4720E+03  0.3191E+00
  0.4730E+03  0.3618E+00
  0.4740E+03  0.4588E+00
  0.4750E+03  0.3488E+00
  0.4760E+03  0.3792E+00
  0.4770E+03  0.4878E+00
  0.4780E+03  0.4192E+00
  0.4790E+03  0.4089E+00
  0.4800E+03  0.3659E+00
  0.4810E+03  0.3406E+00
  0.4820E+03  0.3567E+00
  0.4830E+03  0.3805E+00
  0.4840E+03  0.4220E+00
  0.4850E+03  0.4092E+00
  0.4860E+03  0.4136E+00
  0.4870E+03  0.3546E+00
  0.4880E+03  0.4150E+00
  0.4890E+03  0.3469E+00
  0.4900E+03  0.3071E+00
  0.4910E+03  0.3905E+00
  0.4920E+03  0.5315E+00
  0.4930E+03  0.4518E+00
  0.4940E+03  0.4380E+00
  0.4950E+03  0.4633E+00
  0.4960E+03  0.3481E+00
  0.4970E+03  0.4194E+00
  0.4980E+03  0.4176E+00
  0.4990E+03  0.4495E+00
  0.5000E+03  0.3985E+00
  0.5010E+03  0.4632E+00
  0.5020E+03  0.4958E+00
  0.5030E+03  0.4387E+00
  0.5040E+03  0.4332E+00
  0.5050E+03  0.4865E+00
  0.5060E+03  0.4062E+00
  0.5070E+03  0.4120E+00
  0.5080E+03  0.5585E+00
  0.5090E+03  0.4781E+00
  0.5100E+03  0.5325E+00
  0.5110E+03  0.0000E+00
  0.5120E+03  0.0000E+00
