  0.1000E+01  0.3282E-01
  0.2000E+01  0.1055E+00
  0.3000E+01  0.8313E-01
  0.4000E+01  0.2674E-01
  0.5000E+01  0.1737E-01
  0.6000E+01  0.1780E-01
  0.7000E+01  0.1765E-01
  0.8000E+01  0.1678E-01
  0.9000E+01  0.1109E-01
  0.1000E+02  0.1272E-01
  0.1100E+02  0.1156E-01
  0.1200E+02  0.1055E-01
  0.1300E+02  0.8012E-02
  0.1400E+02  0.8822E-02
  0.1500E+02  0.7073E-02
  0.1600E+02  0.6088E-02
  0.1700E+02  0.4953E-02
  0.1800E+02  0.6154E-02
  0.1900E+02  0.9051E-02
  0.2000E+02  0.2328E-01
  0.2100E+02  0.9972E-01
  0.2200E+02  0.3725E+00
  0.2300E+02  0.1161E+01
  0.2400E+02  0.2805E+01
  0.2500E+02  0.5609E+01
  0.2600E+02  0.8757E+01
  0.2700E+02  0.1094E+02
  0.2800E+02  0.1116E+02
  0.2900E+02  0.9378E+01
  0.3000E+02  0.6961E+01
  0.3100E+02  0.4765E+01
  0.3200E+02  0.3231E+01
  0.3300E+02  0.2052E+01
  0.3400E+02  0.1218E+01
  0.3500E+02  0.5965E+00
  0.3600E+02  0.2740E+00
  0.3700E+02  0.9848E-01
  0.3800E+02  0.3543E-01
  0.3900E+02  0.1746E-01
  0.4000E+02  0.1601E-01
  0.4100E+02  0.1898E-01
  0.4200E+02  0.2490E-01
  0.4300E+02  0.2530E-01
  0.4400E+02  0.2823E-01
  0.4500E+02  0.2863E-01
  0.4600E+02  0.3640E-01
  0.4700E+02  0.4063E-01
  0.4800E+02  0.4858E-01
  0.4900E+02  0.5463E-01
  0.5000E+02  0.5992E-01
  0.5100E+02  0.6658E-01
  0.5200E+02  0.6667E-01
  0.5300E+02  0.7705E-01
  0.5400E+02  0.7417E-01
  0.5500E+02  0.8546E-01
  0.5600E+02  0.7914E-01
  0.5700E+02  0.7950E-01
  0.5800E+02  0.8489E-01
  0.5900E+02  0.7558E-01
  0.6000E+02  0.6169E-01
  0.6100E+02  0.5447E-01
  0.6200E+02  0.5136E-01
  0.6300E+02  0.3309E-01
  0.6400E+02  0.2120E-01
  0.6500E+02  0.1499E-01
  0.6600E+02  0.9546E-02
  0.6700E+02  0.7260E-02
  0.6800E+02  0.4678E-02
  0.6900E+02  0.4677E-02
  0.7000E+02  0.3551E-02
  0.7100E+02  0.3139E-02
  0.7200E+02  0.2512E-02
  0.7300E+02  0.2744E-02
  0.7400E+02  0.2182E-02
  0.7500E+02  0.3389E-02
  0.7600E+02  0.2556E-02
  0.7700E+02  0.1262E-02
  0.7800E+02  0.1085E-02
  0.7900E+02  0.2575E-02
  0.8000E+02  0.1634E-02
  0.8100E+02  0.2338E-02
  0.8200E+02  0.2379E-02
  0.8300E+02  0.2012E-02
  0.8400E+02  0.2744E-02
  0.8500E+02  0.3159E-02
  0.8600E+02  0.3344E-02
  0.8700E+02  0.3683E-02
  0.8800E+02  0.3709E-02
  0.8900E+02  0.3576E-02
  0.9000E+02  0.3824E-02
  0.9100E+02  0.2741E-02
  0.9200E+02  0.5170E-02
  0.9300E+02  0.3989E-02
  0.9400E+02  0.3947E-02
  0.9500E+02  0.5265E-02
  0.9600E+02  0.3646E-02
  0.9700E+02  0.4965E-02
  0.9800E+02  0.3862E-02
  0.9900E+02  0.3282E-02
  0.1000E+03  0.5701E-02
  0.1010E+03  0.6689E-02
  0.1020E+03  0.3892E-02
  0.1030E+03  0.5174E-02
  0.1040E+03  0.2948E-02
  0.1050E+03  0.3713E-02
  0.1060E+03  0.2858E-02
  0.1070E+03  0.3582E-02
  0.1080E+03  0.3230E-02
  0.1090E+03  0.2489E-02
  0.1100E+03  0.3821E-02
  0.1110E+03  0.6999E-02
  0.1120E+03  0.5717E-02
  0.1130E+03  0.6426E-02
  0.1140E+03  0.7293E-02
  0.1150E+03  0.1085E-01
  0.1160E+03  0.8488E-02
  0.1170E+03  0.1532E-01
  0.1180E+03  0.2185E-01
  0.1190E+03  0.2823E-01
  0.1200E+03  0.3035E-01
  0.1210E+03  0.4408E-01
  0.1220E+03  0.4871E-01
  0.1230E+03  0.6379E-01
  0.1240E+03  0.7099E-01
  0.1250E+03  0.8103E-01
  0.1260E+03  0.7835E-01
  0.1270E+03  0.9372E-01
  0.1280E+03  0.1025E+00
  0.1290E+03  0.8655E-01
  0.1300E+03  0.9808E-01
  0.1310E+03  0.1103E+00
  0.1320E+03  0.9616E-01
  0.1330E+03  0.1066E+00
  0.1340E+03  0.1065E+00
  0.1350E+03  0.8907E-01
  0.1360E+03  0.9900E-01
  0.1370E+03  0.1087E+00
  0.1380E+03  0.1142E+00
  0.1390E+03  0.1169E+00
  0.1400E+03  0.1529E+00
  0.1410E+03  0.1849E+00
  0.1420E+03  0.2490E+00
  0.1430E+03  0.3233E+00
  0.1440E+03  0.4425E+00
  0.1450E+03  0.5864E+00
  0.1460E+03  0.7423E+00
  0.1470E+03  0.9374E+00
  0.1480E+03  0.1176E+01
  0.1490E+03  0.1506E+01
  0.1500E+03  0.1772E+01
  0.1510E+03  0.2156E+01
  0.1520E+03  0.2539E+01
  0.1530E+03  0.2880E+01
  0.1540E+03  0.3217E+01
  0.1550E+03  0.3553E+01
  0.1560E+03  0.3807E+01
  0.1570E+03  0.3939E+01
  0.1580E+03  0.4079E+01
  0.1590E+03  0.4180E+01
  0.1600E+03  0.4166E+01
  0.1610E+03  0.4007E+01
  0.1620E+03  0.3815E+01
  0.1630E+03  0.3527E+01
  0.1640E+03  0.3178E+01
  0.1650E+03  0.2856E+01
  0.1660E+03  0.2427E+01
  0.1670E+03  0.2152E+01
  0.1680E+03  0.1774E+01
  0.1690E+03  0.1441E+01
  0.1700E+03  0.1156E+01
  0.1710E+03  0.8970E+00
  0.1720E+03  0.7125E+00
  0.1730E+03  0.4808E+00
  0.1740E+03  0.3829E+00
  0.1750E+03  0.2683E+00
  0.1760E+03  0.1867E+00
  0.1770E+03  0.1439E+00
  0.1780E+03  0.8988E-01
  0.1790E+03  0.5738E-01
  0.1800E+03  0.4172E-01
  0.1810E+03  0.2746E-01
  0.1820E+03  0.1735E-01
  0.1830E+03  0.1223E-01
  0.1840E+03  0.5859E-02
  0.1850E+03  0.3511E-02
  0.1860E+03  0.4079E-02
  0.1870E+03  0.1923E-02
  0.1880E+03  0.1779E-02
  0.1890E+03  0.2851E-02
  0.1900E+03  0.1207E-02
  0.1910E+03  0.1036E-02
  0.1920E+03  0.8414E-03
  0.1930E+03  0.1234E-02
  0.1940E+03  0.7816E-03
  0.1950E+03  0.1173E-02
  0.1960E+03  0.5661E-03
  0.1970E+03  0.1390E-02
  0.1980E+03  0.7857E-03
  0.1990E+03  0.1534E-02
  0.2000E+03  0.1704E-03
  0.2010E+03  0.2298E-02
  0.2020E+03  0.7421E-03
  0.2030E+03  0.3089E-03
  0.2040E+03  0.6834E-03
  0.2050E+03  0.4767E-03
  0.2060E+03  0.0000E+00
  0.2070E+03  0.1385E-03
  0.2080E+03  0.5693E-03
  0.2090E+03  0.4523E-03
  0.2100E+03  0.3011E-03
  0.2110E+03  0.3948E-03
  0.2120E+03  0.1819E-03
  0.2130E+03  0.7051E-03
  0.2140E+03  0.2112E-03
  0.2150E+03  0.0000E+00
  0.2160E+03  0.2399E-03
  0.2170E+03  0.9635E-03
  0.2180E+03  0.1439E-03
  0.2190E+03  0.1828E-03
  0.2200E+03  0.3265E-03
  0.2210E+03  0.3225E-03
  0.2220E+03  0.5072E-03
  0.2230E+03  0.4726E-04
  0.2240E+03  0.4982E-03
  0.2250E+03  0.4083E-03
  0.2260E+03  0.1215E-03
  0.2270E+03  0.6930E-03
  0.2280E+03  0.1299E-02
  0.2290E+03  0.4142E-03
  0.2300E+03  0.5363E-03
  0.2310E+03  0.3316E-03
  0.2320E+03  0.4987E-03
  0.2330E+03  0.2722E-03
  0.2340E+03  0.6580E-03
  0.2350E+03  0.1103E-02
  0.2360E+03  0.1223E-02
  0.2370E+03  0.1311E-02
  0.2380E+03  0.1176E-02
  0.2390E+03  0.7249E-03
  0.2400E+03  0.2194E-02
  0.2410E+03  0.1431E-02
  0.2420E+03  0.1992E-02
  0.2430E+03  0.1461E-02
  0.2440E+03  0.1588E-02
  0.2450E+03  0.2428E-02
  0.2460E+03  0.1496E-02
  0.2470E+03  0.1435E-02
  0.2480E+03  0.1608E-02
  0.2490E+03  0.2281E-02
  0.2500E+03  0.3415E-02
  0.2510E+03  0.1005E-02
  0.2520E+03  0.1480E-02
  0.2530E+03  0.1722E-02
  0.2540E+03  0.1395E-02
  0.2550E+03  0.9751E-03
  0.2560E+03  0.1686E-02
  0.2570E+03  0.5384E-03
  0.2580E+03  0.6346E-03
  0.2590E+03  0.5955E-03
  0.2600E+03  0.5086E-03
  0.2610E+03  0.1391E-02
  0.2620E+03  0.1007E-02
  0.2630E+03  0.1440E-02
  0.2640E+03  0.7971E-03
  0.2650E+03  0.2073E-02
  0.2660E+03  0.1225E-02
  0.2670E+03  0.1393E-02
  0.2680E+03  0.1204E-02
  0.2690E+03  0.9447E-03
  0.2700E+03  0.2786E-02
  0.2710E+03  0.2655E-02
  0.2720E+03  0.2441E-02
  0.2730E+03  0.1969E-02
  0.2740E+03  0.1685E-02
  0.2750E+03  0.2058E-02
  0.2760E+03  0.1358E-02
  0.2770E+03  0.8255E-03
  0.2780E+03  0.1570E-02
  0.2790E+03  0.8076E-03
  0.2800E+03  0.1357E-02
  0.2810E+03  0.1311E-02
  0.2820E+03  0.1777E-02
  0.2830E+03  0.1162E-02
  0.2840E+03  0.1762E-02
  0.2850E+03  0.1942E-02
  0.2860E+03  0.2119E-02
  0.2870E+03  0.2632E-02
  0.2880E+03  0.2076E-02
  0.2890E+03  0.1662E-02
  0.2900E+03  0.1376E-02
  0.2910E+03  0.6188E-03
  0.2920E+03  0.1730E-02
  0.2930E+03  0.1651E-02
  0.2940E+03  0.1493E-02
  0.2950E+03  0.1052E-02
  0.2960E+03  0.1083E-02
  0.2970E+03  0.1095E-02
  0.2980E+03  0.6773E-03
  0.2990E+03  0.8541E-03
  0.3000E+03  0.5039E-03
  0.3010E+03  0.1169E-02
  0.3020E+03  0.6061E-03
  0.3030E+03  0.3140E-02
  0.3040E+03  0.1209E-02
  0.3050E+03  0.1554E-02
  0.3060E+03  0.1815E-02
  0.3070E+03  0.1860E-02
  0.3080E+03  0.2000E-02
  0.3090E+03  0.5113E-03
  0.3100E+03  0.1878E-02
  0.3110E+03  0.1616E-02
  0.3120E+03  0.1348E-02
  0.3130E+03  0.2977E-02
  0.3140E+03  0.7531E-03
  0.3150E+03  0.6808E-03
  0.3160E+03  0.1806E-02
  0.3170E+03  0.1275E-02
  0.3180E+03  0.5509E-03
  0.3190E+03  0.1457E-02
  0.3200E+03  0.8930E-03
  0.3210E+03  0.1664E-02
  0.3220E+03  0.1739E-02
  0.3230E+03  0.1740E-02
  0.3240E+03  0.1400E-02
  0.3250E+03  0.2496E-02
  0.3260E+03  0.1405E-02
  0.3270E+03  0.2490E-02
  0.3280E+03  0.1246E-02
  0.3290E+03  0.1173E-02
  0.3300E+03  0.1169E-02
  0.3310E+03  0.1683E-02
  0.3320E+03  0.1650E-02
  0.3330E+03  0.6571E-03
  0.3340E+03  0.2492E-02
  0.3350E+03  0.1679E-02
  0.3360E+03  0.1981E-02
  0.3370E+03  0.9585E-03
  0.3380E+03  0.9572E-03
  0.3390E+03  0.2985E-02
  0.3400E+03  0.3915E-02
  0.3410E+03  0.2194E-02
  0.3420E+03  0.2328E-02
  0.3430E+03  0.2904E-02
  0.3440E+03  0.3730E-02
  0.3450E+03  0.3338E-02
  0.3460E+03  0.2983E-02
  0.3470E+03  0.3091E-02
  0.3480E+03  0.1690E-02
  0.3490E+03  0.1427E-02
  0.3500E+03  0.2248E-02
  0.3510E+03  0.3070E-02
  0.3520E+03  0.1575E-02
  0.3530E+03  0.1856E-02
  0.3540E+03  0.2086E-02
  0.3550E+03  0.1525E-02
  0.3560E+03  0.1723E-02
  0.3570E+03  0.1619E-02
  0.3580E+03  0.1619E-02
  0.3590E+03  0.2272E-02
  0.3600E+03  0.1706E-02
  0.3610E+03  0.8807E-03
  0.3620E+03  0.1160E-02
  0.3630E+03  0.1329E-02
  0.3640E+03  0.1627E-02
  0.3650E+03  0.1375E-02
  0.3660E+03  0.2038E-02
  0.3670E+03  0.9998E-03
  0.3680E+03  0.7938E-03
  0.3690E+03  0.2721E-03
  0.3700E+03  0.1118E-02
  0.3710E+03  0.8847E-03
  0.3720E+03  0.1664E-03
  0.3730E+03  0.5028E-03
  0.3740E+03  0.6531E-04
  0.3750E+03  0.1229E-02
  0.3760E+03  0.5929E-03
  0.3770E+03  0.5938E-03
  0.3780E+03  0.1535E-03
  0.3790E+03  0.2710E-03
  0.3800E+03  0.2907E-04
  0.3810E+03  0.8498E-03
  0.3820E+03  0.2135E-03
  0.3830E+03  0.2215E-03
  0.3840E+03  0.3363E-03
  0.3850E+03  0.1408E-03
  0.3860E+03  0.0000E+00
  0.3870E+03  0.2568E-03
  0.3880E+03  0.6529E-04
  0.3890E+03  0.0000E+00
  0.3900E+03  0.0000E+00
  0.3910E+03  0.1108E-03
  0.3920E+03  0.1779E-04
  0.3930E+03  0.5125E-03
  0.3940E+03  0.5284E-03
  0.3950E+03  0.0000E+00
  0.3960E+03  0.2917E-03
  0.3970E+03  0.6265E-05
  0.3980E+03  0.1191E-03
  0.3990E+03  0.5270E-03
  0.4000E+03  0.0000E+00
  0.4010E+03  0.9495E-04
  0.4020E+03  0.0000E+00
  0.4030E+03  0.6083E-03
  0.4040E+03  0.5939E-03
  0.4050E+03  0.3028E-03
  0.4060E+03  0.4193E-03
  0.4070E+03  0.3836E-03
  0.4080E+03  0.0000E+00
  0.4090E+03  0.2981E-03
  0.4100E+03  0.1059E-02
  0.4110E+03  0.2330E-03
  0.4120E+03  0.2317E-04
  0.4130E+03  0.5994E-03
  0.4140E+03  0.1359E-02
  0.4150E+03  0.3879E-03
  0.4160E+03  0.3601E-03
  0.4170E+03  0.1319E-02
  0.4180E+03  0.5250E-03
  0.4190E+03  0.1809E-02
  0.4200E+03  0.1095E-02
  0.4210E+03  0.1742E-02
  0.4220E+03  0.1243E-02
  0.4230E+03  0.6705E-03
  0.4240E+03  0.1766E-02
  0.4250E+03  0.1737E-02
  0.4260E+03  0.1381E-02
  0.4270E+03  0.9627E-03
  0.4280E+03  0.1346E-02
  0.4290E+03  0.1512E-02
  0.4300E+03  0.2207E-02
  0.4310E+03  0.2126E-02
  0.4320E+03  0.1743E-02
  0.4330E+03  0.3905E-02
  0.4340E+03  0.1812E-02
  0.4350E+03  0.2866E-02
  0.4360E+03  0.3497E-02
  0.4370E+03  0.2497E-02
  0.4380E+03  0.1055E-02
  0.4390E+03  0.2241E-02
  0.4400E+03  0.1770E-02
  0.4410E+03  0.2051E-02
  0.4420E+03  0.1906E-02
  0.4430E+03  0.2746E-02
  0.4440E+03  0.2304E-02
  0.4450E+03  0.2164E-02
  0.4460E+03  0.1362E-02
  0.4470E+03  0.7776E-03
  0.4480E+03  0.8007E-03
  0.4490E+03  0.1242E-02
  0.4500E+03  0.1408E-02
  0.4510E+03  0.1832E-02
  0.4520E+03  0.1683E-02
  0.4530E+03  0.1465E-02
  0.4540E+03  0.1320E-02
  0.4550E+03  0.1226E-02
  0.4560E+03  0.1072E-02
  0.4570E+03  0.2169E-02
  0.4580E+03  0.6244E-03
  0.4590E+03  0.1293E-02
  0.4600E+03  0.7620E-03
  0.4610E+03  0.7641E-03
  0.4620E+03  0.8573E-03
  0.4630E+03  0.1475E-02
  0.4640E+03  0.1264E-02
  0.4650E+03  0.8475E-03
  0.4660E+03  0.2707E-03
  0.4670E+03  0.8277E-03
  0.4680E+03  0.1306E-03
  0.4690E+03  0.9452E-03
  0.4700E+03  0.9354E-03
  0.4710E+03  0.5221E-03
  0.4720E+03  0.9013E-03
  0.4730E+03  0.0000E+00
  0.4740E+03  0.5732E-03
  0.4750E+03  0.1206E-02
  0.4760E+03  0.4213E-03
  0.4770E+03  0.3873E-03
  0.4780E+03  0.7615E-04
  0.4790E+03  0.0000E+00
  0.4800E+03  0.2776E-03
  0.4810E+03  0.9221E-03
  0.4820E+03  0.5285E-03
  0.4830E+03  0.4114E-03
  0.4840E+03  0.8861E-03
  0.4850E+03  0.2257E-02
  0.4860E+03  0.1528E-02
  0.4870E+03  0.4116E-03
  0.4880E+03  0.1276E-02
  0.4890E+03  0.1127E-02
  0.4900E+03  0.1189E-02
  0.4910E+03  0.1239E-02
  0.4920E+03  0.1628E-02
  0.4930E+03  0.1849E-02
  0.4940E+03  0.5083E-03
  0.4950E+03  0.2750E-02
  0.4960E+03  0.2061E-02
  0.4970E+03  0.1486E-02
  0.4980E+03  0.9976E-03
  0.4990E+03  0.2357E-02
  0.5000E+03  0.2154E-02
  0.5010E+03  0.2478E-02
  0.5020E+03  0.1182E-02
  0.5030E+03  0.5011E-02
  0.5040E+03  0.4064E-02
  0.5050E+03  0.1200E-02
  0.5060E+03  0.3128E-02
  0.5070E+03  0.2505E-02
  0.5080E+03  0.2470E-02
  0.5090E+03  0.4938E-02
  0.5100E+03  0.3221E-02
  0.5110E+03  0.0000E+00
  0.5120E+03  0.0000E+00
