  0.1000E+01  0.1256E+01
  0.2000E+01  0.1555E+01
  0.3000E+01  0.1685E+01
  0.4000E+01  0.1654E+01
  0.5000E+01  0.1629E+01
  0.6000E+01  0.1662E+01
  0.7000E+01  0.1862E+01
  0.8000E+01  0.1755E+01
  0.9000E+01  0.1734E+01
  0.1000E+02  0.1780E+01
  0.1100E+02  0.1600E+01
  0.1200E+02  0.1632E+01
  0.1300E+02  0.1517E+01
  0.1400E+02  0.1642E+01
  0.1500E+02  0.1542E+01
  0.1600E+02  0.1645E+01
  0.1700E+02  0.1676E+01
  0.1800E+02  0.1573E+01
  0.1900E+02  0.1677E+01
  0.2000E+02  0.1682E+01
  0.2100E+02  0.1771E+01
  0.2200E+02  0.2088E+01
  0.2300E+02  0.2748E+01
  0.2400E+02  0.4392E+01
  0.2500E+02  0.7208E+01
  0.2600E+02  0.1049E+02
  0.2700E+02  0.1276E+02
  0.2800E+02  0.1295E+02
  0.2900E+02  0.1104E+02
  0.3000E+02  0.8671E+01
  0.3100E+02  0.6563E+01
  0.3200E+02  0.4734E+01
  0.3300E+02  0.3622E+01
  0.3400E+02  0.2907E+01
  0.3500E+02  0.2241E+01
  0.3600E+02  0.1719E+01
  0.3700E+02  0.1600E+01
  0.3800E+02  0.1586E+01
  0.3900E+02  0.1697E+01
  0.4000E+02  0.1581E+01
  0.4100E+02  0.1691E+01
  0.4200E+02  0.1813E+01
  0.4300E+02  0.1779E+01
  0.4400E+02  0.2039E+01
  0.4500E+02  0.2018E+01
  0.4600E+02  0.1891E+01
  0.4700E+02  0.2013E+01
  0.4800E+02  0.1981E+01
  0.4900E+02  0.1992E+01
  0.5000E+02  0.1933E+01
  0.5100E+02  0.1698E+01
  0.5200E+02  0.1850E+01
  0.5300E+02  0.1839E+01
  0.5400E+02  0.1703E+01
  0.5500E+02  0.1883E+01
  0.5600E+02  0.2108E+01
  0.5700E+02  0.2118E+01
  0.5800E+02  0.1891E+01
  0.5900E+02  0.2068E+01
  0.6000E+02  0.2215E+01
  0.6100E+02  0.1916E+01
  0.6200E+02  0.2142E+01
  0.6300E+02  0.2096E+01
  0.6400E+02  0.2173E+01
  0.6500E+02  0.2308E+01
  0.6600E+02  0.2630E+01
  0.6700E+02  0.2895E+01
  0.6800E+02  0.3015E+01
  0.6900E+02  0.3650E+01
  0.7000E+02  0.3746E+01
  0.7100E+02  0.4340E+01
  0.7200E+02  0.4965E+01
  0.7300E+02  0.5465E+01
  0.7400E+02  0.5336E+01
  0.7500E+02  0.5609E+01
  0.7600E+02  0.5184E+01
  0.7700E+02  0.4968E+01
  0.7800E+02  0.4531E+01
  0.7900E+02  0.4607E+01
  0.8000E+02  0.4129E+01
  0.8100E+02  0.3995E+01
  0.8200E+02  0.3887E+01
  0.8300E+02  0.3864E+01
  0.8400E+02  0.3733E+01
  0.8500E+02  0.3800E+01
  0.8600E+02  0.3653E+01
  0.8700E+02  0.3632E+01
  0.8800E+02  0.3313E+01
  0.8900E+02  0.3123E+01
  0.9000E+02  0.3314E+01
  0.9100E+02  0.2894E+01
  0.9200E+02  0.3072E+01
  0.9300E+02  0.2629E+01
  0.9400E+02  0.2552E+01
  0.9500E+02  0.2578E+01
  0.9600E+02  0.2323E+01
  0.9700E+02  0.2226E+01
  0.9800E+02  0.2304E+01
  0.9900E+02  0.2581E+01
  0.1000E+03  0.2400E+01
  0.1010E+03  0.2377E+01
  0.1020E+03  0.2513E+01
  0.1030E+03  0.2306E+01
  0.1040E+03  0.2731E+01
  0.1050E+03  0.2437E+01
  0.1060E+03  0.2519E+01
  0.1070E+03  0.2505E+01
  0.1080E+03  0.2313E+01
  0.1090E+03  0.2519E+01
  0.1100E+03  0.2286E+01
  0.1110E+03  0.2504E+01
  0.1120E+03  0.2493E+01
  0.1130E+03  0.2299E+01
  0.1140E+03  0.2393E+01
  0.1150E+03  0.2240E+01
  0.1160E+03  0.2315E+01
  0.1170E+03  0.2376E+01
  0.1180E+03  0.2467E+01
  0.1190E+03  0.2247E+01
  0.1200E+03  0.2349E+01
  0.1210E+03  0.2461E+01
  0.1220E+03  0.2417E+01
  0.1230E+03  0.2436E+01
  0.1240E+03  0.2376E+01
  0.1250E+03  0.2427E+01
  0.1260E+03  0.2362E+01
  0.1270E+03  0.2512E+01
  0.1280E+03  0.2601E+01
  0.1290E+03  0.2513E+01
  0.1300E+03  0.2610E+01
  0.1310E+03  0.2511E+01
  0.1320E+03  0.2707E+01
  0.1330E+03  0.2791E+01
  0.1340E+03  0.2773E+01
  0.1350E+03  0.2594E+01
  0.1360E+03  0.2633E+01
  0.1370E+03  0.2645E+01
  0.1380E+03  0.2593E+01
  0.1390E+03  0.2894E+01
  0.1400E+03  0.2859E+01
  0.1410E+03  0.2983E+01
  0.1420E+03  0.3169E+01
  0.1430E+03  0.3094E+01
  0.1440E+03  0.3244E+01
  0.1450E+03  0.3406E+01
  0.1460E+03  0.3532E+01
  0.1470E+03  0.3900E+01
  0.1480E+03  0.4384E+01
  0.1490E+03  0.4717E+01
  0.1500E+03  0.5435E+01
  0.1510E+03  0.5813E+01
  0.1520E+03  0.6232E+01
  0.1530E+03  0.6633E+01
  0.1540E+03  0.7438E+01
  0.1550E+03  0.7677E+01
  0.1560E+03  0.8003E+01
  0.1570E+03  0.8264E+01
  0.1580E+03  0.8422E+01
  0.1590E+03  0.8655E+01
  0.1600E+03  0.8723E+01
  0.1610E+03  0.8280E+01
  0.1620E+03  0.8453E+01
  0.1630E+03  0.7777E+01
  0.1640E+03  0.7443E+01
  0.1650E+03  0.6832E+01
  0.1660E+03  0.6480E+01
  0.1670E+03  0.6054E+01
  0.1680E+03  0.5950E+01
  0.1690E+03  0.5276E+01
  0.1700E+03  0.5151E+01
  0.1710E+03  0.4551E+01
  0.1720E+03  0.4519E+01
  0.1730E+03  0.3998E+01
  0.1740E+03  0.4298E+01
  0.1750E+03  0.3974E+01
  0.1760E+03  0.4024E+01
  0.1770E+03  0.3626E+01
  0.1780E+03  0.3670E+01
  0.1790E+03  0.3632E+01
  0.1800E+03  0.3612E+01
  0.1810E+03  0.3844E+01
  0.1820E+03  0.3384E+01
  0.1830E+03  0.3487E+01
  0.1840E+03  0.3526E+01
  0.1850E+03  0.3420E+01
  0.1860E+03  0.3522E+01
  0.1870E+03  0.3398E+01
  0.1880E+03  0.3554E+01
  0.1890E+03  0.3200E+01
  0.1900E+03  0.3384E+01
  0.1910E+03  0.3126E+01
  0.1920E+03  0.3173E+01
  0.1930E+03  0.3138E+01
  0.1940E+03  0.3001E+01
  0.1950E+03  0.2752E+01
  0.1960E+03  0.3092E+01
  0.1970E+03  0.2984E+01
  0.1980E+03  0.2778E+01
  0.1990E+03  0.2869E+01
  0.2000E+03  0.2735E+01
  0.2010E+03  0.2782E+01
  0.2020E+03  0.2551E+01
  0.2030E+03  0.2469E+01
  0.2040E+03  0.2630E+01
  0.2050E+03  0.2399E+01
  0.2060E+03  0.2251E+01
  0.2070E+03  0.2641E+01
  0.2080E+03  0.2684E+01
  0.2090E+03  0.2231E+01
  0.2100E+03  0.2467E+01
  0.2110E+03  0.2351E+01
  0.2120E+03  0.2543E+01
  0.2130E+03  0.2289E+01
  0.2140E+03  0.2250E+01
  0.2150E+03  0.2081E+01
  0.2160E+03  0.2186E+01
  0.2170E+03  0.2203E+01
  0.2180E+03  0.2266E+01
  0.2190E+03  0.2233E+01
  0.2200E+03  0.2020E+01
  0.2210E+03  0.2084E+01
  0.2220E+03  0.2130E+01
  0.2230E+03  0.2220E+01
  0.2240E+03  0.2162E+01
  0.2250E+03  0.2044E+01
  0.2260E+03  0.1976E+01
  0.2270E+03  0.2093E+01
  0.2280E+03  0.1742E+01
  0.2290E+03  0.1970E+01
  0.2300E+03  0.1946E+01
  0.2310E+03  0.1932E+01
  0.2320E+03  0.1878E+01
  0.2330E+03  0.1820E+01
  0.2340E+03  0.1981E+01
  0.2350E+03  0.1801E+01
  0.2360E+03  0.2142E+01
  0.2370E+03  0.1965E+01
  0.2380E+03  0.1891E+01
  0.2390E+03  0.1816E+01
  0.2400E+03  0.1994E+01
  0.2410E+03  0.1841E+01
  0.2420E+03  0.2076E+01
  0.2430E+03  0.1729E+01
  0.2440E+03  0.1816E+01
  0.2450E+03  0.1810E+01
  0.2460E+03  0.1884E+01
  0.2470E+03  0.1797E+01
  0.2480E+03  0.1671E+01
  0.2490E+03  0.1825E+01
  0.2500E+03  0.1845E+01
  0.2510E+03  0.1843E+01
  0.2520E+03  0.1754E+01
  0.2530E+03  0.1784E+01
  0.2540E+03  0.1750E+01
  0.2550E+03  0.1660E+01
  0.2560E+03  0.1788E+01
  0.2570E+03  0.1796E+01
  0.2580E+03  0.1736E+01
  0.2590E+03  0.1764E+01
  0.2600E+03  0.1645E+01
  0.2610E+03  0.1823E+01
  0.2620E+03  0.1754E+01
  0.2630E+03  0.1998E+01
  0.2640E+03  0.1648E+01
  0.2650E+03  0.1610E+01
  0.2660E+03  0.1604E+01
  0.2670E+03  0.1653E+01
  0.2680E+03  0.1562E+01
  0.2690E+03  0.1635E+01
  0.2700E+03  0.1742E+01
  0.2710E+03  0.1730E+01
  0.2720E+03  0.1650E+01
  0.2730E+03  0.1652E+01
  0.2740E+03  0.1652E+01
  0.2750E+03  0.1722E+01
  0.2760E+03  0.1655E+01
  0.2770E+03  0.1767E+01
  0.2780E+03  0.1582E+01
  0.2790E+03  0.1712E+01
  0.2800E+03  0.1591E+01
  0.2810E+03  0.1713E+01
  0.2820E+03  0.1724E+01
  0.2830E+03  0.1406E+01
  0.2840E+03  0.1449E+01
  0.2850E+03  0.1757E+01
  0.2860E+03  0.1683E+01
  0.2870E+03  0.1566E+01
  0.2880E+03  0.1455E+01
  0.2890E+03  0.1573E+01
  0.2900E+03  0.1547E+01
  0.2910E+03  0.1851E+01
  0.2920E+03  0.1543E+01
  0.2930E+03  0.1632E+01
  0.2940E+03  0.1437E+01
  0.2950E+03  0.1675E+01
  0.2960E+03  0.1590E+01
  0.2970E+03  0.1432E+01
  0.2980E+03  0.1518E+01
  0.2990E+03  0.1606E+01
  0.3000E+03  0.1381E+01
  0.3010E+03  0.1521E+01
  0.3020E+03  0.1425E+01
  0.3030E+03  0.1428E+01
  0.3040E+03  0.1515E+01
  0.3050E+03  0.1492E+01
  0.3060E+03  0.1592E+01
  0.3070E+03  0.1418E+01
  0.3080E+03  0.1252E+01
  0.3090E+03  0.1443E+01
  0.3100E+03  0.1579E+01
  0.3110E+03  0.1478E+01
  0.3120E+03  0.1473E+01
  0.3130E+03  0.1479E+01
  0.3140E+03  0.1468E+01
  0.3150E+03  0.1471E+01
  0.3160E+03  0.1546E+01
  0.3170E+03  0.1400E+01
  0.3180E+03  0.1539E+01
  0.3190E+03  0.1515E+01
  0.3200E+03  0.1706E+01
  0.3210E+03  0.1639E+01
  0.3220E+03  0.1647E+01
  0.3230E+03  0.1549E+01
  0.3240E+03  0.1578E+01
  0.3250E+03  0.1623E+01
  0.3260E+03  0.1652E+01
  0.3270E+03  0.1592E+01
  0.3280E+03  0.1735E+01
  0.3290E+03  0.1624E+01
  0.3300E+03  0.1821E+01
  0.3310E+03  0.1557E+01
  0.3320E+03  0.1732E+01
  0.3330E+03  0.1623E+01
  0.3340E+03  0.1664E+01
  0.3350E+03  0.1749E+01
  0.3360E+03  0.1554E+01
  0.3370E+03  0.1855E+01
  0.3380E+03  0.1874E+01
  0.3390E+03  0.1846E+01
  0.3400E+03  0.1864E+01
  0.3410E+03  0.1843E+01
  0.3420E+03  0.1760E+01
  0.3430E+03  0.1650E+01
  0.3440E+03  0.1854E+01
  0.3450E+03  0.1880E+01
  0.3460E+03  0.1682E+01
  0.3470E+03  0.1662E+01
  0.3480E+03  0.1840E+01
  0.3490E+03  0.1553E+01
  0.3500E+03  0.1723E+01
  0.3510E+03  0.1630E+01
  0.3520E+03  0.1639E+01
  0.3530E+03  0.1580E+01
  0.3540E+03  0.1684E+01
  0.3550E+03  0.1552E+01
  0.3560E+03  0.1392E+01
  0.3570E+03  0.1497E+01
  0.3580E+03  0.1507E+01
  0.3590E+03  0.1487E+01
  0.3600E+03  0.1491E+01
  0.3610E+03  0.1467E+01
  0.3620E+03  0.1347E+01
  0.3630E+03  0.1043E+01
  0.3640E+03  0.1112E+01
  0.3650E+03  0.1246E+01
  0.3660E+03  0.1153E+01
  0.3670E+03  0.1137E+01
  0.3680E+03  0.1096E+01
  0.3690E+03  0.1141E+01
  0.3700E+03  0.1021E+01
  0.3710E+03  0.1003E+01
  0.3720E+03  0.9883E+00
  0.3730E+03  0.9229E+00
  0.3740E+03  0.8850E+00
  0.3750E+03  0.9969E+00
  0.3760E+03  0.9602E+00
  0.3770E+03  0.9450E+00
  0.3780E+03  0.1079E+01
  0.3790E+03  0.8452E+00
  0.3800E+03  0.8984E+00
  0.3810E+03  0.1024E+01
  0.3820E+03  0.9144E+00
  0.3830E+03  0.7793E+00
  0.3840E+03  0.7740E+00
  0.3850E+03  0.8605E+00
  0.3860E+03  0.8548E+00
  0.3870E+03  0.8409E+00
  0.3880E+03  0.8364E+00
  0.3890E+03  0.8910E+00
  0.3900E+03  0.9497E+00
  0.3910E+03  0.6646E+00
  0.3920E+03  0.7873E+00
  0.3930E+03  0.6463E+00
  0.3940E+03  0.8256E+00
  0.3950E+03  0.9179E+00
  0.3960E+03  0.8712E+00
  0.3970E+03  0.7177E+00
  0.3980E+03  0.8725E+00
  0.3990E+03  0.8448E+00
  0.4000E+03  0.7996E+00
  0.4010E+03  0.8179E+00
  0.4020E+03  0.8506E+00
  0.4030E+03  0.9042E+00
  0.4040E+03  0.7008E+00
  0.4050E+03  0.7951E+00
  0.4060E+03  0.8460E+00
  0.4070E+03  0.9125E+00
  0.4080E+03  0.7826E+00
  0.4090E+03  0.1046E+01
  0.4100E+03  0.9516E+00
  0.4110E+03  0.9483E+00
  0.4120E+03  0.9558E+00
  0.4130E+03  0.9139E+00
  0.4140E+03  0.9565E+00
  0.4150E+03  0.1116E+01
  0.4160E+03  0.1160E+01
  0.4170E+03  0.1055E+01
  0.4180E+03  0.1110E+01
  0.4190E+03  0.1294E+01
  0.4200E+03  0.1172E+01
  0.4210E+03  0.1204E+01
  0.4220E+03  0.1162E+01
  0.4230E+03  0.1259E+01
  0.4240E+03  0.1311E+01
  0.4250E+03  0.1294E+01
  0.4260E+03  0.1393E+01
  0.4270E+03  0.1498E+01
  0.4280E+03  0.1489E+01
  0.4290E+03  0.1624E+01
  0.4300E+03  0.1468E+01
  0.4310E+03  0.1396E+01
  0.4320E+03  0.1476E+01
  0.4330E+03  0.1519E+01
  0.4340E+03  0.1536E+01
  0.4350E+03  0.1691E+01
  0.4360E+03  0.1605E+01
  0.4370E+03  0.1688E+01
  0.4380E+03  0.1646E+01
  0.4390E+03  0.1516E+01
  0.4400E+03  0.1596E+01
  0.4410E+03  0.1770E+01
  0.4420E+03  0.1472E+01
  0.4430E+03  0.1381E+01
  0.4440E+03  0.1613E+01
  0.4450E+03  0.1597E+01
  0.4460E+03  0.1612E+01
  0.4470E+03  0.1591E+01
  0.4480E+03  0.1415E+01
  0.4490E+03  0.1447E+01
  0.4500E+03  0.1468E+01
  0.4510E+03  0.1270E+01
  0.4520E+03  0.1264E+01
  0.4530E+03  0.1348E+01
  0.4540E+03  0.1189E+01
  0.4550E+03  0.1242E+01
  0.4560E+03  0.1235E+01
  0.4570E+03  0.1073E+01
  0.4580E+03  0.1181E+01
  0.4590E+03  0.1231E+01
  0.4600E+03  0.1162E+01
  0.4610E+03  0.9249E+00
  0.4620E+03  0.9684E+00
  0.4630E+03  0.1003E+01
  0.4640E+03  0.9600E+00
  0.4650E+03  0.7772E+00
  0.4660E+03  0.9168E+00
  0.4670E+03  0.8592E+00
  0.4680E+03  0.8927E+00
  0.4690E+03  0.8275E+00
  0.4700E+03  0.7803E+00
  0.4710E+03  0.8054E+00
  0.4720E+03  0.6855E+00
  0.4730E+03  0.8007E+00
  0.4740E+03  0.8057E+00
  0.4750E+03  0.7795E+00
  0.4760E+03  0.9285E+00
  0.4770E+03  0.8665E+00
  0.4780E+03  0.8249E+00
  0.4790E+03  0.8845E+00
  0.4800E+03  0.1006E+01
  0.4810E+03  0.7858E+00
  0.4820E+03  0.9060E+00
  0.4830E+03  0.9652E+00
  0.4840E+03  0.1029E+01
  0.4850E+03  0.1113E+01
  0.4860E+03  0.1049E+01
  0.4870E+03  0.1093E+01
  0.4880E+03  0.1364E+01
  0.4890E+03  0.1398E+01
  0.4900E+03  0.1123E+01
  0.4910E+03  0.1423E+01
  0.4920E+03  0.1479E+01
  0.4930E+03  0.1531E+01
  0.4940E+03  0.1510E+01
  0.4950E+03  0.1544E+01
  0.4960E+03  0.1555E+01
  0.4970E+03  0.1910E+01
  0.4980E+03  0.1826E+01
  0.4990E+03  0.2013E+01
  0.5000E+03  0.1941E+01
  0.5010E+03  0.2130E+01
  0.5020E+03  0.2299E+01
  0.5030E+03  0.2282E+01
  0.5040E+03  0.2327E+01
  0.5050E+03  0.2538E+01
  0.5060E+03  0.2392E+01
  0.5070E+03  0.2696E+01
  0.5080E+03  0.2661E+01
  0.5090E+03  0.2760E+01
  0.5100E+03  0.2888E+01
  0.5110E+03  0.0000E+00
  0.5120E+03  0.0000E+00
