  0.1000E+01  0.2823E+01
  0.2000E+01  0.3192E+01
  0.3000E+01  0.3198E+01
  0.4000E+01  0.3402E+01
  0.5000E+01  0.3233E+01
  0.6000E+01  0.3664E+01
  0.7000E+01  0.3582E+01
  0.8000E+01  0.3471E+01
  0.9000E+01  0.3644E+01
  0.1000E+02  0.3834E+01
  0.1100E+02  0.3771E+01
  0.1200E+02  0.3563E+01
  0.1300E+02  0.3505E+01
  0.1400E+02  0.3615E+01
  0.1500E+02  0.3472E+01
  0.1600E+02  0.3502E+01
  0.1700E+02  0.3754E+01
  0.1800E+02  0.3511E+01
  0.1900E+02  0.3313E+01
  0.2000E+02  0.3516E+01
  0.2100E+02  0.3697E+01
  0.2200E+02  0.3522E+01
  0.2300E+02  0.3988E+01
  0.2400E+02  0.3567E+01
  0.2500E+02  0.4061E+01
  0.2600E+02  0.3917E+01
  0.2700E+02  0.3762E+01
  0.2800E+02  0.3743E+01
  0.2900E+02  0.3467E+01
  0.3000E+02  0.3334E+01
  0.3100E+02  0.3375E+01
  0.3200E+02  0.3355E+01
  0.3300E+02  0.3167E+01
  0.3400E+02  0.3212E+01
  0.3500E+02  0.3270E+01
  0.3600E+02  0.3118E+01
  0.3700E+02  0.2929E+01
  0.3800E+02  0.3040E+01
  0.3900E+02  0.3091E+01
  0.4000E+02  0.3048E+01
  0.4100E+02  0.2975E+01
  0.4200E+02  0.3104E+01
  0.4300E+02  0.3060E+01
  0.4400E+02  0.3132E+01
  0.4500E+02  0.3048E+01
  0.4600E+02  0.2860E+01
  0.4700E+02  0.2871E+01
  0.4800E+02  0.2833E+01
  0.4900E+02  0.3162E+01
  0.5000E+02  0.2785E+01
  0.5100E+02  0.2899E+01
  0.5200E+02  0.2918E+01
  0.5300E+02  0.2944E+01
  0.5400E+02  0.2743E+01
  0.5500E+02  0.2908E+01
  0.5600E+02  0.2989E+01
  0.5700E+02  0.3014E+01
  0.5800E+02  0.3239E+01
  0.5900E+02  0.2994E+01
  0.6000E+02  0.2688E+01
  0.6100E+02  0.3025E+01
  0.6200E+02  0.3075E+01
  0.6300E+02  0.2850E+01
  0.6400E+02  0.2887E+01
  0.6500E+02  0.2975E+01
  0.6600E+02  0.3186E+01
  0.6700E+02  0.3182E+01
  0.6800E+02  0.3224E+01
  0.6900E+02  0.3062E+01
  0.7000E+02  0.3260E+01
  0.7100E+02  0.3332E+01
  0.7200E+02  0.3246E+01
  0.7300E+02  0.3505E+01
  0.7400E+02  0.3418E+01
  0.7500E+02  0.3599E+01
  0.7600E+02  0.4021E+01
  0.7700E+02  0.3905E+01
  0.7800E+02  0.4287E+01
  0.7900E+02  0.4186E+01
  0.8000E+02  0.4481E+01
  0.8100E+02  0.4615E+01
  0.8200E+02  0.4517E+01
  0.8300E+02  0.4700E+01
  0.8400E+02  0.4886E+01
  0.8500E+02  0.4454E+01
  0.8600E+02  0.4445E+01
  0.8700E+02  0.4344E+01
  0.8800E+02  0.4209E+01
  0.8900E+02  0.4118E+01
  0.9000E+02  0.3954E+01
  0.9100E+02  0.3648E+01
  0.9200E+02  0.3740E+01
  0.9300E+02  0.3204E+01
  0.9400E+02  0.3347E+01
  0.9500E+02  0.3410E+01
  0.9600E+02  0.3345E+01
  0.9700E+02  0.3317E+01
  0.9800E+02  0.3507E+01
  0.9900E+02  0.3344E+01
  0.1000E+03  0.3467E+01
  0.1010E+03  0.3322E+01
  0.1020E+03  0.3571E+01
  0.1030E+03  0.3605E+01
  0.1040E+03  0.3713E+01
  0.1050E+03  0.3486E+01
  0.1060E+03  0.3750E+01
  0.1070E+03  0.3674E+01
  0.1080E+03  0.3559E+01
  0.1090E+03  0.3559E+01
  0.1100E+03  0.3633E+01
  0.1110E+03  0.3723E+01
  0.1120E+03  0.3632E+01
  0.1130E+03  0.3756E+01
  0.1140E+03  0.4110E+01
  0.1150E+03  0.3668E+01
  0.1160E+03  0.3849E+01
  0.1170E+03  0.3857E+01
  0.1180E+03  0.3853E+01
  0.1190E+03  0.3872E+01
  0.1200E+03  0.3842E+01
  0.1210E+03  0.4015E+01
  0.1220E+03  0.4006E+01
  0.1230E+03  0.3983E+01
  0.1240E+03  0.4159E+01
  0.1250E+03  0.4155E+01
  0.1260E+03  0.4135E+01
  0.1270E+03  0.4005E+01
  0.1280E+03  0.4168E+01
  0.1290E+03  0.4430E+01
  0.1300E+03  0.4487E+01
  0.1310E+03  0.4556E+01
  0.1320E+03  0.4406E+01
  0.1330E+03  0.4536E+01
  0.1340E+03  0.4847E+01
  0.1350E+03  0.4841E+01
  0.1360E+03  0.4887E+01
  0.1370E+03  0.4839E+01
  0.1380E+03  0.5208E+01
  0.1390E+03  0.5400E+01
  0.1400E+03  0.5568E+01
  0.1410E+03  0.5502E+01
  0.1420E+03  0.5939E+01
  0.1430E+03  0.5958E+01
  0.1440E+03  0.6419E+01
  0.1450E+03  0.6473E+01
  0.1460E+03  0.6203E+01
  0.1470E+03  0.6785E+01
  0.1480E+03  0.7238E+01
  0.1490E+03  0.6851E+01
  0.1500E+03  0.7272E+01
  0.1510E+03  0.6986E+01
  0.1520E+03  0.7150E+01
  0.1530E+03  0.7087E+01
  0.1540E+03  0.7291E+01
  0.1550E+03  0.7308E+01
  0.1560E+03  0.6919E+01
  0.1570E+03  0.7060E+01
  0.1580E+03  0.6680E+01
  0.1590E+03  0.6395E+01
  0.1600E+03  0.6325E+01
  0.1610E+03  0.5950E+01
  0.1620E+03  0.5873E+01
  0.1630E+03  0.5475E+01
  0.1640E+03  0.5191E+01
  0.1650E+03  0.4970E+01
  0.1660E+03  0.4770E+01
  0.1670E+03  0.4456E+01
  0.1680E+03  0.4540E+01
  0.1690E+03  0.4305E+01
  0.1700E+03  0.4148E+01
  0.1710E+03  0.4040E+01
  0.1720E+03  0.3832E+01
  0.1730E+03  0.4007E+01
  0.1740E+03  0.4163E+01
  0.1750E+03  0.4158E+01
  0.1760E+03  0.3958E+01
  0.1770E+03  0.4335E+01
  0.1780E+03  0.4041E+01
  0.1790E+03  0.4157E+01
  0.1800E+03  0.4376E+01
  0.1810E+03  0.4514E+01
  0.1820E+03  0.4283E+01
  0.1830E+03  0.4353E+01
  0.1840E+03  0.4677E+01
  0.1850E+03  0.4512E+01
  0.1860E+03  0.4125E+01
  0.1870E+03  0.4562E+01
  0.1880E+03  0.4486E+01
  0.1890E+03  0.4441E+01
  0.1900E+03  0.4472E+01
  0.1910E+03  0.4652E+01
  0.1920E+03  0.5023E+01
  0.1930E+03  0.5042E+01
  0.1940E+03  0.4901E+01
  0.1950E+03  0.4939E+01
  0.1960E+03  0.4815E+01
  0.1970E+03  0.4944E+01
  0.1980E+03  0.5014E+01
  0.1990E+03  0.5033E+01
  0.2000E+03  0.5177E+01
  0.2010E+03  0.5029E+01
  0.2020E+03  0.5463E+01
  0.2030E+03  0.5196E+01
  0.2040E+03  0.5169E+01
  0.2050E+03  0.5306E+01
  0.2060E+03  0.5442E+01
  0.2070E+03  0.5214E+01
  0.2080E+03  0.5715E+01
  0.2090E+03  0.5629E+01
  0.2100E+03  0.5568E+01
  0.2110E+03  0.5452E+01
  0.2120E+03  0.5668E+01
  0.2130E+03  0.5769E+01
  0.2140E+03  0.5367E+01
  0.2150E+03  0.5830E+01
  0.2160E+03  0.5705E+01
  0.2170E+03  0.6328E+01
  0.2180E+03  0.5792E+01
  0.2190E+03  0.6094E+01
  0.2200E+03  0.6112E+01
  0.2210E+03  0.6317E+01
  0.2220E+03  0.6350E+01
  0.2230E+03  0.6615E+01
  0.2240E+03  0.6181E+01
  0.2250E+03  0.6530E+01
  0.2260E+03  0.6454E+01
  0.2270E+03  0.6727E+01
  0.2280E+03  0.6258E+01
  0.2290E+03  0.6688E+01
  0.2300E+03  0.6613E+01
  0.2310E+03  0.6992E+01
  0.2320E+03  0.6872E+01
  0.2330E+03  0.6772E+01
  0.2340E+03  0.6836E+01
  0.2350E+03  0.7283E+01
  0.2360E+03  0.7144E+01
  0.2370E+03  0.7085E+01
  0.2380E+03  0.7078E+01
  0.2390E+03  0.7289E+01
  0.2400E+03  0.7361E+01
  0.2410E+03  0.6936E+01
  0.2420E+03  0.7247E+01
  0.2430E+03  0.7530E+01
  0.2440E+03  0.7651E+01
  0.2450E+03  0.7226E+01
  0.2460E+03  0.7728E+01
  0.2470E+03  0.7666E+01
  0.2480E+03  0.7470E+01
  0.2490E+03  0.7484E+01
  0.2500E+03  0.8042E+01
  0.2510E+03  0.7682E+01
  0.2520E+03  0.8029E+01
  0.2530E+03  0.8151E+01
  0.2540E+03  0.7990E+01
  0.2550E+03  0.8358E+01
  0.2560E+03  0.7974E+01
  0.2570E+03  0.8543E+01
  0.2580E+03  0.8015E+01
  0.2590E+03  0.8224E+01
  0.2600E+03  0.8192E+01
  0.2610E+03  0.8024E+01
  0.2620E+03  0.8844E+01
  0.2630E+03  0.8343E+01
  0.2640E+03  0.8375E+01
  0.2650E+03  0.8831E+01
  0.2660E+03  0.8766E+01
  0.2670E+03  0.8461E+01
  0.2680E+03  0.8827E+01
  0.2690E+03  0.9081E+01
  0.2700E+03  0.8760E+01
  0.2710E+03  0.8921E+01
  0.2720E+03  0.8967E+01
  0.2730E+03  0.9341E+01
  0.2740E+03  0.9210E+01
  0.2750E+03  0.9060E+01
  0.2760E+03  0.9261E+01
  0.2770E+03  0.9141E+01
  0.2780E+03  0.9041E+01
  0.2790E+03  0.9438E+01
  0.2800E+03  0.9351E+01
  0.2810E+03  0.9237E+01
  0.2820E+03  0.9102E+01
  0.2830E+03  0.9300E+01
  0.2840E+03  0.9349E+01
  0.2850E+03  0.9492E+01
  0.2860E+03  0.9572E+01
  0.2870E+03  0.9845E+01
  0.2880E+03  0.9563E+01
  0.2890E+03  0.9713E+01
  0.2900E+03  0.9514E+01
  0.2910E+03  0.9701E+01
  0.2920E+03  0.9844E+01
  0.2930E+03  0.1012E+02
  0.2940E+03  0.9587E+01
  0.2950E+03  0.1005E+02
  0.2960E+03  0.9876E+01
  0.2970E+03  0.1060E+02
  0.2980E+03  0.1026E+02
  0.2990E+03  0.1028E+02
  0.3000E+03  0.9983E+01
  0.3010E+03  0.1003E+02
  0.3020E+03  0.1049E+02
  0.3030E+03  0.1032E+02
  0.3040E+03  0.1059E+02
  0.3050E+03  0.1089E+02
  0.3060E+03  0.1074E+02
  0.3070E+03  0.1058E+02
  0.3080E+03  0.1074E+02
  0.3090E+03  0.1107E+02
  0.3100E+03  0.1095E+02
  0.3110E+03  0.1059E+02
  0.3120E+03  0.1076E+02
  0.3130E+03  0.1064E+02
  0.3140E+03  0.1094E+02
  0.3150E+03  0.1105E+02
  0.3160E+03  0.1110E+02
  0.3170E+03  0.1131E+02
  0.3180E+03  0.1126E+02
  0.3190E+03  0.1118E+02
  0.3200E+03  0.1127E+02
  0.3210E+03  0.1125E+02
  0.3220E+03  0.1120E+02
  0.3230E+03  0.1140E+02
  0.3240E+03  0.1132E+02
  0.3250E+03  0.1119E+02
  0.3260E+03  0.1144E+02
  0.3270E+03  0.1182E+02
  0.3280E+03  0.1139E+02
  0.3290E+03  0.1154E+02
  0.3300E+03  0.1130E+02
  0.3310E+03  0.1173E+02
  0.3320E+03  0.1139E+02
  0.3330E+03  0.1171E+02
  0.3340E+03  0.1162E+02
  0.3350E+03  0.1153E+02
  0.3360E+03  0.1182E+02
  0.3370E+03  0.1172E+02
  0.3380E+03  0.1142E+02
  0.3390E+03  0.1138E+02
  0.3400E+03  0.1147E+02
  0.3410E+03  0.1175E+02
  0.3420E+03  0.1152E+02
  0.3430E+03  0.1145E+02
  0.3440E+03  0.1155E+02
  0.3450E+03  0.1147E+02
  0.3460E+03  0.1133E+02
  0.3470E+03  0.1134E+02
  0.3480E+03  0.1216E+02
  0.3490E+03  0.1138E+02
  0.3500E+03  0.1174E+02
  0.3510E+03  0.1134E+02
  0.3520E+03  0.1147E+02
  0.3530E+03  0.1135E+02
  0.3540E+03  0.1166E+02
  0.3550E+03  0.1146E+02
  0.3560E+03  0.1145E+02
  0.3570E+03  0.1170E+02
  0.3580E+03  0.1161E+02
  0.3590E+03  0.1148E+02
  0.3600E+03  0.1127E+02
  0.3610E+03  0.1168E+02
  0.3620E+03  0.1172E+02
  0.3630E+03  0.1147E+02
  0.3640E+03  0.1139E+02
  0.3650E+03  0.1160E+02
  0.3660E+03  0.1142E+02
  0.3670E+03  0.1153E+02
  0.3680E+03  0.1174E+02
  0.3690E+03  0.1202E+02
  0.3700E+03  0.1157E+02
  0.3710E+03  0.1193E+02
  0.3720E+03  0.1167E+02
  0.3730E+03  0.1195E+02
  0.3740E+03  0.1173E+02
  0.3750E+03  0.1200E+02
  0.3760E+03  0.1202E+02
  0.3770E+03  0.1267E+02
  0.3780E+03  0.1233E+02
  0.3790E+03  0.1212E+02
  0.3800E+03  0.1203E+02
  0.3810E+03  0.1248E+02
  0.3820E+03  0.1252E+02
  0.3830E+03  0.1199E+02
  0.3840E+03  0.1199E+02
  0.3850E+03  0.1244E+02
  0.3860E+03  0.1226E+02
  0.3870E+03  0.1255E+02
  0.3880E+03  0.1214E+02
  0.3890E+03  0.1241E+02
  0.3900E+03  0.1282E+02
  0.3910E+03  0.1293E+02
  0.3920E+03  0.1255E+02
  0.3930E+03  0.1297E+02
  0.3940E+03  0.1317E+02
  0.3950E+03  0.1296E+02
  0.3960E+03  0.1292E+02
  0.3970E+03  0.1317E+02
  0.3980E+03  0.1338E+02
  0.3990E+03  0.1335E+02
  0.4000E+03  0.1318E+02
  0.4010E+03  0.1313E+02
  0.4020E+03  0.1308E+02
  0.4030E+03  0.1353E+02
  0.4040E+03  0.1336E+02
  0.4050E+03  0.1337E+02
  0.4060E+03  0.1323E+02
  0.4070E+03  0.1342E+02
  0.4080E+03  0.1383E+02
  0.4090E+03  0.1341E+02
  0.4100E+03  0.1365E+02
  0.4110E+03  0.1388E+02
  0.4120E+03  0.1376E+02
  0.4130E+03  0.1416E+02
  0.4140E+03  0.1331E+02
  0.4150E+03  0.1381E+02
  0.4160E+03  0.1398E+02
  0.4170E+03  0.1390E+02
  0.4180E+03  0.1401E+02
  0.4190E+03  0.1429E+02
  0.4200E+03  0.1334E+02
  0.4210E+03  0.1357E+02
  0.4220E+03  0.1382E+02
  0.4230E+03  0.1374E+02
  0.4240E+03  0.1347E+02
  0.4250E+03  0.1379E+02
  0.4260E+03  0.1329E+02
  0.4270E+03  0.1366E+02
  0.4280E+03  0.1320E+02
  0.4290E+03  0.1378E+02
  0.4300E+03  0.1389E+02
  0.4310E+03  0.1349E+02
  0.4320E+03  0.1349E+02
  0.4330E+03  0.1334E+02
  0.4340E+03  0.1373E+02
  0.4350E+03  0.1340E+02
  0.4360E+03  0.1307E+02
  0.4370E+03  0.1342E+02
  0.4380E+03  0.1319E+02
  0.4390E+03  0.1378E+02
  0.4400E+03  0.1286E+02
  0.4410E+03  0.1299E+02
  0.4420E+03  0.1297E+02
  0.4430E+03  0.1322E+02
  0.4440E+03  0.1255E+02
  0.4450E+03  0.1316E+02
  0.4460E+03  0.1306E+02
  0.4470E+03  0.1286E+02
  0.4480E+03  0.1303E+02
  0.4490E+03  0.1260E+02
  0.4500E+03  0.1295E+02
  0.4510E+03  0.1256E+02
  0.4520E+03  0.1234E+02
  0.4530E+03  0.1263E+02
  0.4540E+03  0.1257E+02
  0.4550E+03  0.1237E+02
  0.4560E+03  0.1237E+02
  0.4570E+03  0.1245E+02
  0.4580E+03  0.1243E+02
  0.4590E+03  0.1264E+02
  0.4600E+03  0.1227E+02
  0.4610E+03  0.1248E+02
  0.4620E+03  0.1273E+02
  0.4630E+03  0.1248E+02
  0.4640E+03  0.1222E+02
  0.4650E+03  0.1257E+02
  0.4660E+03  0.1333E+02
  0.4670E+03  0.1226E+02
  0.4680E+03  0.1185E+02
  0.4690E+03  0.1239E+02
  0.4700E+03  0.1193E+02
  0.4710E+03  0.1239E+02
  0.4720E+03  0.1237E+02
  0.4730E+03  0.1251E+02
  0.4740E+03  0.1237E+02
  0.4750E+03  0.1269E+02
  0.4760E+03  0.1229E+02
  0.4770E+03  0.1215E+02
  0.4780E+03  0.1225E+02
  0.4790E+03  0.1268E+02
  0.4800E+03  0.1223E+02
  0.4810E+03  0.1202E+02
  0.4820E+03  0.1250E+02
  0.4830E+03  0.1253E+02
  0.4840E+03  0.1243E+02
  0.4850E+03  0.1212E+02
  0.4860E+03  0.1236E+02
  0.4870E+03  0.1217E+02
  0.4880E+03  0.1254E+02
  0.4890E+03  0.1286E+02
  0.4900E+03  0.1218E+02
  0.4910E+03  0.1194E+02
  0.4920E+03  0.1185E+02
  0.4930E+03  0.1248E+02
  0.4940E+03  0.1167E+02
  0.4950E+03  0.1195E+02
  0.4960E+03  0.1209E+02
  0.4970E+03  0.1200E+02
  0.4980E+03  0.1201E+02
  0.4990E+03  0.1170E+02
  0.5000E+03  0.1175E+02
  0.5010E+03  0.1155E+02
  0.5020E+03  0.1187E+02
  0.5030E+03  0.1121E+02
  0.5040E+03  0.1153E+02
  0.5050E+03  0.1152E+02
  0.5060E+03  0.1116E+02
  0.5070E+03  0.1130E+02
  0.5080E+03  0.1058E+02
  0.5090E+03  0.1056E+02
  0.5100E+03  0.1044E+02
  0.5110E+03  0.0000E+00
  0.5120E+03  0.0000E+00
