  0.1000E+01  0.3090E+01
  0.2000E+01  0.3429E+01
  0.3000E+01  0.3409E+01
  0.4000E+01  0.3466E+01
  0.5000E+01  0.3722E+01
  0.6000E+01  0.3534E+01
  0.7000E+01  0.3751E+01
  0.8000E+01  0.3716E+01
  0.9000E+01  0.3952E+01
  0.1000E+02  0.3644E+01
  0.1100E+02  0.3533E+01
  0.1200E+02  0.3697E+01
  0.1300E+02  0.3455E+01
  0.1400E+02  0.3874E+01
  0.1500E+02  0.3670E+01
  0.1600E+02  0.3550E+01
  0.1700E+02  0.3860E+01
  0.1800E+02  0.3635E+01
  0.1900E+02  0.3527E+01
  0.2000E+02  0.3381E+01
  0.2100E+02  0.3663E+01
  0.2200E+02  0.3466E+01
  0.2300E+02  0.3282E+01
  0.2400E+02  0.3377E+01
  0.2500E+02  0.3481E+01
  0.2600E+02  0.3313E+01
  0.2700E+02  0.3324E+01
  0.2800E+02  0.3345E+01
  0.2900E+02  0.3415E+01
  0.3000E+02  0.3249E+01
  0.3100E+02  0.3391E+01
  0.3200E+02  0.3400E+01
  0.3300E+02  0.3432E+01
  0.3400E+02  0.3284E+01
  0.3500E+02  0.3132E+01
  0.3600E+02  0.3312E+01
  0.3700E+02  0.3266E+01
  0.3800E+02  0.3180E+01
  0.3900E+02  0.3038E+01
  0.4000E+02  0.3265E+01
  0.4100E+02  0.3105E+01
  0.4200E+02  0.3047E+01
  0.4300E+02  0.3214E+01
  0.4400E+02  0.3110E+01
  0.4500E+02  0.3178E+01
  0.4600E+02  0.3207E+01
  0.4700E+02  0.3146E+01
  0.4800E+02  0.3426E+01
  0.4900E+02  0.3305E+01
  0.5000E+02  0.3189E+01
  0.5100E+02  0.3509E+01
  0.5200E+02  0.3235E+01
  0.5300E+02  0.3397E+01
  0.5400E+02  0.3479E+01
  0.5500E+02  0.3607E+01
  0.5600E+02  0.3580E+01
  0.5700E+02  0.3246E+01
  0.5800E+02  0.3903E+01
  0.5900E+02  0.3720E+01
  0.6000E+02  0.3890E+01
  0.6100E+02  0.3881E+01
  0.6200E+02  0.4154E+01
  0.6300E+02  0.4104E+01
  0.6400E+02  0.4278E+01
  0.6500E+02  0.4189E+01
  0.6600E+02  0.4077E+01
  0.6700E+02  0.4354E+01
  0.6800E+02  0.4255E+01
  0.6900E+02  0.4514E+01
  0.7000E+02  0.4438E+01
  0.7100E+02  0.4496E+01
  0.7200E+02  0.4651E+01
  0.7300E+02  0.4677E+01
  0.7400E+02  0.4487E+01
  0.7500E+02  0.4616E+01
  0.7600E+02  0.4455E+01
  0.7700E+02  0.4666E+01
  0.7800E+02  0.4761E+01
  0.7900E+02  0.4816E+01
  0.8000E+02  0.5051E+01
  0.8100E+02  0.4717E+01
  0.8200E+02  0.4908E+01
  0.8300E+02  0.4920E+01
  0.8400E+02  0.4772E+01
  0.8500E+02  0.4991E+01
  0.8600E+02  0.5076E+01
  0.8700E+02  0.4883E+01
  0.8800E+02  0.4933E+01
  0.8900E+02  0.4897E+01
  0.9000E+02  0.4783E+01
  0.9100E+02  0.5143E+01
  0.9200E+02  0.5137E+01
  0.9300E+02  0.4920E+01
  0.9400E+02  0.5189E+01
  0.9500E+02  0.5097E+01
  0.9600E+02  0.4979E+01
  0.9700E+02  0.4880E+01
  0.9800E+02  0.5029E+01
  0.9900E+02  0.4943E+01
  0.1000E+03  0.4933E+01
  0.1010E+03  0.4952E+01
  0.1020E+03  0.5021E+01
  0.1030E+03  0.5264E+01
  0.1040E+03  0.5091E+01
  0.1050E+03  0.5031E+01
  0.1060E+03  0.5283E+01
  0.1070E+03  0.5315E+01
  0.1080E+03  0.5313E+01
  0.1090E+03  0.5133E+01
  0.1100E+03  0.5174E+01
  0.1110E+03  0.5306E+01
  0.1120E+03  0.5391E+01
  0.1130E+03  0.5679E+01
  0.1140E+03  0.5517E+01
  0.1150E+03  0.5483E+01
  0.1160E+03  0.5494E+01
  0.1170E+03  0.5380E+01
  0.1180E+03  0.5768E+01
  0.1190E+03  0.5934E+01
  0.1200E+03  0.6003E+01
  0.1210E+03  0.5440E+01
  0.1220E+03  0.5988E+01
  0.1230E+03  0.5903E+01
  0.1240E+03  0.5779E+01
  0.1250E+03  0.6165E+01
  0.1260E+03  0.6233E+01
  0.1270E+03  0.6346E+01
  0.1280E+03  0.6575E+01
  0.1290E+03  0.6359E+01
  0.1300E+03  0.6462E+01
  0.1310E+03  0.6665E+01
  0.1320E+03  0.6509E+01
  0.1330E+03  0.6436E+01
  0.1340E+03  0.6566E+01
  0.1350E+03  0.6879E+01
  0.1360E+03  0.6821E+01
  0.1370E+03  0.6886E+01
  0.1380E+03  0.7127E+01
  0.1390E+03  0.7631E+01
  0.1400E+03  0.7216E+01
  0.1410E+03  0.7523E+01
  0.1420E+03  0.7389E+01
  0.1430E+03  0.7878E+01
  0.1440E+03  0.7625E+01
  0.1450E+03  0.7534E+01
  0.1460E+03  0.7875E+01
  0.1470E+03  0.7855E+01
  0.1480E+03  0.7589E+01
  0.1490E+03  0.7691E+01
  0.1500E+03  0.8114E+01
  0.1510E+03  0.8158E+01
  0.1520E+03  0.7875E+01
  0.1530E+03  0.8010E+01
  0.1540E+03  0.8420E+01
  0.1550E+03  0.7862E+01
  0.1560E+03  0.8246E+01
  0.1570E+03  0.8015E+01
  0.1580E+03  0.8727E+01
  0.1590E+03  0.8432E+01
  0.1600E+03  0.7833E+01
  0.1610E+03  0.8163E+01
  0.1620E+03  0.8147E+01
  0.1630E+03  0.8191E+01
  0.1640E+03  0.8129E+01
  0.1650E+03  0.7498E+01
  0.1660E+03  0.8276E+01
  0.1670E+03  0.7958E+01
  0.1680E+03  0.8030E+01
  0.1690E+03  0.7869E+01
  0.1700E+03  0.7437E+01
  0.1710E+03  0.7225E+01
  0.1720E+03  0.7498E+01
  0.1730E+03  0.7007E+01
  0.1740E+03  0.7153E+01
  0.1750E+03  0.7024E+01
  0.1760E+03  0.6988E+01
  0.1770E+03  0.6884E+01
  0.1780E+03  0.6509E+01
  0.1790E+03  0.6428E+01
  0.1800E+03  0.6290E+01
  0.1810E+03  0.6062E+01
  0.1820E+03  0.6435E+01
  0.1830E+03  0.6037E+01
  0.1840E+03  0.5702E+01
  0.1850E+03  0.6067E+01
  0.1860E+03  0.5564E+01
  0.1870E+03  0.5245E+01
  0.1880E+03  0.5334E+01
  0.1890E+03  0.5162E+01
  0.1900E+03  0.4823E+01
  0.1910E+03  0.4887E+01
  0.1920E+03  0.4616E+01
  0.1930E+03  0.4839E+01
  0.1940E+03  0.5087E+01
  0.1950E+03  0.4711E+01
  0.1960E+03  0.4463E+01
  0.1970E+03  0.4172E+01
  0.1980E+03  0.4416E+01
  0.1990E+03  0.4250E+01
  0.2000E+03  0.4016E+01
  0.2010E+03  0.4057E+01
  0.2020E+03  0.3739E+01
  0.2030E+03  0.3682E+01
  0.2040E+03  0.3797E+01
  0.2050E+03  0.3656E+01
  0.2060E+03  0.3574E+01
  0.2070E+03  0.3420E+01
  0.2080E+03  0.3265E+01
  0.2090E+03  0.3344E+01
  0.2100E+03  0.3327E+01
  0.2110E+03  0.3280E+01
  0.2120E+03  0.3213E+01
  0.2130E+03  0.3103E+01
  0.2140E+03  0.3125E+01
  0.2150E+03  0.2998E+01
  0.2160E+03  0.2832E+01
  0.2170E+03  0.2701E+01
  0.2180E+03  0.3000E+01
  0.2190E+03  0.2779E+01
  0.2200E+03  0.2859E+01
  0.2210E+03  0.2725E+01
  0.2220E+03  0.2512E+01
  0.2230E+03  0.3041E+01
  0.2240E+03  0.2685E+01
  0.2250E+03  0.2466E+01
  0.2260E+03  0.2374E+01
  0.2270E+03  0.2385E+01
  0.2280E+03  0.2577E+01
  0.2290E+03  0.2524E+01
  0.2300E+03  0.2245E+01
  0.2310E+03  0.2143E+01
  0.2320E+03  0.2017E+01
  0.2330E+03  0.2320E+01
  0.2340E+03  0.1992E+01
  0.2350E+03  0.2034E+01
  0.2360E+03  0.2084E+01
  0.2370E+03  0.2205E+01
  0.2380E+03  0.1796E+01
  0.2390E+03  0.2098E+01
  0.2400E+03  0.1965E+01
  0.2410E+03  0.1806E+01
  0.2420E+03  0.1661E+01
  0.2430E+03  0.1852E+01
  0.2440E+03  0.1808E+01
  0.2450E+03  0.1741E+01
  0.2460E+03  0.2003E+01
  0.2470E+03  0.1488E+01
  0.2480E+03  0.1794E+01
  0.2490E+03  0.1452E+01
  0.2500E+03  0.1679E+01
  0.2510E+03  0.1637E+01
  0.2520E+03  0.1467E+01
  0.2530E+03  0.1289E+01
  0.2540E+03  0.1490E+01
  0.2550E+03  0.1512E+01
  0.2560E+03  0.1418E+01
  0.2570E+03  0.1354E+01
  0.2580E+03  0.1296E+01
  0.2590E+03  0.1432E+01
  0.2600E+03  0.1460E+01
  0.2610E+03  0.1350E+01
  0.2620E+03  0.1358E+01
  0.2630E+03  0.1431E+01
  0.2640E+03  0.1202E+01
  0.2650E+03  0.1424E+01
  0.2660E+03  0.1376E+01
  0.2670E+03  0.1321E+01
  0.2680E+03  0.1383E+01
  0.2690E+03  0.1203E+01
  0.2700E+03  0.1232E+01
  0.2710E+03  0.1116E+01
  0.2720E+03  0.1143E+01
  0.2730E+03  0.1236E+01
  0.2740E+03  0.1138E+01
  0.2750E+03  0.1191E+01
  0.2760E+03  0.1156E+01
  0.2770E+03  0.1083E+01
  0.2780E+03  0.1187E+01
  0.2790E+03  0.1144E+01
  0.2800E+03  0.1054E+01
  0.2810E+03  0.1128E+01
  0.2820E+03  0.1007E+01
  0.2830E+03  0.1176E+01
  0.2840E+03  0.9296E+00
  0.2850E+03  0.9412E+00
  0.2860E+03  0.9024E+00
  0.2870E+03  0.9995E+00
  0.2880E+03  0.9525E+00
  0.2890E+03  0.8860E+00
  0.2900E+03  0.8550E+00
  0.2910E+03  0.7602E+00
  0.2920E+03  0.9153E+00
  0.2930E+03  0.9451E+00
  0.2940E+03  0.8991E+00
  0.2950E+03  0.8961E+00
  0.2960E+03  0.9581E+00
  0.2970E+03  0.7998E+00
  0.2980E+03  0.8249E+00
  0.2990E+03  0.7312E+00
  0.3000E+03  0.8218E+00
  0.3010E+03  0.9152E+00
  0.3020E+03  0.6405E+00
  0.3030E+03  0.7449E+00
  0.3040E+03  0.8095E+00
  0.3050E+03  0.8613E+00
  0.3060E+03  0.6259E+00
  0.3070E+03  0.6937E+00
  0.3080E+03  0.7985E+00
  0.3090E+03  0.6914E+00
  0.3100E+03  0.6863E+00
  0.3110E+03  0.6423E+00
  0.3120E+03  0.7138E+00
  0.3130E+03  0.5536E+00
  0.3140E+03  0.6933E+00
  0.3150E+03  0.6010E+00
  0.3160E+03  0.7294E+00
  0.3170E+03  0.7521E+00
  0.3180E+03  0.5783E+00
  0.3190E+03  0.7406E+00
  0.3200E+03  0.6227E+00
  0.3210E+03  0.5820E+00
  0.3220E+03  0.5909E+00
  0.3230E+03  0.6909E+00
  0.3240E+03  0.5832E+00
  0.3250E+03  0.5979E+00
  0.3260E+03  0.4355E+00
  0.3270E+03  0.5636E+00
  0.3280E+03  0.6069E+00
  0.3290E+03  0.5558E+00
  0.3300E+03  0.6818E+00
  0.3310E+03  0.5278E+00
  0.3320E+03  0.3445E+00
  0.3330E+03  0.5676E+00
  0.3340E+03  0.5017E+00
  0.3350E+03  0.5094E+00
  0.3360E+03  0.5440E+00
  0.3370E+03  0.4389E+00
  0.3380E+03  0.4955E+00
  0.3390E+03  0.4614E+00
  0.3400E+03  0.4585E+00
  0.3410E+03  0.5005E+00
  0.3420E+03  0.5793E+00
  0.3430E+03  0.3783E+00
  0.3440E+03  0.4426E+00
  0.3450E+03  0.3906E+00
  0.3460E+03  0.3981E+00
  0.3470E+03  0.3978E+00
  0.3480E+03  0.4409E+00
  0.3490E+03  0.4082E+00
  0.3500E+03  0.4249E+00
  0.3510E+03  0.3372E+00
  0.3520E+03  0.4577E+00
  0.3530E+03  0.3561E+00
  0.3540E+03  0.3343E+00
  0.3550E+03  0.4718E+00
  0.3560E+03  0.3151E+00
  0.3570E+03  0.3682E+00
  0.3580E+03  0.3109E+00
  0.3590E+03  0.3842E+00
  0.3600E+03  0.3504E+00
  0.3610E+03  0.3641E+00
  0.3620E+03  0.3010E+00
  0.3630E+03  0.3314E+00
  0.3640E+03  0.2837E+00
  0.3650E+03  0.2440E+00
  0.3660E+03  0.2640E+00
  0.3670E+03  0.2257E+00
  0.3680E+03  0.2763E+00
  0.3690E+03  0.2977E+00
  0.3700E+03  0.3088E+00
  0.3710E+03  0.3119E+00
  0.3720E+03  0.2919E+00
  0.3730E+03  0.2219E+00
  0.3740E+03  0.2472E+00
  0.3750E+03  0.2680E+00
  0.3760E+03  0.2785E+00
  0.3770E+03  0.2063E+00
  0.3780E+03  0.2769E+00
  0.3790E+03  0.2030E+00
  0.3800E+03  0.3300E+00
  0.3810E+03  0.3135E+00
  0.3820E+03  0.2353E+00
  0.3830E+03  0.3040E+00
  0.3840E+03  0.3200E+00
  0.3850E+03  0.1887E+00
  0.3860E+03  0.2366E+00
  0.3870E+03  0.2793E+00
  0.3880E+03  0.3382E+00
  0.3890E+03  0.2110E+00
  0.3900E+03  0.2408E+00
  0.3910E+03  0.2624E+00
  0.3920E+03  0.1979E+00
  0.3930E+03  0.3095E+00
  0.3940E+03  0.2409E+00
  0.3950E+03  0.1929E+00
  0.3960E+03  0.2276E+00
  0.3970E+03  0.2250E+00
  0.3980E+03  0.1781E+00
  0.3990E+03  0.2763E+00
  0.4000E+03  0.2334E+00
  0.4010E+03  0.1567E+00
  0.4020E+03  0.1778E+00
  0.4030E+03  0.1815E+00
  0.4040E+03  0.1876E+00
  0.4050E+03  0.1601E+00
  0.4060E+03  0.1593E+00
  0.4070E+03  0.2127E+00
  0.4080E+03  0.1323E+00
  0.4090E+03  0.1113E+00
  0.4100E+03  0.1722E+00
  0.4110E+03  0.1857E+00
  0.4120E+03  0.1893E+00
  0.4130E+03  0.1238E+00
  0.4140E+03  0.1073E+00
  0.4150E+03  0.1161E+00
  0.4160E+03  0.1618E+00
  0.4170E+03  0.1668E+00
  0.4180E+03  0.1561E+00
  0.4190E+03  0.1728E+00
  0.4200E+03  0.1265E+00
  0.4210E+03  0.1491E+00
  0.4220E+03  0.1303E+00
  0.4230E+03  0.1336E+00
  0.4240E+03  0.1127E+00
  0.4250E+03  0.1246E+00
  0.4260E+03  0.2131E+00
  0.4270E+03  0.1158E+00
  0.4280E+03  0.1215E+00
  0.4290E+03  0.1355E+00
  0.4300E+03  0.1100E+00
  0.4310E+03  0.7702E-01
  0.4320E+03  0.9392E-01
  0.4330E+03  0.9285E-01
  0.4340E+03  0.5458E-01
  0.4350E+03  0.1062E+00
  0.4360E+03  0.1233E+00
  0.4370E+03  0.1335E+00
  0.4380E+03  0.1159E+00
  0.4390E+03  0.1262E+00
  0.4400E+03  0.8928E-01
  0.4410E+03  0.9649E-01
  0.4420E+03  0.9126E-01
  0.4430E+03  0.9280E-01
  0.4440E+03  0.8514E-01
  0.4450E+03  0.3127E-01
  0.4460E+03  0.9087E-01
  0.4470E+03  0.7934E-01
  0.4480E+03  0.9274E-01
  0.4490E+03  0.4671E-01
  0.4500E+03  0.7304E-01
  0.4510E+03  0.1160E+00
  0.4520E+03  0.7572E-01
  0.4530E+03  0.5362E-01
  0.4540E+03  0.6778E-01
  0.4550E+03  0.9930E-01
  0.4560E+03  0.8249E-01
  0.4570E+03  0.9874E-01
  0.4580E+03  0.7910E-01
  0.4590E+03  0.7166E-01
  0.4600E+03  0.9667E-01
  0.4610E+03  0.3132E-01
  0.4620E+03  0.5596E-01
  0.4630E+03  0.9044E-01
  0.4640E+03  0.5986E-01
  0.4650E+03  0.5104E-01
  0.4660E+03  0.7510E-01
  0.4670E+03  0.2021E-01
  0.4680E+03  0.1060E+00
  0.4690E+03  0.4230E-01
  0.4700E+03  0.4692E-01
  0.4710E+03  0.7199E-01
  0.4720E+03  0.8091E-01
  0.4730E+03  0.8649E-01
  0.4740E+03  0.3354E-01
  0.4750E+03  0.7317E-01
  0.4760E+03  0.3449E-01
  0.4770E+03  0.5488E-01
  0.4780E+03  0.3731E-01
  0.4790E+03  0.4658E-01
  0.4800E+03  0.2220E-01
  0.4810E+03  0.6086E-01
  0.4820E+03  0.1895E-01
  0.4830E+03  0.2636E-01
  0.4840E+03  0.3040E-01
  0.4850E+03  0.7505E-01
  0.4860E+03  0.3054E-01
  0.4870E+03  0.6479E-01
  0.4880E+03  0.4755E-01
  0.4890E+03  0.2113E-01
  0.4900E+03  0.4376E-01
  0.4910E+03  0.3915E-01
  0.4920E+03  0.3820E-01
  0.4930E+03  0.4446E-01
  0.4940E+03  0.4018E-01
  0.4950E+03  0.2130E-01
  0.4960E+03  0.4058E-01
  0.4970E+03  0.9849E-02
  0.4980E+03  0.2117E-01
  0.4990E+03  0.5147E-01
  0.5000E+03  0.2275E-01
  0.5010E+03  0.3600E-01
  0.5020E+03  0.1138E-02
  0.5030E+03  0.3809E-01
  0.5040E+03  0.1314E-01
  0.5050E+03  0.4207E-01
  0.5060E+03  0.1886E-01
  0.5070E+03  0.4317E-01
  0.5080E+03  0.1099E-01
  0.5090E+03  0.3857E-01
  0.5100E+03  0.4627E-01
  0.5110E+03  0.0000E+00
  0.5120E+03  0.0000E+00
