  0.1000E+01  0.5945E+00
  0.2000E+01  0.6167E+00
  0.3000E+01  0.6250E+00
  0.4000E+01  0.5869E+00
  0.5000E+01  0.5749E+00
  0.6000E+01  0.5183E+00
  0.7000E+01  0.4912E+00
  0.8000E+01  0.4538E+00
  0.9000E+01  0.4134E+00
  0.1000E+02  0.4049E+00
  0.1100E+02  0.3771E+00
  0.1200E+02  0.3381E+00
  0.1300E+02  0.3272E+00
  0.1400E+02  0.2989E+00
  0.1500E+02  0.2887E+00
  0.1600E+02  0.2475E+00
  0.1700E+02  0.2291E+00
  0.1800E+02  0.2186E+00
  0.1900E+02  0.2004E+00
  0.2000E+02  0.1828E+00
  0.2100E+02  0.1708E+00
  0.2200E+02  0.1601E+00
  0.2300E+02  0.1544E+00
  0.2400E+02  0.1432E+00
  0.2500E+02  0.1294E+00
  0.2600E+02  0.1247E+00
  0.2700E+02  0.1219E+00
  0.2800E+02  0.1184E+00
  0.2900E+02  0.1090E+00
  0.3000E+02  0.1060E+00
  0.3100E+02  0.1029E+00
  0.3200E+02  0.1005E+00
  0.3300E+02  0.9398E-01
  0.3400E+02  0.8517E-01
  0.3500E+02  0.9465E-01
  0.3600E+02  0.9084E-01
  0.3700E+02  0.8691E-01
  0.3800E+02  0.8146E-01
  0.3900E+02  0.8215E-01
  0.4000E+02  0.8560E-01
  0.4100E+02  0.8705E-01
  0.4200E+02  0.8872E-01
  0.4300E+02  0.8913E-01
  0.4400E+02  0.1036E+00
  0.4500E+02  0.1090E+00
  0.4600E+02  0.1174E+00
  0.4700E+02  0.1326E+00
  0.4800E+02  0.1325E+00
  0.4900E+02  0.1478E+00
  0.5000E+02  0.1683E+00
  0.5100E+02  0.1951E+00
  0.5200E+02  0.1895E+00
  0.5300E+02  0.2218E+00
  0.5400E+02  0.2299E+00
  0.5500E+02  0.2532E+00
  0.5600E+02  0.2601E+00
  0.5700E+02  0.2869E+00
  0.5800E+02  0.3055E+00
  0.5900E+02  0.3132E+00
  0.6000E+02  0.3299E+00
  0.6100E+02  0.3510E+00
  0.6200E+02  0.3489E+00
  0.6300E+02  0.3670E+00
  0.6400E+02  0.3845E+00
  0.6500E+02  0.4090E+00
  0.6600E+02  0.4178E+00
  0.6700E+02  0.4350E+00
  0.6800E+02  0.4321E+00
  0.6900E+02  0.4440E+00
  0.7000E+02  0.4748E+00
  0.7100E+02  0.4855E+00
  0.7200E+02  0.5131E+00
  0.7300E+02  0.5087E+00
  0.7400E+02  0.5662E+00
  0.7500E+02  0.5709E+00
  0.7600E+02  0.6060E+00
  0.7700E+02  0.6200E+00
  0.7800E+02  0.6789E+00
  0.7900E+02  0.6914E+00
  0.8000E+02  0.7366E+00
  0.8100E+02  0.7709E+00
  0.8200E+02  0.8073E+00
  0.8300E+02  0.8375E+00
  0.8400E+02  0.8825E+00
  0.8500E+02  0.9337E+00
  0.8600E+02  0.9563E+00
  0.8700E+02  0.1008E+01
  0.8800E+02  0.1070E+01
  0.8900E+02  0.1094E+01
  0.9000E+02  0.1160E+01
  0.9100E+02  0.1201E+01
  0.9200E+02  0.1260E+01
  0.9300E+02  0.1284E+01
  0.9400E+02  0.1316E+01
  0.9500E+02  0.1331E+01
  0.9600E+02  0.1342E+01
  0.9700E+02  0.1358E+01
  0.9800E+02  0.1322E+01
  0.9900E+02  0.1292E+01
  0.1000E+03  0.1265E+01
  0.1010E+03  0.1205E+01
  0.1020E+03  0.1161E+01
  0.1030E+03  0.1092E+01
  0.1040E+03  0.1046E+01
  0.1050E+03  0.9863E+00
  0.1060E+03  0.9065E+00
  0.1070E+03  0.8275E+00
  0.1080E+03  0.7653E+00
  0.1090E+03  0.7076E+00
  0.1100E+03  0.6402E+00
  0.1110E+03  0.6092E+00
  0.1120E+03  0.5427E+00
  0.1130E+03  0.4823E+00
  0.1140E+03  0.4668E+00
  0.1150E+03  0.4255E+00
  0.1160E+03  0.3982E+00
  0.1170E+03  0.3619E+00
  0.1180E+03  0.3330E+00
  0.1190E+03  0.3148E+00
  0.1200E+03  0.2907E+00
  0.1210E+03  0.2769E+00
  0.1220E+03  0.2726E+00
  0.1230E+03  0.2504E+00
  0.1240E+03  0.2426E+00
  0.1250E+03  0.2253E+00
  0.1260E+03  0.2192E+00
  0.1270E+03  0.2151E+00
  0.1280E+03  0.1981E+00
  0.1290E+03  0.1888E+00
  0.1300E+03  0.1707E+00
  0.1310E+03  0.1685E+00
  0.1320E+03  0.1775E+00
  0.1330E+03  0.1619E+00
  0.1340E+03  0.1550E+00
  0.1350E+03  0.1426E+00
  0.1360E+03  0.1437E+00
  0.1370E+03  0.1398E+00
  0.1380E+03  0.1350E+00
  0.1390E+03  0.1266E+00
  0.1400E+03  0.1275E+00
  0.1410E+03  0.1252E+00
  0.1420E+03  0.1206E+00
  0.1430E+03  0.1212E+00
  0.1440E+03  0.1228E+00
  0.1450E+03  0.1107E+00
  0.1460E+03  0.1159E+00
  0.1470E+03  0.1139E+00
  0.1480E+03  0.1167E+00
  0.1490E+03  0.1018E+00
  0.1500E+03  0.1085E+00
  0.1510E+03  0.1093E+00
  0.1520E+03  0.1115E+00
  0.1530E+03  0.1145E+00
  0.1540E+03  0.1043E+00
  0.1550E+03  0.1007E+00
  0.1560E+03  0.1027E+00
  0.1570E+03  0.1029E+00
  0.1580E+03  0.1066E+00
  0.1590E+03  0.1056E+00
  0.1600E+03  0.9881E-01
  0.1610E+03  0.9037E-01
  0.1620E+03  0.9354E-01
  0.1630E+03  0.8711E-01
  0.1640E+03  0.9499E-01
  0.1650E+03  0.8953E-01
  0.1660E+03  0.9663E-01
  0.1670E+03  0.9202E-01
  0.1680E+03  0.9402E-01
  0.1690E+03  0.8834E-01
  0.1700E+03  0.9008E-01
  0.1710E+03  0.9445E-01
  0.1720E+03  0.8425E-01
  0.1730E+03  0.8076E-01
  0.1740E+03  0.8102E-01
  0.1750E+03  0.7402E-01
  0.1760E+03  0.7457E-01
  0.1770E+03  0.7782E-01
  0.1780E+03  0.6792E-01
  0.1790E+03  0.7267E-01
  0.1800E+03  0.7137E-01
  0.1810E+03  0.6249E-01
  0.1820E+03  0.6237E-01
  0.1830E+03  0.7446E-01
  0.1840E+03  0.6363E-01
  0.1850E+03  0.7027E-01
  0.1860E+03  0.6279E-01
  0.1870E+03  0.6072E-01
  0.1880E+03  0.5474E-01
  0.1890E+03  0.5517E-01
  0.1900E+03  0.5226E-01
  0.1910E+03  0.4971E-01
  0.1920E+03  0.4956E-01
  0.1930E+03  0.4416E-01
  0.1940E+03  0.4845E-01
  0.1950E+03  0.4421E-01
  0.1960E+03  0.4343E-01
  0.1970E+03  0.4551E-01
  0.1980E+03  0.4230E-01
  0.1990E+03  0.3864E-01
  0.2000E+03  0.3562E-01
  0.2010E+03  0.3957E-01
  0.2020E+03  0.3389E-01
  0.2030E+03  0.4326E-01
  0.2040E+03  0.3926E-01
  0.2050E+03  0.3420E-01
  0.2060E+03  0.3271E-01
  0.2070E+03  0.3351E-01
  0.2080E+03  0.3111E-01
  0.2090E+03  0.2790E-01
  0.2100E+03  0.3249E-01
  0.2110E+03  0.2946E-01
  0.2120E+03  0.2673E-01
  0.2130E+03  0.3120E-01
  0.2140E+03  0.2812E-01
  0.2150E+03  0.2843E-01
  0.2160E+03  0.2968E-01
  0.2170E+03  0.2712E-01
  0.2180E+03  0.2403E-01
  0.2190E+03  0.2303E-01
  0.2200E+03  0.2481E-01
  0.2210E+03  0.2089E-01
  0.2220E+03  0.2238E-01
  0.2230E+03  0.2332E-01
  0.2240E+03  0.2274E-01
  0.2250E+03  0.2112E-01
  0.2260E+03  0.2020E-01
  0.2270E+03  0.1669E-01
  0.2280E+03  0.1831E-01
  0.2290E+03  0.1971E-01
  0.2300E+03  0.1994E-01
  0.2310E+03  0.1634E-01
  0.2320E+03  0.1504E-01
  0.2330E+03  0.1805E-01
  0.2340E+03  0.1456E-01
  0.2350E+03  0.1779E-01
  0.2360E+03  0.1520E-01
  0.2370E+03  0.1479E-01
  0.2380E+03  0.1424E-01
  0.2390E+03  0.1741E-01
  0.2400E+03  0.1307E-01
  0.2410E+03  0.1209E-01
  0.2420E+03  0.1343E-01
  0.2430E+03  0.9069E-02
  0.2440E+03  0.1028E-01
  0.2450E+03  0.1344E-01
  0.2460E+03  0.1277E-01
  0.2470E+03  0.1074E-01
  0.2480E+03  0.1096E-01
  0.2490E+03  0.9261E-02
  0.2500E+03  0.1026E-01
  0.2510E+03  0.8331E-02
  0.2520E+03  0.9134E-02
  0.2530E+03  0.7966E-02
  0.2540E+03  0.1149E-01
  0.2550E+03  0.6054E-02
  0.2560E+03  0.1015E-01
  0.2570E+03  0.9773E-02
  0.2580E+03  0.6110E-02
  0.2590E+03  0.9144E-02
  0.2600E+03  0.9280E-02
  0.2610E+03  0.1094E-01
  0.2620E+03  0.8156E-02
  0.2630E+03  0.7254E-02
  0.2640E+03  0.8547E-02
  0.2650E+03  0.7534E-02
  0.2660E+03  0.8748E-02
  0.2670E+03  0.6291E-02
  0.2680E+03  0.7443E-02
  0.2690E+03  0.8038E-02
  0.2700E+03  0.7249E-02
  0.2710E+03  0.6606E-02
  0.2720E+03  0.8275E-02
  0.2730E+03  0.6706E-02
  0.2740E+03  0.7872E-02
  0.2750E+03  0.7241E-02
  0.2760E+03  0.8631E-02
  0.2770E+03  0.9785E-02
  0.2780E+03  0.8210E-02
  0.2790E+03  0.7790E-02
  0.2800E+03  0.5783E-02
  0.2810E+03  0.5764E-02
  0.2820E+03  0.8253E-02
  0.2830E+03  0.4930E-02
  0.2840E+03  0.4457E-02
  0.2850E+03  0.5130E-02
  0.2860E+03  0.3693E-02
  0.2870E+03  0.5107E-02
  0.2880E+03  0.6627E-02
  0.2890E+03  0.4846E-02
  0.2900E+03  0.3916E-02
  0.2910E+03  0.4330E-02
  0.2920E+03  0.5927E-02
  0.2930E+03  0.7399E-02
  0.2940E+03  0.7557E-02
  0.2950E+03  0.5682E-02
  0.2960E+03  0.5693E-02
  0.2970E+03  0.7215E-02
  0.2980E+03  0.3790E-02
  0.2990E+03  0.4671E-02
  0.3000E+03  0.5046E-02
  0.3010E+03  0.6855E-02
  0.3020E+03  0.5604E-02
  0.3030E+03  0.7105E-02
  0.3040E+03  0.3882E-02
  0.3050E+03  0.3311E-02
  0.3060E+03  0.3959E-02
  0.3070E+03  0.5677E-02
  0.3080E+03  0.4707E-02
  0.3090E+03  0.2943E-02
  0.3100E+03  0.3453E-02
  0.3110E+03  0.4967E-02
  0.3120E+03  0.3998E-02
  0.3130E+03  0.3707E-02
  0.3140E+03  0.3971E-02
  0.3150E+03  0.3404E-02
  0.3160E+03  0.5796E-02
  0.3170E+03  0.5248E-02
  0.3180E+03  0.3554E-02
  0.3190E+03  0.3533E-02
  0.3200E+03  0.5755E-02
  0.3210E+03  0.5416E-02
  0.3220E+03  0.3282E-02
  0.3230E+03  0.3002E-02
  0.3240E+03  0.4209E-02
  0.3250E+03  0.2769E-02
  0.3260E+03  0.5410E-02
  0.3270E+03  0.1619E-02
  0.3280E+03  0.4623E-02
  0.3290E+03  0.3532E-02
  0.3300E+03  0.2670E-02
  0.3310E+03  0.2088E-02
  0.3320E+03  0.2724E-02
  0.3330E+03  0.2677E-02
  0.3340E+03  0.4474E-02
  0.3350E+03  0.3057E-02
  0.3360E+03  0.3172E-02
  0.3370E+03  0.2718E-02
  0.3380E+03  0.2763E-02
  0.3390E+03  0.3531E-02
  0.3400E+03  0.2819E-02
  0.3410E+03  0.2815E-02
  0.3420E+03  0.1371E-02
  0.3430E+03  0.3989E-02
  0.3440E+03  0.2197E-02
  0.3450E+03  0.1605E-02
  0.3460E+03  0.2459E-02
  0.3470E+03  0.4333E-02
  0.3480E+03  0.1628E-02
  0.3490E+03  0.4001E-02
  0.3500E+03  0.2301E-02
  0.3510E+03  0.5898E-02
  0.3520E+03  0.3711E-02
  0.3530E+03  0.2126E-02
  0.3540E+03  0.3052E-02
  0.3550E+03  0.4379E-02
  0.3560E+03  0.3462E-02
  0.3570E+03  0.1740E-02
  0.3580E+03  0.2827E-02
  0.3590E+03  0.2011E-02
  0.3600E+03  0.1761E-02
  0.3610E+03  0.2766E-02
  0.3620E+03  0.1798E-02
  0.3630E+03  0.1208E-02
  0.3640E+03  0.2807E-02
  0.3650E+03  0.2264E-02
  0.3660E+03  0.1493E-02
  0.3670E+03  0.2078E-02
  0.3680E+03  0.2462E-02
  0.3690E+03  0.3284E-02
  0.3700E+03  0.1364E-02
  0.3710E+03  0.2525E-02
  0.3720E+03  0.2553E-02
  0.3730E+03  0.1607E-02
  0.3740E+03  0.1698E-02
  0.3750E+03  0.2415E-02
  0.3760E+03  0.1715E-02
  0.3770E+03  0.2071E-02
  0.3780E+03  0.1629E-02
  0.3790E+03  0.1624E-02
  0.3800E+03  0.2213E-02
  0.3810E+03  0.1152E-02
  0.3820E+03  0.1198E-02
  0.3830E+03  0.1505E-02
  0.3840E+03  0.1379E-02
  0.3850E+03  0.2047E-02
  0.3860E+03  0.8259E-03
  0.3870E+03  0.1322E-02
  0.3880E+03  0.2318E-02
  0.3890E+03  0.3405E-03
  0.3900E+03  0.1933E-02
  0.3910E+03  0.2885E-02
  0.3920E+03  0.1769E-02
  0.3930E+03  0.1509E-02
  0.3940E+03  0.1585E-02
  0.3950E+03  0.1883E-02
  0.3960E+03  0.4589E-03
  0.3970E+03  0.2067E-02
  0.3980E+03  0.1927E-02
  0.3990E+03  0.1650E-02
  0.4000E+03  0.5091E-03
  0.4010E+03  0.1232E-02
  0.4020E+03  0.1078E-02
  0.4030E+03  0.1079E-02
  0.4040E+03  0.4990E-03
  0.4050E+03  0.2468E-02
  0.4060E+03  0.8913E-03
  0.4070E+03  0.1812E-02
  0.4080E+03  0.2375E-02
  0.4090E+03  0.9344E-03
  0.4100E+03  0.1041E-02
  0.4110E+03  0.6747E-03
  0.4120E+03  0.1818E-02
  0.4130E+03  0.6640E-03
  0.4140E+03  0.8509E-03
  0.4150E+03  0.1956E-02
  0.4160E+03  0.5533E-03
  0.4170E+03  0.1224E-02
  0.4180E+03  0.4231E-03
  0.4190E+03  0.8960E-03
  0.4200E+03  0.1350E-02
  0.4210E+03  0.9412E-03
  0.4220E+03  0.5108E-03
  0.4230E+03  0.1028E-02
  0.4240E+03  0.5871E-03
  0.4250E+03  0.1377E-02
  0.4260E+03  0.3026E-03
  0.4270E+03  0.1428E-02
  0.4280E+03  0.1131E-02
  0.4290E+03  0.6078E-03
  0.4300E+03  0.1070E-02
  0.4310E+03  0.6426E-03
  0.4320E+03  0.1042E-02
  0.4330E+03  0.1230E-02
  0.4340E+03  0.3723E-03
  0.4350E+03  0.7660E-03
  0.4360E+03  0.2096E-03
  0.4370E+03  0.1023E-02
  0.4380E+03  0.1275E-02
  0.4390E+03  0.9015E-03
  0.4400E+03  0.2420E-03
  0.4410E+03  0.7340E-03
  0.4420E+03  0.7427E-03
  0.4430E+03  0.6537E-04
  0.4440E+03  0.7673E-03
  0.4450E+03  0.9506E-03
  0.4460E+03  0.1450E-03
  0.4470E+03  0.5627E-03
  0.4480E+03  0.7727E-03
  0.4490E+03  0.3368E-03
  0.4500E+03  0.2501E-03
  0.4510E+03  0.3458E-03
  0.4520E+03  0.6912E-03
  0.4530E+03  0.1031E-02
  0.4540E+03  0.5140E-03
  0.4550E+03  0.7247E-03
  0.4560E+03  0.1383E-02
  0.4570E+03  0.1101E-02
  0.4580E+03  0.2594E-04
  0.4590E+03  0.8817E-04
  0.4600E+03  0.3494E-03
  0.4610E+03  0.8721E-04
  0.4620E+03  0.3986E-03
  0.4630E+03  0.9192E-03
  0.4640E+03  0.5075E-03
  0.4650E+03  0.1044E-02
  0.4660E+03  0.6429E-03
  0.4670E+03  0.9478E-04
  0.4680E+03  0.3637E-03
  0.4690E+03  0.1764E-03
  0.4700E+03  0.0000E+00
  0.4710E+03  0.1245E-05
  0.4720E+03  0.3715E-03
  0.4730E+03  0.7656E-03
  0.4740E+03  0.1484E-03
  0.4750E+03  0.4019E-03
  0.4760E+03  0.6165E-03
  0.4770E+03  0.6256E-03
  0.4780E+03  0.4599E-03
  0.4790E+03  0.1619E-03
  0.4800E+03  0.1588E-03
  0.4810E+03  0.2666E-03
  0.4820E+03  0.1268E-03
  0.4830E+03  0.4035E-04
  0.4840E+03  0.3935E-03
  0.4850E+03  0.7482E-06
  0.4860E+03  0.8534E-03
  0.4870E+03  0.1992E-03
  0.4880E+03  0.5746E-03
  0.4890E+03  0.3266E-03
  0.4900E+03  0.3376E-03
  0.4910E+03  0.4840E-03
  0.4920E+03  0.7849E-04
  0.4930E+03  0.4954E-03
  0.4940E+03  0.7855E-04
  0.4950E+03  0.3721E-03
  0.4960E+03  0.1968E-04
  0.4970E+03  0.7365E-03
  0.4980E+03  0.1052E-05
  0.4990E+03  0.4537E-04
  0.5000E+03  0.0000E+00
  0.5010E+03  0.7497E-03
  0.5020E+03  0.9043E-03
  0.5030E+03  0.1188E-04
  0.5040E+03  0.0000E+00
  0.5050E+03  0.0000E+00
  0.5060E+03  0.3052E-03
  0.5070E+03  0.0000E+00
  0.5080E+03  0.2092E-03
  0.5090E+03  0.8886E-03
  0.5100E+03  0.0000E+00
  0.5110E+03  0.0000E+00
  0.5120E+03  0.0000E+00
