  0.1000E+01  0.5249E+00
  0.2000E+01  0.5468E+00
  0.3000E+01  0.5125E+00
  0.4000E+01  0.5044E+00
  0.5000E+01  0.4646E+00
  0.6000E+01  0.4275E+00
  0.7000E+01  0.3958E+00
  0.8000E+01  0.3614E+00
  0.9000E+01  0.3353E+00
  0.1000E+02  0.3054E+00
  0.1100E+02  0.2862E+00
  0.1200E+02  0.2498E+00
  0.1300E+02  0.2285E+00
  0.1400E+02  0.2022E+00
  0.1500E+02  0.1970E+00
  0.1600E+02  0.1700E+00
  0.1700E+02  0.1376E+00
  0.1800E+02  0.1124E+00
  0.1900E+02  0.8985E-01
  0.2000E+02  0.7125E-01
  0.2100E+02  0.7477E-01
  0.2200E+02  0.6388E-01
  0.2300E+02  0.4952E-01
  0.2400E+02  0.4201E-01
  0.2500E+02  0.3946E-01
  0.2600E+02  0.4332E-01
  0.2700E+02  0.3211E-01
  0.2800E+02  0.3078E-01
  0.2900E+02  0.3287E-01
  0.3000E+02  0.3584E-01
  0.3100E+02  0.3686E-01
  0.3200E+02  0.4483E-01
  0.3300E+02  0.4735E-01
  0.3400E+02  0.5642E-01
  0.3500E+02  0.9031E-01
  0.3600E+02  0.1226E+00
  0.3700E+02  0.1843E+00
  0.3800E+02  0.2657E+00
  0.3900E+02  0.3568E+00
  0.4000E+02  0.5262E+00
  0.4100E+02  0.6412E+00
  0.4200E+02  0.8234E+00
  0.4300E+02  0.9677E+00
  0.4400E+02  0.1078E+01
  0.4500E+02  0.1293E+01
  0.4600E+02  0.1313E+01
  0.4700E+02  0.1383E+01
  0.4800E+02  0.1464E+01
  0.4900E+02  0.1514E+01
  0.5000E+02  0.1612E+01
  0.5100E+02  0.1670E+01
  0.5200E+02  0.1769E+01
  0.5300E+02  0.1891E+01
  0.5400E+02  0.2002E+01
  0.5500E+02  0.2102E+01
  0.5600E+02  0.2105E+01
  0.5700E+02  0.2161E+01
  0.5800E+02  0.2034E+01
  0.5900E+02  0.1937E+01
  0.6000E+02  0.1655E+01
  0.6100E+02  0.1432E+01
  0.6200E+02  0.1165E+01
  0.6300E+02  0.9363E+00
  0.6400E+02  0.7966E+00
  0.6500E+02  0.7418E+00
  0.6600E+02  0.7669E+00
  0.6700E+02  0.1023E+01
  0.6800E+02  0.1354E+01
  0.6900E+02  0.1812E+01
  0.7000E+02  0.2429E+01
  0.7100E+02  0.2983E+01
  0.7200E+02  0.3505E+01
  0.7300E+02  0.3649E+01
  0.7400E+02  0.3760E+01
  0.7500E+02  0.3863E+01
  0.7600E+02  0.3706E+01
  0.7700E+02  0.3118E+01
  0.7800E+02  0.2888E+01
  0.7900E+02  0.2338E+01
  0.8000E+02  0.1978E+01
  0.8100E+02  0.1764E+01
  0.8200E+02  0.1600E+01
  0.8300E+02  0.1449E+01
  0.8400E+02  0.1418E+01
  0.8500E+02  0.1489E+01
  0.8600E+02  0.1310E+01
  0.8700E+02  0.1177E+01
  0.8800E+02  0.1067E+01
  0.8900E+02  0.9478E+00
  0.9000E+02  0.7551E+00
  0.9100E+02  0.6360E+00
  0.9200E+02  0.4965E+00
  0.9300E+02  0.3803E+00
  0.9400E+02  0.2705E+00
  0.9500E+02  0.2129E+00
  0.9600E+02  0.1735E+00
  0.9700E+02  0.1460E+00
  0.9800E+02  0.1325E+00
  0.9900E+02  0.1178E+00
  0.1000E+03  0.1079E+00
  0.1010E+03  0.1067E+00
  0.1020E+03  0.1022E+00
  0.1030E+03  0.9678E-01
  0.1040E+03  0.8660E-01
  0.1050E+03  0.8937E-01
  0.1060E+03  0.8877E-01
  0.1070E+03  0.8457E-01
  0.1080E+03  0.8977E-01
  0.1090E+03  0.8917E-01
  0.1100E+03  0.9414E-01
  0.1110E+03  0.1173E+00
  0.1120E+03  0.1286E+00
  0.1130E+03  0.1588E+00
  0.1140E+03  0.2081E+00
  0.1150E+03  0.2505E+00
  0.1160E+03  0.3321E+00
  0.1170E+03  0.4179E+00
  0.1180E+03  0.5396E+00
  0.1190E+03  0.6683E+00
  0.1200E+03  0.8433E+00
  0.1210E+03  0.1034E+01
  0.1220E+03  0.1247E+01
  0.1230E+03  0.1451E+01
  0.1240E+03  0.1675E+01
  0.1250E+03  0.1868E+01
  0.1260E+03  0.2124E+01
  0.1270E+03  0.2250E+01
  0.1280E+03  0.2404E+01
  0.1290E+03  0.2526E+01
  0.1300E+03  0.2564E+01
  0.1310E+03  0.2568E+01
  0.1320E+03  0.2532E+01
  0.1330E+03  0.2496E+01
  0.1340E+03  0.2466E+01
  0.1350E+03  0.2424E+01
  0.1360E+03  0.2447E+01
  0.1370E+03  0.2506E+01
  0.1380E+03  0.2750E+01
  0.1390E+03  0.3201E+01
  0.1400E+03  0.3786E+01
  0.1410E+03  0.4844E+01
  0.1420E+03  0.6246E+01
  0.1430E+03  0.8292E+01
  0.1440E+03  0.1083E+02
  0.1450E+03  0.1432E+02
  0.1460E+03  0.1870E+02
  0.1470E+03  0.2382E+02
  0.1480E+03  0.3022E+02
  0.1490E+03  0.3740E+02
  0.1500E+03  0.4543E+02
  0.1510E+03  0.5406E+02
  0.1520E+03  0.6329E+02
  0.1530E+03  0.7245E+02
  0.1540E+03  0.8124E+02
  0.1550E+03  0.8929E+02
  0.1560E+03  0.9556E+02
  0.1570E+03  0.1009E+03
  0.1580E+03  0.1038E+03
  0.1590E+03  0.1049E+03
  0.1600E+03  0.1038E+03
  0.1610E+03  0.1002E+03
  0.1620E+03  0.9507E+02
  0.1630E+03  0.8802E+02
  0.1640E+03  0.7997E+02
  0.1650E+03  0.7102E+02
  0.1660E+03  0.6182E+02
  0.1670E+03  0.5258E+02
  0.1680E+03  0.4402E+02
  0.1690E+03  0.3600E+02
  0.1700E+03  0.2859E+02
  0.1710E+03  0.2246E+02
  0.1720E+03  0.1729E+02
  0.1730E+03  0.1288E+02
  0.1740E+03  0.9414E+01
  0.1750E+03  0.6776E+01
  0.1760E+03  0.4820E+01
  0.1770E+03  0.3320E+01
  0.1780E+03  0.2202E+01
  0.1790E+03  0.1478E+01
  0.1800E+03  0.9385E+00
  0.1810E+03  0.6035E+00
  0.1820E+03  0.3719E+00
  0.1830E+03  0.2237E+00
  0.1840E+03  0.1332E+00
  0.1850E+03  0.7631E-01
  0.1860E+03  0.4909E-01
  0.1870E+03  0.2593E-01
  0.1880E+03  0.1601E-01
  0.1890E+03  0.6175E-02
  0.1900E+03  0.4805E-02
  0.1910E+03  0.1756E-02
  0.1920E+03  0.1308E-02
  0.1930E+03  0.8964E-03
  0.1940E+03  0.7898E-05
  0.1950E+03  0.2324E-04
  0.1960E+03  0.2292E-04
  0.1970E+03  0.0000E+00
  0.1980E+03  0.0000E+00
  0.1990E+03  0.0000E+00
  0.2000E+03  0.0000E+00
  0.2010E+03  0.0000E+00
  0.2020E+03  0.0000E+00
  0.2030E+03  0.0000E+00
  0.2040E+03  0.0000E+00
  0.2050E+03  0.0000E+00
  0.2060E+03  0.0000E+00
  0.2070E+03  0.0000E+00
  0.2080E+03  0.0000E+00
  0.2090E+03  0.0000E+00
  0.2100E+03  0.0000E+00
  0.2110E+03  0.0000E+00
  0.2120E+03  0.0000E+00
  0.2130E+03  0.0000E+00
  0.2140E+03  0.0000E+00
  0.2150E+03  0.0000E+00
  0.2160E+03  0.0000E+00
  0.2170E+03  0.0000E+00
  0.2180E+03  0.0000E+00
  0.2190E+03  0.0000E+00
  0.2200E+03  0.0000E+00
  0.2210E+03  0.0000E+00
  0.2220E+03  0.0000E+00
  0.2230E+03  0.0000E+00
  0.2240E+03  0.0000E+00
  0.2250E+03  0.0000E+00
  0.2260E+03  0.0000E+00
  0.2270E+03  0.0000E+00
  0.2280E+03  0.0000E+00
  0.2290E+03  0.0000E+00
  0.2300E+03  0.0000E+00
  0.2310E+03  0.0000E+00
  0.2320E+03  0.0000E+00
  0.2330E+03  0.0000E+00
  0.2340E+03  0.0000E+00
  0.2350E+03  0.0000E+00
  0.2360E+03  0.0000E+00
  0.2370E+03  0.0000E+00
  0.2380E+03  0.0000E+00
  0.2390E+03  0.0000E+00
  0.2400E+03  0.0000E+00
  0.2410E+03  0.0000E+00
  0.2420E+03  0.0000E+00
  0.2430E+03  0.0000E+00
  0.2440E+03  0.0000E+00
  0.2450E+03  0.0000E+00
  0.2460E+03  0.0000E+00
  0.2470E+03  0.0000E+00
  0.2480E+03  0.0000E+00
  0.2490E+03  0.0000E+00
  0.2500E+03  0.0000E+00
  0.2510E+03  0.0000E+00
  0.2520E+03  0.0000E+00
  0.2530E+03  0.0000E+00
  0.2540E+03  0.0000E+00
  0.2550E+03  0.0000E+00
  0.2560E+03  0.0000E+00
  0.2570E+03  0.0000E+00
  0.2580E+03  0.0000E+00
  0.2590E+03  0.0000E+00
  0.2600E+03  0.0000E+00
  0.2610E+03  0.0000E+00
  0.2620E+03  0.0000E+00
  0.2630E+03  0.0000E+00
  0.2640E+03  0.0000E+00
  0.2650E+03  0.0000E+00
  0.2660E+03  0.0000E+00
  0.2670E+03  0.0000E+00
  0.2680E+03  0.0000E+00
  0.2690E+03  0.0000E+00
  0.2700E+03  0.0000E+00
  0.2710E+03  0.0000E+00
  0.2720E+03  0.0000E+00
  0.2730E+03  0.0000E+00
  0.2740E+03  0.0000E+00
  0.2750E+03  0.0000E+00
  0.2760E+03  0.0000E+00
  0.2770E+03  0.0000E+00
  0.2780E+03  0.0000E+00
  0.2790E+03  0.0000E+00
  0.2800E+03  0.0000E+00
  0.2810E+03  0.0000E+00
  0.2820E+03  0.0000E+00
  0.2830E+03  0.0000E+00
  0.2840E+03  0.0000E+00
  0.2850E+03  0.0000E+00
  0.2860E+03  0.0000E+00
  0.2870E+03  0.0000E+00
  0.2880E+03  0.0000E+00
  0.2890E+03  0.0000E+00
  0.2900E+03  0.0000E+00
  0.2910E+03  0.0000E+00
  0.2920E+03  0.0000E+00
  0.2930E+03  0.0000E+00
  0.2940E+03  0.0000E+00
  0.2950E+03  0.0000E+00
  0.2960E+03  0.0000E+00
  0.2970E+03  0.0000E+00
  0.2980E+03  0.0000E+00
  0.2990E+03  0.0000E+00
  0.3000E+03  0.0000E+00
  0.3010E+03  0.0000E+00
  0.3020E+03  0.0000E+00
  0.3030E+03  0.0000E+00
  0.3040E+03  0.0000E+00
  0.3050E+03  0.0000E+00
  0.3060E+03  0.0000E+00
  0.3070E+03  0.0000E+00
  0.3080E+03  0.0000E+00
  0.3090E+03  0.0000E+00
  0.3100E+03  0.0000E+00
  0.3110E+03  0.0000E+00
  0.3120E+03  0.0000E+00
  0.3130E+03  0.0000E+00
  0.3140E+03  0.0000E+00
  0.3150E+03  0.0000E+00
  0.3160E+03  0.0000E+00
  0.3170E+03  0.0000E+00
  0.3180E+03  0.0000E+00
  0.3190E+03  0.0000E+00
  0.3200E+03  0.0000E+00
  0.3210E+03  0.0000E+00
  0.3220E+03  0.0000E+00
  0.3230E+03  0.0000E+00
  0.3240E+03  0.0000E+00
  0.3250E+03  0.0000E+00
  0.3260E+03  0.0000E+00
  0.3270E+03  0.0000E+00
  0.3280E+03  0.0000E+00
  0.3290E+03  0.0000E+00
  0.3300E+03  0.0000E+00
  0.3310E+03  0.0000E+00
  0.3320E+03  0.0000E+00
  0.3330E+03  0.0000E+00
  0.3340E+03  0.0000E+00
  0.3350E+03  0.0000E+00
  0.3360E+03  0.0000E+00
  0.3370E+03  0.0000E+00
  0.3380E+03  0.0000E+00
  0.3390E+03  0.0000E+00
  0.3400E+03  0.0000E+00
  0.3410E+03  0.0000E+00
  0.3420E+03  0.0000E+00
  0.3430E+03  0.0000E+00
  0.3440E+03  0.0000E+00
  0.3450E+03  0.0000E+00
  0.3460E+03  0.0000E+00
  0.3470E+03  0.0000E+00
  0.3480E+03  0.0000E+00
  0.3490E+03  0.0000E+00
  0.3500E+03  0.0000E+00
  0.3510E+03  0.0000E+00
  0.3520E+03  0.0000E+00
  0.3530E+03  0.0000E+00
  0.3540E+03  0.0000E+00
  0.3550E+03  0.0000E+00
  0.3560E+03  0.0000E+00
  0.3570E+03  0.0000E+00
  0.3580E+03  0.0000E+00
  0.3590E+03  0.0000E+00
  0.3600E+03  0.0000E+00
  0.3610E+03  0.0000E+00
  0.3620E+03  0.0000E+00
  0.3630E+03  0.0000E+00
  0.3640E+03  0.0000E+00
  0.3650E+03  0.0000E+00
  0.3660E+03  0.0000E+00
  0.3670E+03  0.0000E+00
  0.3680E+03  0.0000E+00
  0.3690E+03  0.0000E+00
  0.3700E+03  0.0000E+00
  0.3710E+03  0.0000E+00
  0.3720E+03  0.0000E+00
  0.3730E+03  0.0000E+00
  0.3740E+03  0.0000E+00
  0.3750E+03  0.0000E+00
  0.3760E+03  0.0000E+00
  0.3770E+03  0.0000E+00
  0.3780E+03  0.0000E+00
  0.3790E+03  0.0000E+00
  0.3800E+03  0.0000E+00
  0.3810E+03  0.0000E+00
  0.3820E+03  0.0000E+00
  0.3830E+03  0.0000E+00
  0.3840E+03  0.0000E+00
  0.3850E+03  0.0000E+00
  0.3860E+03  0.0000E+00
  0.3870E+03  0.0000E+00
  0.3880E+03  0.0000E+00
  0.3890E+03  0.0000E+00
  0.3900E+03  0.0000E+00
  0.3910E+03  0.0000E+00
  0.3920E+03  0.0000E+00
  0.3930E+03  0.0000E+00
  0.3940E+03  0.0000E+00
  0.3950E+03  0.0000E+00
  0.3960E+03  0.0000E+00
  0.3970E+03  0.0000E+00
  0.3980E+03  0.0000E+00
  0.3990E+03  0.0000E+00
  0.4000E+03  0.0000E+00
  0.4010E+03  0.0000E+00
  0.4020E+03  0.0000E+00
  0.4030E+03  0.0000E+00
  0.4040E+03  0.0000E+00
  0.4050E+03  0.0000E+00
  0.4060E+03  0.0000E+00
  0.4070E+03  0.0000E+00
  0.4080E+03  0.0000E+00
  0.4090E+03  0.0000E+00
  0.4100E+03  0.0000E+00
  0.4110E+03  0.0000E+00
  0.4120E+03  0.0000E+00
  0.4130E+03  0.0000E+00
  0.4140E+03  0.0000E+00
  0.4150E+03  0.0000E+00
  0.4160E+03  0.0000E+00
  0.4170E+03  0.0000E+00
  0.4180E+03  0.0000E+00
  0.4190E+03  0.0000E+00
  0.4200E+03  0.0000E+00
  0.4210E+03  0.0000E+00
  0.4220E+03  0.0000E+00
  0.4230E+03  0.0000E+00
  0.4240E+03  0.0000E+00
  0.4250E+03  0.0000E+00
  0.4260E+03  0.0000E+00
  0.4270E+03  0.0000E+00
  0.4280E+03  0.0000E+00
  0.4290E+03  0.0000E+00
  0.4300E+03  0.0000E+00
  0.4310E+03  0.0000E+00
  0.4320E+03  0.0000E+00
  0.4330E+03  0.0000E+00
  0.4340E+03  0.0000E+00
  0.4350E+03  0.0000E+00
  0.4360E+03  0.0000E+00
  0.4370E+03  0.0000E+00
  0.4380E+03  0.0000E+00
  0.4390E+03  0.0000E+00
  0.4400E+03  0.0000E+00
  0.4410E+03  0.0000E+00
  0.4420E+03  0.0000E+00
  0.4430E+03  0.0000E+00
  0.4440E+03  0.0000E+00
  0.4450E+03  0.0000E+00
  0.4460E+03  0.0000E+00
  0.4470E+03  0.0000E+00
  0.4480E+03  0.0000E+00
  0.4490E+03  0.0000E+00
  0.4500E+03  0.0000E+00
  0.4510E+03  0.0000E+00
  0.4520E+03  0.0000E+00
  0.4530E+03  0.0000E+00
  0.4540E+03  0.0000E+00
  0.4550E+03  0.0000E+00
  0.4560E+03  0.0000E+00
  0.4570E+03  0.0000E+00
  0.4580E+03  0.0000E+00
  0.4590E+03  0.0000E+00
  0.4600E+03  0.0000E+00
  0.4610E+03  0.0000E+00
  0.4620E+03  0.0000E+00
  0.4630E+03  0.0000E+00
  0.4640E+03  0.0000E+00
  0.4650E+03  0.0000E+00
  0.4660E+03  0.0000E+00
  0.4670E+03  0.0000E+00
  0.4680E+03  0.0000E+00
  0.4690E+03  0.0000E+00
  0.4700E+03  0.0000E+00
  0.4710E+03  0.0000E+00
  0.4720E+03  0.0000E+00
  0.4730E+03  0.0000E+00
  0.4740E+03  0.0000E+00
  0.4750E+03  0.0000E+00
  0.4760E+03  0.0000E+00
  0.4770E+03  0.0000E+00
  0.4780E+03  0.0000E+00
  0.4790E+03  0.0000E+00
  0.4800E+03  0.0000E+00
  0.4810E+03  0.0000E+00
  0.4820E+03  0.0000E+00
  0.4830E+03  0.0000E+00
  0.4840E+03  0.0000E+00
  0.4850E+03  0.0000E+00
  0.4860E+03  0.0000E+00
  0.4870E+03  0.0000E+00
  0.4880E+03  0.0000E+00
  0.4890E+03  0.0000E+00
  0.4900E+03  0.0000E+00
  0.4910E+03  0.0000E+00
  0.4920E+03  0.0000E+00
  0.4930E+03  0.0000E+00
  0.4940E+03  0.0000E+00
  0.4950E+03  0.0000E+00
  0.4960E+03  0.0000E+00
  0.4970E+03  0.0000E+00
  0.4980E+03  0.0000E+00
  0.4990E+03  0.0000E+00
  0.5000E+03  0.0000E+00
  0.5010E+03  0.0000E+00
  0.5020E+03  0.0000E+00
  0.5030E+03  0.0000E+00
  0.5040E+03  0.0000E+00
  0.5050E+03  0.0000E+00
  0.5060E+03  0.0000E+00
  0.5070E+03  0.0000E+00
  0.5080E+03  0.0000E+00
  0.5090E+03  0.0000E+00
  0.5100E+03  0.0000E+00
  0.5110E+03  0.0000E+00
  0.5120E+03  0.0000E+00
