  0.1000E+01  0.2347E+02
  0.2000E+01  0.2510E+02
  0.3000E+01  0.2751E+02
  0.4000E+01  0.2831E+02
  0.5000E+01  0.2852E+02
  0.6000E+01  0.2827E+02
  0.7000E+01  0.2904E+02
  0.8000E+01  0.2897E+02
  0.9000E+01  0.2879E+02
  0.1000E+02  0.2918E+02
  0.1100E+02  0.2990E+02
  0.1200E+02  0.2905E+02
  0.1300E+02  0.2924E+02
  0.1400E+02  0.2892E+02
  0.1500E+02  0.2923E+02
  0.1600E+02  0.2915E+02
  0.1700E+02  0.2941E+02
  0.1800E+02  0.2884E+02
  0.1900E+02  0.2891E+02
  0.2000E+02  0.2927E+02
  0.2100E+02  0.2894E+02
  0.2200E+02  0.2856E+02
  0.2300E+02  0.2904E+02
  0.2400E+02  0.2921E+02
  0.2500E+02  0.2946E+02
  0.2600E+02  0.2875E+02
  0.2700E+02  0.2886E+02
  0.2800E+02  0.2854E+02
  0.2900E+02  0.2950E+02
  0.3000E+02  0.2884E+02
  0.3100E+02  0.2876E+02
  0.3200E+02  0.2867E+02
  0.3300E+02  0.2830E+02
  0.3400E+02  0.2942E+02
  0.3500E+02  0.2821E+02
  0.3600E+02  0.2810E+02
  0.3700E+02  0.2807E+02
  0.3800E+02  0.2833E+02
  0.3900E+02  0.2838E+02
  0.4000E+02  0.2838E+02
  0.4100E+02  0.2870E+02
  0.4200E+02  0.2783E+02
  0.4300E+02  0.2878E+02
  0.4400E+02  0.2873E+02
  0.4500E+02  0.2923E+02
  0.4600E+02  0.2871E+02
  0.4700E+02  0.2890E+02
  0.4800E+02  0.2944E+02
  0.4900E+02  0.3018E+02
  0.5000E+02  0.3054E+02
  0.5100E+02  0.3108E+02
  0.5200E+02  0.3249E+02
  0.5300E+02  0.3205E+02
  0.5400E+02  0.3340E+02
  0.5500E+02  0.3266E+02
  0.5600E+02  0.3366E+02
  0.5700E+02  0.3506E+02
  0.5800E+02  0.3632E+02
  0.5900E+02  0.3641E+02
  0.6000E+02  0.3724E+02
  0.6100E+02  0.3709E+02
  0.6200E+02  0.3845E+02
  0.6300E+02  0.3847E+02
  0.6400E+02  0.3924E+02
  0.6500E+02  0.4027E+02
  0.6600E+02  0.4154E+02
  0.6700E+02  0.4295E+02
  0.6800E+02  0.4247E+02
  0.6900E+02  0.4379E+02
  0.7000E+02  0.4444E+02
  0.7100E+02  0.4460E+02
  0.7200E+02  0.4539E+02
  0.7300E+02  0.4547E+02
  0.7400E+02  0.4652E+02
  0.7500E+02  0.4633E+02
  0.7600E+02  0.4715E+02
  0.7700E+02  0.4798E+02
  0.7800E+02  0.4844E+02
  0.7900E+02  0.4806E+02
  0.8000E+02  0.4840E+02
  0.8100E+02  0.4983E+02
  0.8200E+02  0.4987E+02
  0.8300E+02  0.5029E+02
  0.8400E+02  0.4999E+02
  0.8500E+02  0.4945E+02
  0.8600E+02  0.5064E+02
  0.8700E+02  0.5017E+02
  0.8800E+02  0.5032E+02
  0.8900E+02  0.4974E+02
  0.9000E+02  0.5077E+02
  0.9100E+02  0.5120E+02
  0.9200E+02  0.5061E+02
  0.9300E+02  0.5092E+02
  0.9400E+02  0.5165E+02
  0.9500E+02  0.5114E+02
  0.9600E+02  0.5106E+02
  0.9700E+02  0.5095E+02
  0.9800E+02  0.5122E+02
  0.9900E+02  0.5059E+02
  0.1000E+03  0.5084E+02
  0.1010E+03  0.5102E+02
  0.1020E+03  0.5095E+02
  0.1030E+03  0.5007E+02
  0.1040E+03  0.5079E+02
  0.1050E+03  0.5145E+02
  0.1060E+03  0.4966E+02
  0.1070E+03  0.4984E+02
  0.1080E+03  0.5008E+02
  0.1090E+03  0.5056E+02
  0.1100E+03  0.4942E+02
  0.1110E+03  0.5016E+02
  0.1120E+03  0.5065E+02
  0.1130E+03  0.5023E+02
  0.1140E+03  0.5052E+02
  0.1150E+03  0.5007E+02
  0.1160E+03  0.5138E+02
  0.1170E+03  0.5058E+02
  0.1180E+03  0.5093E+02
  0.1190E+03  0.5082E+02
  0.1200E+03  0.5122E+02
  0.1210E+03  0.5117E+02
  0.1220E+03  0.5140E+02
  0.1230E+03  0.5199E+02
  0.1240E+03  0.5228E+02
  0.1250E+03  0.5231E+02
  0.1260E+03  0.5326E+02
  0.1270E+03  0.5249E+02
  0.1280E+03  0.5370E+02
  0.1290E+03  0.5290E+02
  0.1300E+03  0.5337E+02
  0.1310E+03  0.5412E+02
  0.1320E+03  0.5427E+02
  0.1330E+03  0.5336E+02
  0.1340E+03  0.5439E+02
  0.1350E+03  0.5476E+02
  0.1360E+03  0.5487E+02
  0.1370E+03  0.5527E+02
  0.1380E+03  0.5575E+02
  0.1390E+03  0.5489E+02
  0.1400E+03  0.5639E+02
  0.1410E+03  0.5605E+02
  0.1420E+03  0.5616E+02
  0.1430E+03  0.5615E+02
  0.1440E+03  0.5580E+02
  0.1450E+03  0.5684E+02
  0.1460E+03  0.5826E+02
  0.1470E+03  0.5690E+02
  0.1480E+03  0.5666E+02
  0.1490E+03  0.5747E+02
  0.1500E+03  0.5821E+02
  0.1510E+03  0.5848E+02
  0.1520E+03  0.5897E+02
  0.1530E+03  0.5990E+02
  0.1540E+03  0.5905E+02
  0.1550E+03  0.5991E+02
  0.1560E+03  0.6058E+02
  0.1570E+03  0.6055E+02
  0.1580E+03  0.6095E+02
  0.1590E+03  0.6214E+02
  0.1600E+03  0.6235E+02
  0.1610E+03  0.6372E+02
  0.1620E+03  0.6465E+02
  0.1630E+03  0.6693E+02
  0.1640E+03  0.6742E+02
  0.1650E+03  0.6794E+02
  0.1660E+03  0.7182E+02
  0.1670E+03  0.7168E+02
  0.1680E+03  0.7307E+02
  0.1690E+03  0.7484E+02
  0.1700E+03  0.7737E+02
  0.1710E+03  0.7940E+02
  0.1720E+03  0.8066E+02
  0.1730E+03  0.8091E+02
  0.1740E+03  0.8310E+02
  0.1750E+03  0.8299E+02
  0.1760E+03  0.8529E+02
  0.1770E+03  0.8542E+02
  0.1780E+03  0.8614E+02
  0.1790E+03  0.8597E+02
  0.1800E+03  0.8580E+02
  0.1810E+03  0.8548E+02
  0.1820E+03  0.8586E+02
  0.1830E+03  0.8456E+02
  0.1840E+03  0.8478E+02
  0.1850E+03  0.8210E+02
  0.1860E+03  0.8144E+02
  0.1870E+03  0.8049E+02
  0.1880E+03  0.7978E+02
  0.1890E+03  0.7815E+02
  0.1900E+03  0.7736E+02
  0.1910E+03  0.7550E+02
  0.1920E+03  0.7273E+02
  0.1930E+03  0.7206E+02
  0.1940E+03  0.7084E+02
  0.1950E+03  0.6907E+02
  0.1960E+03  0.6825E+02
  0.1970E+03  0.6716E+02
  0.1980E+03  0.6601E+02
  0.1990E+03  0.6482E+02
  0.2000E+03  0.6333E+02
  0.2010E+03  0.6258E+02
  0.2020E+03  0.6101E+02
  0.2030E+03  0.5938E+02
  0.2040E+03  0.5839E+02
  0.2050E+03  0.5792E+02
  0.2060E+03  0.5635E+02
  0.2070E+03  0.5460E+02
  0.2080E+03  0.5510E+02
  0.2090E+03  0.5296E+02
  0.2100E+03  0.5219E+02
  0.2110E+03  0.5122E+02
  0.2120E+03  0.5053E+02
  0.2130E+03  0.4959E+02
  0.2140E+03  0.4814E+02
  0.2150E+03  0.4855E+02
  0.2160E+03  0.4630E+02
  0.2170E+03  0.4601E+02
  0.2180E+03  0.4517E+02
  0.2190E+03  0.4460E+02
  0.2200E+03  0.4443E+02
  0.2210E+03  0.4329E+02
  0.2220E+03  0.4301E+02
  0.2230E+03  0.4216E+02
  0.2240E+03  0.4103E+02
  0.2250E+03  0.4065E+02
  0.2260E+03  0.3838E+02
  0.2270E+03  0.3875E+02
  0.2280E+03  0.3851E+02
  0.2290E+03  0.3795E+02
  0.2300E+03  0.3657E+02
  0.2310E+03  0.3645E+02
  0.2320E+03  0.3595E+02
  0.2330E+03  0.3583E+02
  0.2340E+03  0.3459E+02
  0.2350E+03  0.3455E+02
  0.2360E+03  0.3344E+02
  0.2370E+03  0.3341E+02
  0.2380E+03  0.3394E+02
  0.2390E+03  0.3312E+02
  0.2400E+03  0.3204E+02
  0.2410E+03  0.3150E+02
  0.2420E+03  0.3155E+02
  0.2430E+03  0.3023E+02
  0.2440E+03  0.3036E+02
  0.2450E+03  0.2988E+02
  0.2460E+03  0.2905E+02
  0.2470E+03  0.2881E+02
  0.2480E+03  0.2868E+02
  0.2490E+03  0.2801E+02
  0.2500E+03  0.2802E+02
  0.2510E+03  0.2753E+02
  0.2520E+03  0.2712E+02
  0.2530E+03  0.2699E+02
  0.2540E+03  0.2677E+02
  0.2550E+03  0.2682E+02
  0.2560E+03  0.2550E+02
  0.2570E+03  0.2526E+02
  0.2580E+03  0.2508E+02
  0.2590E+03  0.2408E+02
  0.2600E+03  0.2432E+02
  0.2610E+03  0.2424E+02
  0.2620E+03  0.2340E+02
  0.2630E+03  0.2333E+02
  0.2640E+03  0.2393E+02
  0.2650E+03  0.2313E+02
  0.2660E+03  0.2293E+02
  0.2670E+03  0.2267E+02
  0.2680E+03  0.2215E+02
  0.2690E+03  0.2248E+02
  0.2700E+03  0.2161E+02
  0.2710E+03  0.2162E+02
  0.2720E+03  0.2134E+02
  0.2730E+03  0.2134E+02
  0.2740E+03  0.2065E+02
  0.2750E+03  0.2092E+02
  0.2760E+03  0.2094E+02
  0.2770E+03  0.2049E+02
  0.2780E+03  0.1979E+02
  0.2790E+03  0.2059E+02
  0.2800E+03  0.1962E+02
  0.2810E+03  0.1945E+02
  0.2820E+03  0.1973E+02
  0.2830E+03  0.1930E+02
  0.2840E+03  0.1829E+02
  0.2850E+03  0.1853E+02
  0.2860E+03  0.1826E+02
  0.2870E+03  0.1861E+02
  0.2880E+03  0.1812E+02
  0.2890E+03  0.1804E+02
  0.2900E+03  0.1785E+02
  0.2910E+03  0.1769E+02
  0.2920E+03  0.1711E+02
  0.2930E+03  0.1693E+02
  0.2940E+03  0.1707E+02
  0.2950E+03  0.1693E+02
  0.2960E+03  0.1663E+02
  0.2970E+03  0.1623E+02
  0.2980E+03  0.1611E+02
  0.2990E+03  0.1588E+02
  0.3000E+03  0.1593E+02
  0.3010E+03  0.1553E+02
  0.3020E+03  0.1622E+02
  0.3030E+03  0.1561E+02
  0.3040E+03  0.1568E+02
  0.3050E+03  0.1573E+02
  0.3060E+03  0.1498E+02
  0.3070E+03  0.1500E+02
  0.3080E+03  0.1446E+02
  0.3090E+03  0.1452E+02
  0.3100E+03  0.1461E+02
  0.3110E+03  0.1438E+02
  0.3120E+03  0.1418E+02
  0.3130E+03  0.1448E+02
  0.3140E+03  0.1427E+02
  0.3150E+03  0.1371E+02
  0.3160E+03  0.1337E+02
  0.3170E+03  0.1339E+02
  0.3180E+03  0.1349E+02
  0.3190E+03  0.1288E+02
  0.3200E+03  0.1273E+02
  0.3210E+03  0.1319E+02
  0.3220E+03  0.1304E+02
  0.3230E+03  0.1246E+02
  0.3240E+03  0.1232E+02
  0.3250E+03  0.1273E+02
  0.3260E+03  0.1197E+02
  0.3270E+03  0.1233E+02
  0.3280E+03  0.1231E+02
  0.3290E+03  0.1230E+02
  0.3300E+03  0.1196E+02
  0.3310E+03  0.1173E+02
  0.3320E+03  0.1211E+02
  0.3330E+03  0.1191E+02
  0.3340E+03  0.1117E+02
  0.3350E+03  0.1154E+02
  0.3360E+03  0.1102E+02
  0.3370E+03  0.1125E+02
  0.3380E+03  0.1117E+02
  0.3390E+03  0.1085E+02
  0.3400E+03  0.1129E+02
  0.3410E+03  0.1091E+02
  0.3420E+03  0.1064E+02
  0.3430E+03  0.1022E+02
  0.3440E+03  0.1054E+02
  0.3450E+03  0.1049E+02
  0.3460E+03  0.1077E+02
  0.3470E+03  0.1003E+02
  0.3480E+03  0.1010E+02
  0.3490E+03  0.9845E+01
  0.3500E+03  0.1006E+02
  0.3510E+03  0.9965E+01
  0.3520E+03  0.9877E+01
  0.3530E+03  0.9517E+01
  0.3540E+03  0.9884E+01
  0.3550E+03  0.9761E+01
  0.3560E+03  0.9887E+01
  0.3570E+03  0.9246E+01
  0.3580E+03  0.9444E+01
  0.3590E+03  0.9302E+01
  0.3600E+03  0.9071E+01
  0.3610E+03  0.9303E+01
  0.3620E+03  0.9001E+01
  0.3630E+03  0.8765E+01
  0.3640E+03  0.8697E+01
  0.3650E+03  0.9038E+01
  0.3660E+03  0.9027E+01
  0.3670E+03  0.8617E+01
  0.3680E+03  0.8599E+01
  0.3690E+03  0.8758E+01
  0.3700E+03  0.8390E+01
  0.3710E+03  0.8756E+01
  0.3720E+03  0.8192E+01
  0.3730E+03  0.8206E+01
  0.3740E+03  0.8573E+01
  0.3750E+03  0.8541E+01
  0.3760E+03  0.8259E+01
  0.3770E+03  0.8211E+01
  0.3780E+03  0.8275E+01
  0.3790E+03  0.8070E+01
  0.3800E+03  0.7933E+01
  0.3810E+03  0.7799E+01
  0.3820E+03  0.7808E+01
  0.3830E+03  0.7989E+01
  0.3840E+03  0.7588E+01
  0.3850E+03  0.7243E+01
  0.3860E+03  0.7605E+01
  0.3870E+03  0.7367E+01
  0.3880E+03  0.7324E+01
  0.3890E+03  0.7581E+01
  0.3900E+03  0.7445E+01
  0.3910E+03  0.7178E+01
  0.3920E+03  0.7281E+01
  0.3930E+03  0.6962E+01
  0.3940E+03  0.7016E+01
  0.3950E+03  0.7380E+01
  0.3960E+03  0.6777E+01
  0.3970E+03  0.7167E+01
  0.3980E+03  0.7057E+01
  0.3990E+03  0.6765E+01
  0.4000E+03  0.6716E+01
  0.4010E+03  0.6769E+01
  0.4020E+03  0.6568E+01
  0.4030E+03  0.6824E+01
  0.4040E+03  0.6446E+01
  0.4050E+03  0.6714E+01
  0.4060E+03  0.6272E+01
  0.4070E+03  0.6451E+01
  0.4080E+03  0.6480E+01
  0.4090E+03  0.6254E+01
  0.4100E+03  0.6027E+01
  0.4110E+03  0.5936E+01
  0.4120E+03  0.6286E+01
  0.4130E+03  0.6043E+01
  0.4140E+03  0.6022E+01
  0.4150E+03  0.5954E+01
  0.4160E+03  0.5908E+01
  0.4170E+03  0.5815E+01
  0.4180E+03  0.5772E+01
  0.4190E+03  0.5910E+01
  0.4200E+03  0.5783E+01
  0.4210E+03  0.5684E+01
  0.4220E+03  0.5561E+01
  0.4230E+03  0.5585E+01
  0.4240E+03  0.5167E+01
  0.4250E+03  0.5663E+01
  0.4260E+03  0.5295E+01
  0.4270E+03  0.5297E+01
  0.4280E+03  0.5210E+01
  0.4290E+03  0.5227E+01
  0.4300E+03  0.4794E+01
  0.4310E+03  0.5187E+01
  0.4320E+03  0.4813E+01
  0.4330E+03  0.4690E+01
  0.4340E+03  0.5087E+01
  0.4350E+03  0.4866E+01
  0.4360E+03  0.4733E+01
  0.4370E+03  0.4557E+01
  0.4380E+03  0.4943E+01
  0.4390E+03  0.4331E+01
  0.4400E+03  0.4479E+01
  0.4410E+03  0.4533E+01
  0.4420E+03  0.4349E+01
  0.4430E+03  0.4500E+01
  0.4440E+03  0.4180E+01
  0.4450E+03  0.4078E+01
  0.4460E+03  0.4179E+01
  0.4470E+03  0.4322E+01
  0.4480E+03  0.4118E+01
  0.4490E+03  0.4185E+01
  0.4500E+03  0.4211E+01
  0.4510E+03  0.4250E+01
  0.4520E+03  0.4218E+01
  0.4530E+03  0.4038E+01
  0.4540E+03  0.3944E+01
  0.4550E+03  0.4025E+01
  0.4560E+03  0.3778E+01
  0.4570E+03  0.3971E+01
  0.4580E+03  0.3689E+01
  0.4590E+03  0.3896E+01
  0.4600E+03  0.3551E+01
  0.4610E+03  0.3654E+01
  0.4620E+03  0.3629E+01
  0.4630E+03  0.3652E+01
  0.4640E+03  0.3760E+01
  0.4650E+03  0.3654E+01
  0.4660E+03  0.3557E+01
  0.4670E+03  0.3864E+01
  0.4680E+03  0.3576E+01
  0.4690E+03  0.3665E+01
  0.4700E+03  0.3540E+01
  0.4710E+03  0.3427E+01
  0.4720E+03  0.3488E+01
  0.4730E+03  0.3450E+01
  0.4740E+03  0.3422E+01
  0.4750E+03  0.3372E+01
  0.4760E+03  0.3372E+01
  0.4770E+03  0.3376E+01
  0.4780E+03  0.3153E+01
  0.4790E+03  0.3344E+01
  0.4800E+03  0.3211E+01
  0.4810E+03  0.3357E+01
  0.4820E+03  0.3342E+01
  0.4830E+03  0.3247E+01
  0.4840E+03  0.3137E+01
  0.4850E+03  0.2982E+01
  0.4860E+03  0.3010E+01
  0.4870E+03  0.2960E+01
  0.4880E+03  0.3042E+01
  0.4890E+03  0.3134E+01
  0.4900E+03  0.3027E+01
  0.4910E+03  0.2841E+01
  0.4920E+03  0.2980E+01
  0.4930E+03  0.2937E+01
  0.4940E+03  0.2815E+01
  0.4950E+03  0.3218E+01
  0.4960E+03  0.2851E+01
  0.4970E+03  0.2721E+01
  0.4980E+03  0.2772E+01
  0.4990E+03  0.2627E+01
  0.5000E+03  0.2727E+01
  0.5010E+03  0.2524E+01
  0.5020E+03  0.2727E+01
  0.5030E+03  0.2732E+01
  0.5040E+03  0.2591E+01
  0.5050E+03  0.2635E+01
  0.5060E+03  0.2482E+01
  0.5070E+03  0.2420E+01
  0.5080E+03  0.2397E+01
  0.5090E+03  0.2099E+01
  0.5100E+03  0.2148E+01
  0.5110E+03  0.0000E+00
  0.5120E+03  0.0000E+00
