  0.1000E+01  0.3668E+01
  0.2000E+01  0.3897E+01
  0.3000E+01  0.4019E+01
  0.4000E+01  0.4571E+01
  0.5000E+01  0.4334E+01
  0.6000E+01  0.4608E+01
  0.7000E+01  0.4650E+01
  0.8000E+01  0.4695E+01
  0.9000E+01  0.4581E+01
  0.1000E+02  0.4642E+01
  0.1100E+02  0.4478E+01
  0.1200E+02  0.4677E+01
  0.1300E+02  0.4549E+01
  0.1400E+02  0.4688E+01
  0.1500E+02  0.4398E+01
  0.1600E+02  0.4903E+01
  0.1700E+02  0.4435E+01
  0.1800E+02  0.4852E+01
  0.1900E+02  0.4533E+01
  0.2000E+02  0.4632E+01
  0.2100E+02  0.4527E+01
  0.2200E+02  0.4627E+01
  0.2300E+02  0.4671E+01
  0.2400E+02  0.4892E+01
  0.2500E+02  0.5251E+01
  0.2600E+02  0.5696E+01
  0.2700E+02  0.5716E+01
  0.2800E+02  0.5976E+01
  0.2900E+02  0.5504E+01
  0.3000E+02  0.5506E+01
  0.3100E+02  0.5325E+01
  0.3200E+02  0.4909E+01
  0.3300E+02  0.5198E+01
  0.3400E+02  0.4990E+01
  0.3500E+02  0.4784E+01
  0.3600E+02  0.4698E+01
  0.3700E+02  0.4660E+01
  0.3800E+02  0.4848E+01
  0.3900E+02  0.4798E+01
  0.4000E+02  0.4901E+01
  0.4100E+02  0.4460E+01
  0.4200E+02  0.4576E+01
  0.4300E+02  0.4875E+01
  0.4400E+02  0.4783E+01
  0.4500E+02  0.4674E+01
  0.4600E+02  0.4610E+01
  0.4700E+02  0.4568E+01
  0.4800E+02  0.4866E+01
  0.4900E+02  0.4746E+01
  0.5000E+02  0.4888E+01
  0.5100E+02  0.4801E+01
  0.5200E+02  0.4861E+01
  0.5300E+02  0.4698E+01
  0.5400E+02  0.4884E+01
  0.5500E+02  0.4993E+01
  0.5600E+02  0.4493E+01
  0.5700E+02  0.4920E+01
  0.5800E+02  0.5203E+01
  0.5900E+02  0.4574E+01
  0.6000E+02  0.5010E+01
  0.6100E+02  0.4632E+01
  0.6200E+02  0.4654E+01
  0.6300E+02  0.4641E+01
  0.6400E+02  0.4789E+01
  0.6500E+02  0.4664E+01
  0.6600E+02  0.4730E+01
  0.6700E+02  0.4471E+01
  0.6800E+02  0.4759E+01
  0.6900E+02  0.4496E+01
  0.7000E+02  0.4561E+01
  0.7100E+02  0.4566E+01
  0.7200E+02  0.4463E+01
  0.7300E+02  0.4657E+01
  0.7400E+02  0.4805E+01
  0.7500E+02  0.4774E+01
  0.7600E+02  0.4740E+01
  0.7700E+02  0.4758E+01
  0.7800E+02  0.4703E+01
  0.7900E+02  0.4552E+01
  0.8000E+02  0.4535E+01
  0.8100E+02  0.4768E+01
  0.8200E+02  0.4880E+01
  0.8300E+02  0.4719E+01
  0.8400E+02  0.4682E+01
  0.8500E+02  0.5012E+01
  0.8600E+02  0.4718E+01
  0.8700E+02  0.4774E+01
  0.8800E+02  0.4837E+01
  0.8900E+02  0.4830E+01
  0.9000E+02  0.4863E+01
  0.9100E+02  0.4746E+01
  0.9200E+02  0.4838E+01
  0.9300E+02  0.4569E+01
  0.9400E+02  0.4779E+01
  0.9500E+02  0.4686E+01
  0.9600E+02  0.4849E+01
  0.9700E+02  0.5006E+01
  0.9800E+02  0.4796E+01
  0.9900E+02  0.4921E+01
  0.1000E+03  0.4995E+01
  0.1010E+03  0.5066E+01
  0.1020E+03  0.4924E+01
  0.1030E+03  0.4715E+01
  0.1040E+03  0.4977E+01
  0.1050E+03  0.4632E+01
  0.1060E+03  0.5080E+01
  0.1070E+03  0.5115E+01
  0.1080E+03  0.4879E+01
  0.1090E+03  0.5153E+01
  0.1100E+03  0.5118E+01
  0.1110E+03  0.4899E+01
  0.1120E+03  0.5041E+01
  0.1130E+03  0.5243E+01
  0.1140E+03  0.5025E+01
  0.1150E+03  0.5250E+01
  0.1160E+03  0.5044E+01
  0.1170E+03  0.5234E+01
  0.1180E+03  0.5177E+01
  0.1190E+03  0.5480E+01
  0.1200E+03  0.5357E+01
  0.1210E+03  0.5669E+01
  0.1220E+03  0.5385E+01
  0.1230E+03  0.5353E+01
  0.1240E+03  0.5569E+01
  0.1250E+03  0.5435E+01
  0.1260E+03  0.5923E+01
  0.1270E+03  0.5422E+01
  0.1280E+03  0.6004E+01
  0.1290E+03  0.5840E+01
  0.1300E+03  0.5720E+01
  0.1310E+03  0.6003E+01
  0.1320E+03  0.6142E+01
  0.1330E+03  0.6233E+01
  0.1340E+03  0.6577E+01
  0.1350E+03  0.6324E+01
  0.1360E+03  0.6757E+01
  0.1370E+03  0.6842E+01
  0.1380E+03  0.7031E+01
  0.1390E+03  0.6850E+01
  0.1400E+03  0.7123E+01
  0.1410E+03  0.7092E+01
  0.1420E+03  0.7841E+01
  0.1430E+03  0.7744E+01
  0.1440E+03  0.8659E+01
  0.1450E+03  0.8693E+01
  0.1460E+03  0.9451E+01
  0.1470E+03  0.1033E+02
  0.1480E+03  0.1068E+02
  0.1490E+03  0.1194E+02
  0.1500E+03  0.1217E+02
  0.1510E+03  0.1344E+02
  0.1520E+03  0.1466E+02
  0.1530E+03  0.1528E+02
  0.1540E+03  0.1640E+02
  0.1550E+03  0.1709E+02
  0.1560E+03  0.1754E+02
  0.1570E+03  0.1816E+02
  0.1580E+03  0.1835E+02
  0.1590E+03  0.1854E+02
  0.1600E+03  0.1841E+02
  0.1610E+03  0.1731E+02
  0.1620E+03  0.1691E+02
  0.1630E+03  0.1576E+02
  0.1640E+03  0.1536E+02
  0.1650E+03  0.1432E+02
  0.1660E+03  0.1309E+02
  0.1670E+03  0.1225E+02
  0.1680E+03  0.1170E+02
  0.1690E+03  0.1108E+02
  0.1700E+03  0.9690E+01
  0.1710E+03  0.9468E+01
  0.1720E+03  0.8660E+01
  0.1730E+03  0.8224E+01
  0.1740E+03  0.8329E+01
  0.1750E+03  0.8004E+01
  0.1760E+03  0.7776E+01
  0.1770E+03  0.7901E+01
  0.1780E+03  0.7496E+01
  0.1790E+03  0.7131E+01
  0.1800E+03  0.7245E+01
  0.1810E+03  0.6943E+01
  0.1820E+03  0.7318E+01
  0.1830E+03  0.7971E+01
  0.1840E+03  0.7790E+01
  0.1850E+03  0.7941E+01
  0.1860E+03  0.8024E+01
  0.1870E+03  0.7849E+01
  0.1880E+03  0.8377E+01
  0.1890E+03  0.8089E+01
  0.1900E+03  0.8272E+01
  0.1910E+03  0.8409E+01
  0.1920E+03  0.8434E+01
  0.1930E+03  0.8731E+01
  0.1940E+03  0.8041E+01
  0.1950E+03  0.8444E+01
  0.1960E+03  0.8474E+01
  0.1970E+03  0.8558E+01
  0.1980E+03  0.9118E+01
  0.1990E+03  0.8625E+01
  0.2000E+03  0.9248E+01
  0.2010E+03  0.9042E+01
  0.2020E+03  0.9299E+01
  0.2030E+03  0.8957E+01
  0.2040E+03  0.9156E+01
  0.2050E+03  0.9500E+01
  0.2060E+03  0.9247E+01
  0.2070E+03  0.9264E+01
  0.2080E+03  0.9977E+01
  0.2090E+03  0.9596E+01
  0.2100E+03  0.9835E+01
  0.2110E+03  0.9703E+01
  0.2120E+03  0.9764E+01
  0.2130E+03  0.9913E+01
  0.2140E+03  0.9971E+01
  0.2150E+03  0.1028E+02
  0.2160E+03  0.1035E+02
  0.2170E+03  0.1090E+02
  0.2180E+03  0.1028E+02
  0.2190E+03  0.1050E+02
  0.2200E+03  0.1080E+02
  0.2210E+03  0.1092E+02
  0.2220E+03  0.1135E+02
  0.2230E+03  0.1133E+02
  0.2240E+03  0.1146E+02
  0.2250E+03  0.1127E+02
  0.2260E+03  0.1142E+02
  0.2270E+03  0.1121E+02
  0.2280E+03  0.1160E+02
  0.2290E+03  0.1135E+02
  0.2300E+03  0.1183E+02
  0.2310E+03  0.1193E+02
  0.2320E+03  0.1199E+02
  0.2330E+03  0.1207E+02
  0.2340E+03  0.1166E+02
  0.2350E+03  0.1221E+02
  0.2360E+03  0.1279E+02
  0.2370E+03  0.1286E+02
  0.2380E+03  0.1236E+02
  0.2390E+03  0.1243E+02
  0.2400E+03  0.1251E+02
  0.2410E+03  0.1316E+02
  0.2420E+03  0.1320E+02
  0.2430E+03  0.1295E+02
  0.2440E+03  0.1284E+02
  0.2450E+03  0.1291E+02
  0.2460E+03  0.1333E+02
  0.2470E+03  0.1337E+02
  0.2480E+03  0.1366E+02
  0.2490E+03  0.1360E+02
  0.2500E+03  0.1348E+02
  0.2510E+03  0.1377E+02
  0.2520E+03  0.1375E+02
  0.2530E+03  0.1384E+02
  0.2540E+03  0.1379E+02
  0.2550E+03  0.1412E+02
  0.2560E+03  0.1403E+02
  0.2570E+03  0.1422E+02
  0.2580E+03  0.1404E+02
  0.2590E+03  0.1385E+02
  0.2600E+03  0.1417E+02
  0.2610E+03  0.1428E+02
  0.2620E+03  0.1455E+02
  0.2630E+03  0.1446E+02
  0.2640E+03  0.1469E+02
  0.2650E+03  0.1470E+02
  0.2660E+03  0.1490E+02
  0.2670E+03  0.1517E+02
  0.2680E+03  0.1503E+02
  0.2690E+03  0.1445E+02
  0.2700E+03  0.1510E+02
  0.2710E+03  0.1521E+02
  0.2720E+03  0.1529E+02
  0.2730E+03  0.1537E+02
  0.2740E+03  0.1566E+02
  0.2750E+03  0.1544E+02
  0.2760E+03  0.1585E+02
  0.2770E+03  0.1510E+02
  0.2780E+03  0.1551E+02
  0.2790E+03  0.1522E+02
  0.2800E+03  0.1578E+02
  0.2810E+03  0.1555E+02
  0.2820E+03  0.1627E+02
  0.2830E+03  0.1554E+02
  0.2840E+03  0.1550E+02
  0.2850E+03  0.1554E+02
  0.2860E+03  0.1584E+02
  0.2870E+03  0.1524E+02
  0.2880E+03  0.1531E+02
  0.2890E+03  0.1617E+02
  0.2900E+03  0.1548E+02
  0.2910E+03  0.1564E+02
  0.2920E+03  0.1566E+02
  0.2930E+03  0.1556E+02
  0.2940E+03  0.1511E+02
  0.2950E+03  0.1573E+02
  0.2960E+03  0.1568E+02
  0.2970E+03  0.1612E+02
  0.2980E+03  0.1588E+02
  0.2990E+03  0.1560E+02
  0.3000E+03  0.1588E+02
  0.3010E+03  0.1567E+02
  0.3020E+03  0.1594E+02
  0.3030E+03  0.1617E+02
  0.3040E+03  0.1574E+02
  0.3050E+03  0.1602E+02
  0.3060E+03  0.1654E+02
  0.3070E+03  0.1665E+02
  0.3080E+03  0.1620E+02
  0.3090E+03  0.1661E+02
  0.3100E+03  0.1619E+02
  0.3110E+03  0.1618E+02
  0.3120E+03  0.1610E+02
  0.3130E+03  0.1633E+02
  0.3140E+03  0.1650E+02
  0.3150E+03  0.1690E+02
  0.3160E+03  0.1650E+02
  0.3170E+03  0.1648E+02
  0.3180E+03  0.1644E+02
  0.3190E+03  0.1681E+02
  0.3200E+03  0.1672E+02
  0.3210E+03  0.1672E+02
  0.3220E+03  0.1683E+02
  0.3230E+03  0.1659E+02
  0.3240E+03  0.1748E+02
  0.3250E+03  0.1682E+02
  0.3260E+03  0.1757E+02
  0.3270E+03  0.1773E+02
  0.3280E+03  0.1733E+02
  0.3290E+03  0.1763E+02
  0.3300E+03  0.1762E+02
  0.3310E+03  0.1753E+02
  0.3320E+03  0.1776E+02
  0.3330E+03  0.1834E+02
  0.3340E+03  0.1774E+02
  0.3350E+03  0.1793E+02
  0.3360E+03  0.1772E+02
  0.3370E+03  0.1800E+02
  0.3380E+03  0.1721E+02
  0.3390E+03  0.1782E+02
  0.3400E+03  0.1799E+02
  0.3410E+03  0.1770E+02
  0.3420E+03  0.1843E+02
  0.3430E+03  0.1756E+02
  0.3440E+03  0.1770E+02
  0.3450E+03  0.1841E+02
  0.3460E+03  0.1839E+02
  0.3470E+03  0.1828E+02
  0.3480E+03  0.1809E+02
  0.3490E+03  0.1714E+02
  0.3500E+03  0.1833E+02
  0.3510E+03  0.1713E+02
  0.3520E+03  0.1733E+02
  0.3530E+03  0.1701E+02
  0.3540E+03  0.1669E+02
  0.3550E+03  0.1690E+02
  0.3560E+03  0.1689E+02
  0.3570E+03  0.1657E+02
  0.3580E+03  0.1666E+02
  0.3590E+03  0.1660E+02
  0.3600E+03  0.1659E+02
  0.3610E+03  0.1623E+02
  0.3620E+03  0.1624E+02
  0.3630E+03  0.1626E+02
  0.3640E+03  0.1594E+02
  0.3650E+03  0.1542E+02
  0.3660E+03  0.1585E+02
  0.3670E+03  0.1572E+02
  0.3680E+03  0.1538E+02
  0.3690E+03  0.1526E+02
  0.3700E+03  0.1605E+02
  0.3710E+03  0.1559E+02
  0.3720E+03  0.1569E+02
  0.3730E+03  0.1567E+02
  0.3740E+03  0.1566E+02
  0.3750E+03  0.1522E+02
  0.3760E+03  0.1517E+02
  0.3770E+03  0.1528E+02
  0.3780E+03  0.1548E+02
  0.3790E+03  0.1552E+02
  0.3800E+03  0.1504E+02
  0.3810E+03  0.1512E+02
  0.3820E+03  0.1538E+02
  0.3830E+03  0.1510E+02
  0.3840E+03  0.1548E+02
  0.3850E+03  0.1514E+02
  0.3860E+03  0.1557E+02
  0.3870E+03  0.1508E+02
  0.3880E+03  0.1540E+02
  0.3890E+03  0.1525E+02
  0.3900E+03  0.1540E+02
  0.3910E+03  0.1528E+02
  0.3920E+03  0.1555E+02
  0.3930E+03  0.1540E+02
  0.3940E+03  0.1526E+02
  0.3950E+03  0.1577E+02
  0.3960E+03  0.1575E+02
  0.3970E+03  0.1551E+02
  0.3980E+03  0.1532E+02
  0.3990E+03  0.1631E+02
  0.4000E+03  0.1550E+02
  0.4010E+03  0.1542E+02
  0.4020E+03  0.1510E+02
  0.4030E+03  0.1629E+02
  0.4040E+03  0.1600E+02
  0.4050E+03  0.1589E+02
  0.4060E+03  0.1612E+02
  0.4070E+03  0.1564E+02
  0.4080E+03  0.1634E+02
  0.4090E+03  0.1650E+02
  0.4100E+03  0.1618E+02
  0.4110E+03  0.1630E+02
  0.4120E+03  0.1629E+02
  0.4130E+03  0.1672E+02
  0.4140E+03  0.1664E+02
  0.4150E+03  0.1667E+02
  0.4160E+03  0.1683E+02
  0.4170E+03  0.1698E+02
  0.4180E+03  0.1698E+02
  0.4190E+03  0.1770E+02
  0.4200E+03  0.1714E+02
  0.4210E+03  0.1708E+02
  0.4220E+03  0.1697E+02
  0.4230E+03  0.1753E+02
  0.4240E+03  0.1794E+02
  0.4250E+03  0.1774E+02
  0.4260E+03  0.1805E+02
  0.4270E+03  0.1792E+02
  0.4280E+03  0.1806E+02
  0.4290E+03  0.1813E+02
  0.4300E+03  0.1874E+02
  0.4310E+03  0.1869E+02
  0.4320E+03  0.1865E+02
  0.4330E+03  0.1771E+02
  0.4340E+03  0.1853E+02
  0.4350E+03  0.1859E+02
  0.4360E+03  0.1880E+02
  0.4370E+03  0.1858E+02
  0.4380E+03  0.1845E+02
  0.4390E+03  0.1830E+02
  0.4400E+03  0.1831E+02
  0.4410E+03  0.1815E+02
  0.4420E+03  0.1808E+02
  0.4430E+03  0.1794E+02
  0.4440E+03  0.1878E+02
  0.4450E+03  0.1770E+02
  0.4460E+03  0.1766E+02
  0.4470E+03  0.1806E+02
  0.4480E+03  0.1698E+02
  0.4490E+03  0.1723E+02
  0.4500E+03  0.1713E+02
  0.4510E+03  0.1741E+02
  0.4520E+03  0.1692E+02
  0.4530E+03  0.1674E+02
  0.4540E+03  0.1663E+02
  0.4550E+03  0.1642E+02
  0.4560E+03  0.1678E+02
  0.4570E+03  0.1606E+02
  0.4580E+03  0.1579E+02
  0.4590E+03  0.1551E+02
  0.4600E+03  0.1536E+02
  0.4610E+03  0.1556E+02
  0.4620E+03  0.1498E+02
  0.4630E+03  0.1483E+02
  0.4640E+03  0.1501E+02
  0.4650E+03  0.1517E+02
  0.4660E+03  0.1452E+02
  0.4670E+03  0.1418E+02
  0.4680E+03  0.1464E+02
  0.4690E+03  0.1425E+02
  0.4700E+03  0.1425E+02
  0.4710E+03  0.1495E+02
  0.4720E+03  0.1453E+02
  0.4730E+03  0.1395E+02
  0.4740E+03  0.1397E+02
  0.4750E+03  0.1477E+02
  0.4760E+03  0.1455E+02
  0.4770E+03  0.1419E+02
  0.4780E+03  0.1460E+02
  0.4790E+03  0.1402E+02
  0.4800E+03  0.1453E+02
  0.4810E+03  0.1407E+02
  0.4820E+03  0.1405E+02
  0.4830E+03  0.1443E+02
  0.4840E+03  0.1464E+02
  0.4850E+03  0.1522E+02
  0.4860E+03  0.1473E+02
  0.4870E+03  0.1493E+02
  0.4880E+03  0.1472E+02
  0.4890E+03  0.1525E+02
  0.4900E+03  0.1531E+02
  0.4910E+03  0.1559E+02
  0.4920E+03  0.1519E+02
  0.4930E+03  0.1529E+02
  0.4940E+03  0.1544E+02
  0.4950E+03  0.1555E+02
  0.4960E+03  0.1605E+02
  0.4970E+03  0.1609E+02
  0.4980E+03  0.1634E+02
  0.4990E+03  0.1615E+02
  0.5000E+03  0.1619E+02
  0.5010E+03  0.1653E+02
  0.5020E+03  0.1673E+02
  0.5030E+03  0.1726E+02
  0.5040E+03  0.1716E+02
  0.5050E+03  0.1667E+02
  0.5060E+03  0.1730E+02
  0.5070E+03  0.1688E+02
  0.5080E+03  0.1731E+02
  0.5090E+03  0.1858E+02
  0.5100E+03  0.1791E+02
  0.5110E+03  0.0000E+00
  0.5120E+03  0.0000E+00
