  0.1000E+01  0.7345E+01
  0.2000E+01  0.8015E+01
  0.3000E+01  0.8086E+01
  0.4000E+01  0.8398E+01
  0.5000E+01  0.8434E+01
  0.6000E+01  0.8376E+01
  0.7000E+01  0.8711E+01
  0.8000E+01  0.8903E+01
  0.9000E+01  0.8799E+01
  0.1000E+02  0.8423E+01
  0.1100E+02  0.9055E+01
  0.1200E+02  0.8721E+01
  0.1300E+02  0.8980E+01
  0.1400E+02  0.8281E+01
  0.1500E+02  0.8544E+01
  0.1600E+02  0.8736E+01
  0.1700E+02  0.8739E+01
  0.1800E+02  0.8462E+01
  0.1900E+02  0.8638E+01
  0.2000E+02  0.8484E+01
  0.2100E+02  0.8835E+01
  0.2200E+02  0.8415E+01
  0.2300E+02  0.8232E+01
  0.2400E+02  0.8519E+01
  0.2500E+02  0.8677E+01
  0.2600E+02  0.8776E+01
  0.2700E+02  0.8027E+01
  0.2800E+02  0.8635E+01
  0.2900E+02  0.8656E+01
  0.3000E+02  0.8676E+01
  0.3100E+02  0.8061E+01
  0.3200E+02  0.8198E+01
  0.3300E+02  0.8575E+01
  0.3400E+02  0.8337E+01
  0.3500E+02  0.8344E+01
  0.3600E+02  0.8403E+01
  0.3700E+02  0.8258E+01
  0.3800E+02  0.8005E+01
  0.3900E+02  0.8169E+01
  0.4000E+02  0.8112E+01
  0.4100E+02  0.8236E+01
  0.4200E+02  0.7999E+01
  0.4300E+02  0.8155E+01
  0.4400E+02  0.8275E+01
  0.4500E+02  0.8472E+01
  0.4600E+02  0.8530E+01
  0.4700E+02  0.8180E+01
  0.4800E+02  0.8322E+01
  0.4900E+02  0.8394E+01
  0.5000E+02  0.8567E+01
  0.5100E+02  0.9007E+01
  0.5200E+02  0.8943E+01
  0.5300E+02  0.9122E+01
  0.5400E+02  0.9082E+01
  0.5500E+02  0.9281E+01
  0.5600E+02  0.9326E+01
  0.5700E+02  0.9769E+01
  0.5800E+02  0.9816E+01
  0.5900E+02  0.9988E+01
  0.6000E+02  0.1015E+02
  0.6100E+02  0.1088E+02
  0.6200E+02  0.1055E+02
  0.6300E+02  0.1111E+02
  0.6400E+02  0.1146E+02
  0.6500E+02  0.1101E+02
  0.6600E+02  0.1129E+02
  0.6700E+02  0.1198E+02
  0.6800E+02  0.1160E+02
  0.6900E+02  0.1184E+02
  0.7000E+02  0.1248E+02
  0.7100E+02  0.1216E+02
  0.7200E+02  0.1207E+02
  0.7300E+02  0.1285E+02
  0.7400E+02  0.1253E+02
  0.7500E+02  0.1287E+02
  0.7600E+02  0.1273E+02
  0.7700E+02  0.1346E+02
  0.7800E+02  0.1291E+02
  0.7900E+02  0.1296E+02
  0.8000E+02  0.1320E+02
  0.8100E+02  0.1319E+02
  0.8200E+02  0.1317E+02
  0.8300E+02  0.1393E+02
  0.8400E+02  0.1382E+02
  0.8500E+02  0.1375E+02
  0.8600E+02  0.1360E+02
  0.8700E+02  0.1403E+02
  0.8800E+02  0.1357E+02
  0.8900E+02  0.1334E+02
  0.9000E+02  0.1348E+02
  0.9100E+02  0.1392E+02
  0.9200E+02  0.1351E+02
  0.9300E+02  0.1315E+02
  0.9400E+02  0.1383E+02
  0.9500E+02  0.1392E+02
  0.9600E+02  0.1377E+02
  0.9700E+02  0.1379E+02
  0.9800E+02  0.1354E+02
  0.9900E+02  0.1358E+02
  0.1000E+03  0.1328E+02
  0.1010E+03  0.1340E+02
  0.1020E+03  0.1340E+02
  0.1030E+03  0.1340E+02
  0.1040E+03  0.1331E+02
  0.1050E+03  0.1333E+02
  0.1060E+03  0.1378E+02
  0.1070E+03  0.1320E+02
  0.1080E+03  0.1343E+02
  0.1090E+03  0.1418E+02
  0.1100E+03  0.1362E+02
  0.1110E+03  0.1416E+02
  0.1120E+03  0.1440E+02
  0.1130E+03  0.1351E+02
  0.1140E+03  0.1428E+02
  0.1150E+03  0.1438E+02
  0.1160E+03  0.1462E+02
  0.1170E+03  0.1434E+02
  0.1180E+03  0.1436E+02
  0.1190E+03  0.1481E+02
  0.1200E+03  0.1493E+02
  0.1210E+03  0.1484E+02
  0.1220E+03  0.1411E+02
  0.1230E+03  0.1538E+02
  0.1240E+03  0.1534E+02
  0.1250E+03  0.1530E+02
  0.1260E+03  0.1574E+02
  0.1270E+03  0.1550E+02
  0.1280E+03  0.1556E+02
  0.1290E+03  0.1595E+02
  0.1300E+03  0.1517E+02
  0.1310E+03  0.1625E+02
  0.1320E+03  0.1699E+02
  0.1330E+03  0.1659E+02
  0.1340E+03  0.1661E+02
  0.1350E+03  0.1693E+02
  0.1360E+03  0.1728E+02
  0.1370E+03  0.1756E+02
  0.1380E+03  0.1712E+02
  0.1390E+03  0.1736E+02
  0.1400E+03  0.1769E+02
  0.1410E+03  0.1809E+02
  0.1420E+03  0.1786E+02
  0.1430E+03  0.1786E+02
  0.1440E+03  0.1797E+02
  0.1450E+03  0.1808E+02
  0.1460E+03  0.1847E+02
  0.1470E+03  0.1938E+02
  0.1480E+03  0.1922E+02
  0.1490E+03  0.1942E+02
  0.1500E+03  0.1976E+02
  0.1510E+03  0.1945E+02
  0.1520E+03  0.1941E+02
  0.1530E+03  0.2046E+02
  0.1540E+03  0.1981E+02
  0.1550E+03  0.2070E+02
  0.1560E+03  0.2075E+02
  0.1570E+03  0.2109E+02
  0.1580E+03  0.2073E+02
  0.1590E+03  0.2113E+02
  0.1600E+03  0.2087E+02
  0.1610E+03  0.2157E+02
  0.1620E+03  0.2193E+02
  0.1630E+03  0.2241E+02
  0.1640E+03  0.2180E+02
  0.1650E+03  0.2228E+02
  0.1660E+03  0.2280E+02
  0.1670E+03  0.2259E+02
  0.1680E+03  0.2228E+02
  0.1690E+03  0.2255E+02
  0.1700E+03  0.2231E+02
  0.1710E+03  0.2219E+02
  0.1720E+03  0.2202E+02
  0.1730E+03  0.2212E+02
  0.1740E+03  0.2197E+02
  0.1750E+03  0.2101E+02
  0.1760E+03  0.2076E+02
  0.1770E+03  0.2154E+02
  0.1780E+03  0.2045E+02
  0.1790E+03  0.1971E+02
  0.1800E+03  0.1999E+02
  0.1810E+03  0.2042E+02
  0.1820E+03  0.2035E+02
  0.1830E+03  0.1932E+02
  0.1840E+03  0.1831E+02
  0.1850E+03  0.1765E+02
  0.1860E+03  0.1828E+02
  0.1870E+03  0.1806E+02
  0.1880E+03  0.1679E+02
  0.1890E+03  0.1663E+02
  0.1900E+03  0.1674E+02
  0.1910E+03  0.1576E+02
  0.1920E+03  0.1607E+02
  0.1930E+03  0.1531E+02
  0.1940E+03  0.1538E+02
  0.1950E+03  0.1506E+02
  0.1960E+03  0.1446E+02
  0.1970E+03  0.1450E+02
  0.1980E+03  0.1367E+02
  0.1990E+03  0.1337E+02
  0.2000E+03  0.1347E+02
  0.2010E+03  0.1322E+02
  0.2020E+03  0.1274E+02
  0.2030E+03  0.1229E+02
  0.2040E+03  0.1297E+02
  0.2050E+03  0.1131E+02
  0.2060E+03  0.1129E+02
  0.2070E+03  0.1181E+02
  0.2080E+03  0.1158E+02
  0.2090E+03  0.1100E+02
  0.2100E+03  0.1111E+02
  0.2110E+03  0.1048E+02
  0.2120E+03  0.1036E+02
  0.2130E+03  0.1020E+02
  0.2140E+03  0.9779E+01
  0.2150E+03  0.9778E+01
  0.2160E+03  0.9548E+01
  0.2170E+03  0.1008E+02
  0.2180E+03  0.9226E+01
  0.2190E+03  0.8770E+01
  0.2200E+03  0.9265E+01
  0.2210E+03  0.8867E+01
  0.2220E+03  0.8744E+01
  0.2230E+03  0.8238E+01
  0.2240E+03  0.8394E+01
  0.2250E+03  0.8391E+01
  0.2260E+03  0.7894E+01
  0.2270E+03  0.7862E+01
  0.2280E+03  0.7389E+01
  0.2290E+03  0.7761E+01
  0.2300E+03  0.7526E+01
  0.2310E+03  0.7383E+01
  0.2320E+03  0.7032E+01
  0.2330E+03  0.7117E+01
  0.2340E+03  0.7039E+01
  0.2350E+03  0.7167E+01
  0.2360E+03  0.6903E+01
  0.2370E+03  0.7108E+01
  0.2380E+03  0.6325E+01
  0.2390E+03  0.6465E+01
  0.2400E+03  0.6351E+01
  0.2410E+03  0.6316E+01
  0.2420E+03  0.6127E+01
  0.2430E+03  0.5985E+01
  0.2440E+03  0.5686E+01
  0.2450E+03  0.5864E+01
  0.2460E+03  0.5691E+01
  0.2470E+03  0.5635E+01
  0.2480E+03  0.5572E+01
  0.2490E+03  0.5464E+01
  0.2500E+03  0.5208E+01
  0.2510E+03  0.5273E+01
  0.2520E+03  0.5075E+01
  0.2530E+03  0.4896E+01
  0.2540E+03  0.4838E+01
  0.2550E+03  0.4873E+01
  0.2560E+03  0.4876E+01
  0.2570E+03  0.4822E+01
  0.2580E+03  0.4915E+01
  0.2590E+03  0.4815E+01
  0.2600E+03  0.4454E+01
  0.2610E+03  0.4579E+01
  0.2620E+03  0.4627E+01
  0.2630E+03  0.4470E+01
  0.2640E+03  0.4438E+01
  0.2650E+03  0.4488E+01
  0.2660E+03  0.4425E+01
  0.2670E+03  0.4451E+01
  0.2680E+03  0.4149E+01
  0.2690E+03  0.3899E+01
  0.2700E+03  0.4420E+01
  0.2710E+03  0.3929E+01
  0.2720E+03  0.3700E+01
  0.2730E+03  0.4229E+01
  0.2740E+03  0.3828E+01
  0.2750E+03  0.3923E+01
  0.2760E+03  0.3979E+01
  0.2770E+03  0.4036E+01
  0.2780E+03  0.3519E+01
  0.2790E+03  0.3533E+01
  0.2800E+03  0.3779E+01
  0.2810E+03  0.3518E+01
  0.2820E+03  0.3571E+01
  0.2830E+03  0.3558E+01
  0.2840E+03  0.3570E+01
  0.2850E+03  0.3324E+01
  0.2860E+03  0.3441E+01
  0.2870E+03  0.3770E+01
  0.2880E+03  0.3141E+01
  0.2890E+03  0.3147E+01
  0.2900E+03  0.3184E+01
  0.2910E+03  0.3176E+01
  0.2920E+03  0.3069E+01
  0.2930E+03  0.3118E+01
  0.2940E+03  0.2845E+01
  0.2950E+03  0.2990E+01
  0.2960E+03  0.3162E+01
  0.2970E+03  0.2836E+01
  0.2980E+03  0.2886E+01
  0.2990E+03  0.3023E+01
  0.3000E+03  0.2668E+01
  0.3010E+03  0.2831E+01
  0.3020E+03  0.3014E+01
  0.3030E+03  0.2663E+01
  0.3040E+03  0.2626E+01
  0.3050E+03  0.2778E+01
  0.3060E+03  0.2450E+01
  0.3070E+03  0.2253E+01
  0.3080E+03  0.2587E+01
  0.3090E+03  0.2936E+01
  0.3100E+03  0.2363E+01
  0.3110E+03  0.2526E+01
  0.3120E+03  0.2513E+01
  0.3130E+03  0.2485E+01
  0.3140E+03  0.2311E+01
  0.3150E+03  0.2258E+01
  0.3160E+03  0.2261E+01
  0.3170E+03  0.2386E+01
  0.3180E+03  0.2397E+01
  0.3190E+03  0.2255E+01
  0.3200E+03  0.2147E+01
  0.3210E+03  0.2111E+01
  0.3220E+03  0.2186E+01
  0.3230E+03  0.2257E+01
  0.3240E+03  0.1900E+01
  0.3250E+03  0.2267E+01
  0.3260E+03  0.2066E+01
  0.3270E+03  0.2130E+01
  0.3280E+03  0.2301E+01
  0.3290E+03  0.1860E+01
  0.3300E+03  0.1951E+01
  0.3310E+03  0.1711E+01
  0.3320E+03  0.1956E+01
  0.3330E+03  0.2025E+01
  0.3340E+03  0.1770E+01
  0.3350E+03  0.1885E+01
  0.3360E+03  0.1768E+01
  0.3370E+03  0.1732E+01
  0.3380E+03  0.2080E+01
  0.3390E+03  0.1839E+01
  0.3400E+03  0.1635E+01
  0.3410E+03  0.1704E+01
  0.3420E+03  0.1801E+01
  0.3430E+03  0.1648E+01
  0.3440E+03  0.1692E+01
  0.3450E+03  0.1546E+01
  0.3460E+03  0.1458E+01
  0.3470E+03  0.1498E+01
  0.3480E+03  0.1582E+01
  0.3490E+03  0.1383E+01
  0.3500E+03  0.1584E+01
  0.3510E+03  0.1630E+01
  0.3520E+03  0.1411E+01
  0.3530E+03  0.1588E+01
  0.3540E+03  0.1419E+01
  0.3550E+03  0.1411E+01
  0.3560E+03  0.1646E+01
  0.3570E+03  0.1745E+01
  0.3580E+03  0.1430E+01
  0.3590E+03  0.1475E+01
  0.3600E+03  0.1549E+01
  0.3610E+03  0.1580E+01
  0.3620E+03  0.1435E+01
  0.3630E+03  0.1369E+01
  0.3640E+03  0.1363E+01
  0.3650E+03  0.1375E+01
  0.3660E+03  0.1202E+01
  0.3670E+03  0.1391E+01
  0.3680E+03  0.1144E+01
  0.3690E+03  0.1356E+01
  0.3700E+03  0.1345E+01
  0.3710E+03  0.1307E+01
  0.3720E+03  0.1371E+01
  0.3730E+03  0.1282E+01
  0.3740E+03  0.1240E+01
  0.3750E+03  0.1093E+01
  0.3760E+03  0.1228E+01
  0.3770E+03  0.1335E+01
  0.3780E+03  0.1257E+01
  0.3790E+03  0.1184E+01
  0.3800E+03  0.1141E+01
  0.3810E+03  0.1055E+01
  0.3820E+03  0.1125E+01
  0.3830E+03  0.1012E+01
  0.3840E+03  0.1144E+01
  0.3850E+03  0.1100E+01
  0.3860E+03  0.1137E+01
  0.3870E+03  0.9305E+00
  0.3880E+03  0.1119E+01
  0.3890E+03  0.1004E+01
  0.3900E+03  0.9863E+00
  0.3910E+03  0.9541E+00
  0.3920E+03  0.8740E+00
  0.3930E+03  0.1051E+01
  0.3940E+03  0.9139E+00
  0.3950E+03  0.1063E+01
  0.3960E+03  0.8793E+00
  0.3970E+03  0.8511E+00
  0.3980E+03  0.7394E+00
  0.3990E+03  0.9407E+00
  0.4000E+03  0.9001E+00
  0.4010E+03  0.7839E+00
  0.4020E+03  0.8222E+00
  0.4030E+03  0.8483E+00
  0.4040E+03  0.7900E+00
  0.4050E+03  0.7522E+00
  0.4060E+03  0.7373E+00
  0.4070E+03  0.8212E+00
  0.4080E+03  0.7391E+00
  0.4090E+03  0.8384E+00
  0.4100E+03  0.7933E+00
  0.4110E+03  0.7074E+00
  0.4120E+03  0.7852E+00
  0.4130E+03  0.6290E+00
  0.4140E+03  0.7151E+00
  0.4150E+03  0.7597E+00
  0.4160E+03  0.6873E+00
  0.4170E+03  0.5705E+00
  0.4180E+03  0.8344E+00
  0.4190E+03  0.8099E+00
  0.4200E+03  0.6622E+00
  0.4210E+03  0.6619E+00
  0.4220E+03  0.7286E+00
  0.4230E+03  0.6493E+00
  0.4240E+03  0.6093E+00
  0.4250E+03  0.7258E+00
  0.4260E+03  0.6880E+00
  0.4270E+03  0.5889E+00
  0.4280E+03  0.6330E+00
  0.4290E+03  0.5209E+00
  0.4300E+03  0.5558E+00
  0.4310E+03  0.6308E+00
  0.4320E+03  0.5437E+00
  0.4330E+03  0.7144E+00
  0.4340E+03  0.4939E+00
  0.4350E+03  0.5032E+00
  0.4360E+03  0.6908E+00
  0.4370E+03  0.5182E+00
  0.4380E+03  0.5236E+00
  0.4390E+03  0.5727E+00
  0.4400E+03  0.6352E+00
  0.4410E+03  0.5247E+00
  0.4420E+03  0.4121E+00
  0.4430E+03  0.4059E+00
  0.4440E+03  0.5844E+00
  0.4450E+03  0.5037E+00
  0.4460E+03  0.4734E+00
  0.4470E+03  0.4210E+00
  0.4480E+03  0.5603E+00
  0.4490E+03  0.4569E+00
  0.4500E+03  0.5154E+00
  0.4510E+03  0.4119E+00
  0.4520E+03  0.3694E+00
  0.4530E+03  0.4201E+00
  0.4540E+03  0.3948E+00
  0.4550E+03  0.4752E+00
  0.4560E+03  0.4854E+00
  0.4570E+03  0.3604E+00
  0.4580E+03  0.3300E+00
  0.4590E+03  0.3187E+00
  0.4600E+03  0.4419E+00
  0.4610E+03  0.3649E+00
  0.4620E+03  0.3078E+00
  0.4630E+03  0.4686E+00
  0.4640E+03  0.3461E+00
  0.4650E+03  0.3742E+00
  0.4660E+03  0.4092E+00
  0.4670E+03  0.3487E+00
  0.4680E+03  0.3466E+00
  0.4690E+03  0.3053E+00
  0.4700E+03  0.2774E+00
  0.4710E+03  0.3799E+00
  0.4720E+03  0.3806E+00
  0.4730E+03  0.3369E+00
  0.4740E+03  0.3106E+00
  0.4750E+03  0.3623E+00
  0.4760E+03  0.3521E+00
  0.4770E+03  0.2990E+00
  0.4780E+03  0.2058E+00
  0.4790E+03  0.2702E+00
  0.4800E+03  0.2490E+00
  0.4810E+03  0.2090E+00
  0.4820E+03  0.3557E+00
  0.4830E+03  0.3002E+00
  0.4840E+03  0.3211E+00
  0.4850E+03  0.2920E+00
  0.4860E+03  0.2639E+00
  0.4870E+03  0.2723E+00
  0.4880E+03  0.2079E+00
  0.4890E+03  0.1978E+00
  0.4900E+03  0.2207E+00
  0.4910E+03  0.2570E+00
  0.4920E+03  0.2096E+00
  0.4930E+03  0.2385E+00
  0.4940E+03  0.2057E+00
  0.4950E+03  0.2057E+00
  0.4960E+03  0.1927E+00
  0.4970E+03  0.1616E+00
  0.4980E+03  0.2220E+00
  0.4990E+03  0.1343E+00
  0.5000E+03  0.2316E+00
  0.5010E+03  0.2009E+00
  0.5020E+03  0.1359E+00
  0.5030E+03  0.2033E+00
  0.5040E+03  0.9289E-01
  0.5050E+03  0.1211E+00
  0.5060E+03  0.2506E+00
  0.5070E+03  0.2025E+00
  0.5080E+03  0.1771E+00
  0.5090E+03  0.1852E+00
  0.5100E+03  0.2339E+00
  0.5110E+03  0.0000E+00
  0.5120E+03  0.0000E+00
