  0.1000E+01  0.9880E+01
  0.2000E+01  0.1081E+02
  0.3000E+01  0.1144E+02
  0.4000E+01  0.1219E+02
  0.5000E+01  0.1191E+02
  0.6000E+01  0.1148E+02
  0.7000E+01  0.1222E+02
  0.8000E+01  0.1217E+02
  0.9000E+01  0.1232E+02
  0.1000E+02  0.1238E+02
  0.1100E+02  0.1240E+02
  0.1200E+02  0.1255E+02
  0.1300E+02  0.1226E+02
  0.1400E+02  0.1225E+02
  0.1500E+02  0.1240E+02
  0.1600E+02  0.1171E+02
  0.1700E+02  0.1226E+02
  0.1800E+02  0.1190E+02
  0.1900E+02  0.1255E+02
  0.2000E+02  0.1184E+02
  0.2100E+02  0.1165E+02
  0.2200E+02  0.1173E+02
  0.2300E+02  0.1198E+02
  0.2400E+02  0.1159E+02
  0.2500E+02  0.1200E+02
  0.2600E+02  0.1162E+02
  0.2700E+02  0.1167E+02
  0.2800E+02  0.1181E+02
  0.2900E+02  0.1153E+02
  0.3000E+02  0.1157E+02
  0.3100E+02  0.1179E+02
  0.3200E+02  0.1147E+02
  0.3300E+02  0.1129E+02
  0.3400E+02  0.1104E+02
  0.3500E+02  0.1115E+02
  0.3600E+02  0.1139E+02
  0.3700E+02  0.1091E+02
  0.3800E+02  0.1127E+02
  0.3900E+02  0.1106E+02
  0.4000E+02  0.1138E+02
  0.4100E+02  0.1146E+02
  0.4200E+02  0.1065E+02
  0.4300E+02  0.1097E+02
  0.4400E+02  0.1110E+02
  0.4500E+02  0.1134E+02
  0.4600E+02  0.1102E+02
  0.4700E+02  0.1119E+02
  0.4800E+02  0.1159E+02
  0.4900E+02  0.1162E+02
  0.5000E+02  0.1161E+02
  0.5100E+02  0.1144E+02
  0.5200E+02  0.1183E+02
  0.5300E+02  0.1201E+02
  0.5400E+02  0.1262E+02
  0.5500E+02  0.1259E+02
  0.5600E+02  0.1273E+02
  0.5700E+02  0.1311E+02
  0.5800E+02  0.1341E+02
  0.5900E+02  0.1397E+02
  0.6000E+02  0.1361E+02
  0.6100E+02  0.1346E+02
  0.6200E+02  0.1340E+02
  0.6300E+02  0.1445E+02
  0.6400E+02  0.1479E+02
  0.6500E+02  0.1502E+02
  0.6600E+02  0.1529E+02
  0.6700E+02  0.1590E+02
  0.6800E+02  0.1526E+02
  0.6900E+02  0.1593E+02
  0.7000E+02  0.1585E+02
  0.7100E+02  0.1636E+02
  0.7200E+02  0.1664E+02
  0.7300E+02  0.1655E+02
  0.7400E+02  0.1659E+02
  0.7500E+02  0.1687E+02
  0.7600E+02  0.1688E+02
  0.7700E+02  0.1730E+02
  0.7800E+02  0.1768E+02
  0.7900E+02  0.1708E+02
  0.8000E+02  0.1739E+02
  0.8100E+02  0.1754E+02
  0.8200E+02  0.1805E+02
  0.8300E+02  0.1806E+02
  0.8400E+02  0.1798E+02
  0.8500E+02  0.1817E+02
  0.8600E+02  0.1788E+02
  0.8700E+02  0.1814E+02
  0.8800E+02  0.1838E+02
  0.8900E+02  0.1744E+02
  0.9000E+02  0.1790E+02
  0.9100E+02  0.1815E+02
  0.9200E+02  0.1817E+02
  0.9300E+02  0.1823E+02
  0.9400E+02  0.1847E+02
  0.9500E+02  0.1820E+02
  0.9600E+02  0.1839E+02
  0.9700E+02  0.1844E+02
  0.9800E+02  0.1840E+02
  0.9900E+02  0.1853E+02
  0.1000E+03  0.1787E+02
  0.1010E+03  0.1824E+02
  0.1020E+03  0.1867E+02
  0.1030E+03  0.1883E+02
  0.1040E+03  0.1832E+02
  0.1050E+03  0.1852E+02
  0.1060E+03  0.1877E+02
  0.1070E+03  0.1863E+02
  0.1080E+03  0.1844E+02
  0.1090E+03  0.1838E+02
  0.1100E+03  0.1829E+02
  0.1110E+03  0.1830E+02
  0.1120E+03  0.1896E+02
  0.1130E+03  0.1835E+02
  0.1140E+03  0.1863E+02
  0.1150E+03  0.1886E+02
  0.1160E+03  0.1901E+02
  0.1170E+03  0.1946E+02
  0.1180E+03  0.1886E+02
  0.1190E+03  0.1947E+02
  0.1200E+03  0.1963E+02
  0.1210E+03  0.1973E+02
  0.1220E+03  0.2011E+02
  0.1230E+03  0.2001E+02
  0.1240E+03  0.2001E+02
  0.1250E+03  0.2012E+02
  0.1260E+03  0.2031E+02
  0.1270E+03  0.2031E+02
  0.1280E+03  0.2076E+02
  0.1290E+03  0.2041E+02
  0.1300E+03  0.2109E+02
  0.1310E+03  0.2067E+02
  0.1320E+03  0.2139E+02
  0.1330E+03  0.2090E+02
  0.1340E+03  0.2154E+02
  0.1350E+03  0.2211E+02
  0.1360E+03  0.2169E+02
  0.1370E+03  0.2235E+02
  0.1380E+03  0.2168E+02
  0.1390E+03  0.2177E+02
  0.1400E+03  0.2276E+02
  0.1410E+03  0.2296E+02
  0.1420E+03  0.2333E+02
  0.1430E+03  0.2314E+02
  0.1440E+03  0.2312E+02
  0.1450E+03  0.2273E+02
  0.1460E+03  0.2372E+02
  0.1470E+03  0.2351E+02
  0.1480E+03  0.2403E+02
  0.1490E+03  0.2481E+02
  0.1500E+03  0.2451E+02
  0.1510E+03  0.2475E+02
  0.1520E+03  0.2508E+02
  0.1530E+03  0.2510E+02
  0.1540E+03  0.2611E+02
  0.1550E+03  0.2622E+02
  0.1560E+03  0.2636E+02
  0.1570E+03  0.2602E+02
  0.1580E+03  0.2654E+02
  0.1590E+03  0.2675E+02
  0.1600E+03  0.2712E+02
  0.1610E+03  0.2684E+02
  0.1620E+03  0.2637E+02
  0.1630E+03  0.2737E+02
  0.1640E+03  0.2783E+02
  0.1650E+03  0.2814E+02
  0.1660E+03  0.2816E+02
  0.1670E+03  0.2809E+02
  0.1680E+03  0.2785E+02
  0.1690E+03  0.2818E+02
  0.1700E+03  0.2889E+02
  0.1710E+03  0.2854E+02
  0.1720E+03  0.2849E+02
  0.1730E+03  0.2841E+02
  0.1740E+03  0.2864E+02
  0.1750E+03  0.2838E+02
  0.1760E+03  0.2769E+02
  0.1770E+03  0.2818E+02
  0.1780E+03  0.2716E+02
  0.1790E+03  0.2653E+02
  0.1800E+03  0.2672E+02
  0.1810E+03  0.2649E+02
  0.1820E+03  0.2592E+02
  0.1830E+03  0.2584E+02
  0.1840E+03  0.2538E+02
  0.1850E+03  0.2433E+02
  0.1860E+03  0.2404E+02
  0.1870E+03  0.2410E+02
  0.1880E+03  0.2302E+02
  0.1890E+03  0.2224E+02
  0.1900E+03  0.2234E+02
  0.1910E+03  0.2168E+02
  0.1920E+03  0.2157E+02
  0.1930E+03  0.2150E+02
  0.1940E+03  0.2066E+02
  0.1950E+03  0.2005E+02
  0.1960E+03  0.2005E+02
  0.1970E+03  0.1972E+02
  0.1980E+03  0.1883E+02
  0.1990E+03  0.1899E+02
  0.2000E+03  0.1835E+02
  0.2010E+03  0.1776E+02
  0.2020E+03  0.1772E+02
  0.2030E+03  0.1710E+02
  0.2040E+03  0.1665E+02
  0.2050E+03  0.1640E+02
  0.2060E+03  0.1656E+02
  0.2070E+03  0.1564E+02
  0.2080E+03  0.1529E+02
  0.2090E+03  0.1564E+02
  0.2100E+03  0.1467E+02
  0.2110E+03  0.1485E+02
  0.2120E+03  0.1478E+02
  0.2130E+03  0.1404E+02
  0.2140E+03  0.1391E+02
  0.2150E+03  0.1361E+02
  0.2160E+03  0.1365E+02
  0.2170E+03  0.1304E+02
  0.2180E+03  0.1331E+02
  0.2190E+03  0.1276E+02
  0.2200E+03  0.1248E+02
  0.2210E+03  0.1215E+02
  0.2220E+03  0.1221E+02
  0.2230E+03  0.1167E+02
  0.2240E+03  0.1196E+02
  0.2250E+03  0.1183E+02
  0.2260E+03  0.1158E+02
  0.2270E+03  0.1100E+02
  0.2280E+03  0.1105E+02
  0.2290E+03  0.1109E+02
  0.2300E+03  0.1111E+02
  0.2310E+03  0.1060E+02
  0.2320E+03  0.1063E+02
  0.2330E+03  0.1008E+02
  0.2340E+03  0.9809E+01
  0.2350E+03  0.9855E+01
  0.2360E+03  0.9716E+01
  0.2370E+03  0.9922E+01
  0.2380E+03  0.9735E+01
  0.2390E+03  0.9662E+01
  0.2400E+03  0.8999E+01
  0.2410E+03  0.9385E+01
  0.2420E+03  0.9181E+01
  0.2430E+03  0.8647E+01
  0.2440E+03  0.8556E+01
  0.2450E+03  0.8662E+01
  0.2460E+03  0.8324E+01
  0.2470E+03  0.8121E+01
  0.2480E+03  0.8130E+01
  0.2490E+03  0.8227E+01
  0.2500E+03  0.8180E+01
  0.2510E+03  0.8101E+01
  0.2520E+03  0.7704E+01
  0.2530E+03  0.7965E+01
  0.2540E+03  0.7697E+01
  0.2550E+03  0.7576E+01
  0.2560E+03  0.7391E+01
  0.2570E+03  0.7118E+01
  0.2580E+03  0.7158E+01
  0.2590E+03  0.7158E+01
  0.2600E+03  0.7101E+01
  0.2610E+03  0.7051E+01
  0.2620E+03  0.7112E+01
  0.2630E+03  0.6557E+01
  0.2640E+03  0.6865E+01
  0.2650E+03  0.6525E+01
  0.2660E+03  0.6837E+01
  0.2670E+03  0.6473E+01
  0.2680E+03  0.6538E+01
  0.2690E+03  0.6197E+01
  0.2700E+03  0.6200E+01
  0.2710E+03  0.6560E+01
  0.2720E+03  0.6174E+01
  0.2730E+03  0.6003E+01
  0.2740E+03  0.6136E+01
  0.2750E+03  0.6051E+01
  0.2760E+03  0.5700E+01
  0.2770E+03  0.5549E+01
  0.2780E+03  0.5400E+01
  0.2790E+03  0.5802E+01
  0.2800E+03  0.5513E+01
  0.2810E+03  0.5329E+01
  0.2820E+03  0.5330E+01
  0.2830E+03  0.5398E+01
  0.2840E+03  0.5583E+01
  0.2850E+03  0.5150E+01
  0.2860E+03  0.5047E+01
  0.2870E+03  0.5154E+01
  0.2880E+03  0.4939E+01
  0.2890E+03  0.4688E+01
  0.2900E+03  0.5183E+01
  0.2910E+03  0.4864E+01
  0.2920E+03  0.4719E+01
  0.2930E+03  0.4645E+01
  0.2940E+03  0.4945E+01
  0.2950E+03  0.4815E+01
  0.2960E+03  0.4916E+01
  0.2970E+03  0.4603E+01
  0.2980E+03  0.4458E+01
  0.2990E+03  0.4466E+01
  0.3000E+03  0.4435E+01
  0.3010E+03  0.4375E+01
  0.3020E+03  0.4295E+01
  0.3030E+03  0.4149E+01
  0.3040E+03  0.4240E+01
  0.3050E+03  0.4360E+01
  0.3060E+03  0.4231E+01
  0.3070E+03  0.3917E+01
  0.3080E+03  0.4053E+01
  0.3090E+03  0.3953E+01
  0.3100E+03  0.3828E+01
  0.3110E+03  0.4007E+01
  0.3120E+03  0.3632E+01
  0.3130E+03  0.3806E+01
  0.3140E+03  0.3785E+01
  0.3150E+03  0.3793E+01
  0.3160E+03  0.3840E+01
  0.3170E+03  0.3778E+01
  0.3180E+03  0.3634E+01
  0.3190E+03  0.3490E+01
  0.3200E+03  0.3397E+01
  0.3210E+03  0.3744E+01
  0.3220E+03  0.3364E+01
  0.3230E+03  0.3361E+01
  0.3240E+03  0.3640E+01
  0.3250E+03  0.3440E+01
  0.3260E+03  0.3110E+01
  0.3270E+03  0.3081E+01
  0.3280E+03  0.3363E+01
  0.3290E+03  0.3172E+01
  0.3300E+03  0.3209E+01
  0.3310E+03  0.2923E+01
  0.3320E+03  0.3171E+01
  0.3330E+03  0.2957E+01
  0.3340E+03  0.2922E+01
  0.3350E+03  0.3174E+01
  0.3360E+03  0.3103E+01
  0.3370E+03  0.3075E+01
  0.3380E+03  0.3035E+01
  0.3390E+03  0.2704E+01
  0.3400E+03  0.2845E+01
  0.3410E+03  0.2713E+01
  0.3420E+03  0.2634E+01
  0.3430E+03  0.2823E+01
  0.3440E+03  0.2632E+01
  0.3450E+03  0.2778E+01
  0.3460E+03  0.2549E+01
  0.3470E+03  0.2595E+01
  0.3480E+03  0.2872E+01
  0.3490E+03  0.2865E+01
  0.3500E+03  0.2436E+01
  0.3510E+03  0.2638E+01
  0.3520E+03  0.2468E+01
  0.3530E+03  0.2417E+01
  0.3540E+03  0.2314E+01
  0.3550E+03  0.2658E+01
  0.3560E+03  0.2399E+01
  0.3570E+03  0.2340E+01
  0.3580E+03  0.2453E+01
  0.3590E+03  0.2305E+01
  0.3600E+03  0.2317E+01
  0.3610E+03  0.2291E+01
  0.3620E+03  0.2243E+01
  0.3630E+03  0.2228E+01
  0.3640E+03  0.2211E+01
  0.3650E+03  0.2161E+01
  0.3660E+03  0.2114E+01
  0.3670E+03  0.2070E+01
  0.3680E+03  0.1780E+01
  0.3690E+03  0.2186E+01
  0.3700E+03  0.2154E+01
  0.3710E+03  0.1991E+01
  0.3720E+03  0.1920E+01
  0.3730E+03  0.1894E+01
  0.3740E+03  0.2054E+01
  0.3750E+03  0.2076E+01
  0.3760E+03  0.1930E+01
  0.3770E+03  0.1912E+01
  0.3780E+03  0.1975E+01
  0.3790E+03  0.1720E+01
  0.3800E+03  0.1877E+01
  0.3810E+03  0.1918E+01
  0.3820E+03  0.1699E+01
  0.3830E+03  0.1717E+01
  0.3840E+03  0.1648E+01
  0.3850E+03  0.1663E+01
  0.3860E+03  0.1661E+01
  0.3870E+03  0.1612E+01
  0.3880E+03  0.1766E+01
  0.3890E+03  0.1807E+01
  0.3900E+03  0.1666E+01
  0.3910E+03  0.1614E+01
  0.3920E+03  0.1635E+01
  0.3930E+03  0.1658E+01
  0.3940E+03  0.1650E+01
  0.3950E+03  0.1628E+01
  0.3960E+03  0.1693E+01
  0.3970E+03  0.1523E+01
  0.3980E+03  0.1485E+01
  0.3990E+03  0.1465E+01
  0.4000E+03  0.1397E+01
  0.4010E+03  0.1529E+01
  0.4020E+03  0.1572E+01
  0.4030E+03  0.1400E+01
  0.4040E+03  0.1407E+01
  0.4050E+03  0.1480E+01
  0.4060E+03  0.1400E+01
  0.4070E+03  0.1263E+01
  0.4080E+03  0.1337E+01
  0.4090E+03  0.1319E+01
  0.4100E+03  0.1255E+01
  0.4110E+03  0.1329E+01
  0.4120E+03  0.1292E+01
  0.4130E+03  0.1454E+01
  0.4140E+03  0.1279E+01
  0.4150E+03  0.1272E+01
  0.4160E+03  0.1247E+01
  0.4170E+03  0.1337E+01
  0.4180E+03  0.1114E+01
  0.4190E+03  0.1098E+01
  0.4200E+03  0.1263E+01
  0.4210E+03  0.1231E+01
  0.4220E+03  0.1170E+01
  0.4230E+03  0.1086E+01
  0.4240E+03  0.1018E+01
  0.4250E+03  0.1061E+01
  0.4260E+03  0.1030E+01
  0.4270E+03  0.1067E+01
  0.4280E+03  0.1143E+01
  0.4290E+03  0.9241E+00
  0.4300E+03  0.1050E+01
  0.4310E+03  0.1106E+01
  0.4320E+03  0.9927E+00
  0.4330E+03  0.9633E+00
  0.4340E+03  0.9170E+00
  0.4350E+03  0.1070E+01
  0.4360E+03  0.1174E+01
  0.4370E+03  0.1020E+01
  0.4380E+03  0.8533E+00
  0.4390E+03  0.9572E+00
  0.4400E+03  0.9660E+00
  0.4410E+03  0.9158E+00
  0.4420E+03  0.9194E+00
  0.4430E+03  0.8634E+00
  0.4440E+03  0.7526E+00
  0.4450E+03  0.8261E+00
  0.4460E+03  0.8239E+00
  0.4470E+03  0.8494E+00
  0.4480E+03  0.6967E+00
  0.4490E+03  0.8660E+00
  0.4500E+03  0.8197E+00
  0.4510E+03  0.6882E+00
  0.4520E+03  0.8368E+00
  0.4530E+03  0.7766E+00
  0.4540E+03  0.7512E+00
  0.4550E+03  0.7264E+00
  0.4560E+03  0.6404E+00
  0.4570E+03  0.6677E+00
  0.4580E+03  0.6997E+00
  0.4590E+03  0.6038E+00
  0.4600E+03  0.6868E+00
  0.4610E+03  0.6896E+00
  0.4620E+03  0.7206E+00
  0.4630E+03  0.6752E+00
  0.4640E+03  0.6096E+00
  0.4650E+03  0.5438E+00
  0.4660E+03  0.6090E+00
  0.4670E+03  0.7703E+00
  0.4680E+03  0.6440E+00
  0.4690E+03  0.6380E+00
  0.4700E+03  0.5616E+00
  0.4710E+03  0.6887E+00
  0.4720E+03  0.7111E+00
  0.4730E+03  0.6176E+00
  0.4740E+03  0.6186E+00
  0.4750E+03  0.5649E+00
  0.4760E+03  0.6286E+00
  0.4770E+03  0.5644E+00
  0.4780E+03  0.4598E+00
  0.4790E+03  0.4821E+00
  0.4800E+03  0.4901E+00
  0.4810E+03  0.5154E+00
  0.4820E+03  0.5529E+00
  0.4830E+03  0.5638E+00
  0.4840E+03  0.4581E+00
  0.4850E+03  0.5350E+00
  0.4860E+03  0.4935E+00
  0.4870E+03  0.4347E+00
  0.4880E+03  0.5751E+00
  0.4890E+03  0.5556E+00
  0.4900E+03  0.5058E+00
  0.4910E+03  0.3580E+00
  0.4920E+03  0.4303E+00
  0.4930E+03  0.3439E+00
  0.4940E+03  0.4203E+00
  0.4950E+03  0.3915E+00
  0.4960E+03  0.4220E+00
  0.4970E+03  0.4523E+00
  0.4980E+03  0.4178E+00
  0.4990E+03  0.4711E+00
  0.5000E+03  0.4800E+00
  0.5010E+03  0.4280E+00
  0.5020E+03  0.3591E+00
  0.5030E+03  0.3849E+00
  0.5040E+03  0.3673E+00
  0.5050E+03  0.3178E+00
  0.5060E+03  0.3390E+00
  0.5070E+03  0.2661E+00
  0.5080E+03  0.3400E+00
  0.5090E+03  0.2929E+00
  0.5100E+03  0.2744E+00
  0.5110E+03  0.0000E+00
  0.5120E+03  0.0000E+00
