  0.1000E+01  0.1265E+01
  0.2000E+01  0.1373E+01
  0.3000E+01  0.1413E+01
  0.4000E+01  0.1382E+01
  0.5000E+01  0.1336E+01
  0.6000E+01  0.1315E+01
  0.7000E+01  0.1302E+01
  0.8000E+01  0.1217E+01
  0.9000E+01  0.1183E+01
  0.1000E+02  0.1122E+01
  0.1100E+02  0.1089E+01
  0.1200E+02  0.1008E+01
  0.1300E+02  0.9712E+00
  0.1400E+02  0.9155E+00
  0.1500E+02  0.8511E+00
  0.1600E+02  0.7910E+00
  0.1700E+02  0.7278E+00
  0.1800E+02  0.7052E+00
  0.1900E+02  0.6517E+00
  0.2000E+02  0.6252E+00
  0.2100E+02  0.5838E+00
  0.2200E+02  0.5373E+00
  0.2300E+02  0.4856E+00
  0.2400E+02  0.4781E+00
  0.2500E+02  0.4457E+00
  0.2600E+02  0.4046E+00
  0.2700E+02  0.3886E+00
  0.2800E+02  0.3623E+00
  0.2900E+02  0.3304E+00
  0.3000E+02  0.3043E+00
  0.3100E+02  0.2820E+00
  0.3200E+02  0.2605E+00
  0.3300E+02  0.2436E+00
  0.3400E+02  0.2221E+00
  0.3500E+02  0.2206E+00
  0.3600E+02  0.2069E+00
  0.3700E+02  0.1883E+00
  0.3800E+02  0.1849E+00
  0.3900E+02  0.1808E+00
  0.4000E+02  0.1791E+00
  0.4100E+02  0.1794E+00
  0.4200E+02  0.1862E+00
  0.4300E+02  0.1827E+00
  0.4400E+02  0.2082E+00
  0.4500E+02  0.2124E+00
  0.4600E+02  0.2356E+00
  0.4700E+02  0.2501E+00
  0.4800E+02  0.2740E+00
  0.4900E+02  0.2977E+00
  0.5000E+02  0.3240E+00
  0.5100E+02  0.3504E+00
  0.5200E+02  0.3918E+00
  0.5300E+02  0.4414E+00
  0.5400E+02  0.4727E+00
  0.5500E+02  0.5360E+00
  0.5600E+02  0.5545E+00
  0.5700E+02  0.6084E+00
  0.5800E+02  0.6495E+00
  0.5900E+02  0.6950E+00
  0.6000E+02  0.7257E+00
  0.6100E+02  0.7693E+00
  0.6200E+02  0.7858E+00
  0.6300E+02  0.8325E+00
  0.6400E+02  0.8633E+00
  0.6500E+02  0.8805E+00
  0.6600E+02  0.8925E+00
  0.6700E+02  0.9522E+00
  0.6800E+02  0.9667E+00
  0.6900E+02  0.9807E+00
  0.7000E+02  0.1017E+01
  0.7100E+02  0.1038E+01
  0.7200E+02  0.1051E+01
  0.7300E+02  0.1065E+01
  0.7400E+02  0.1080E+01
  0.7500E+02  0.1112E+01
  0.7600E+02  0.1126E+01
  0.7700E+02  0.1123E+01
  0.7800E+02  0.1170E+01
  0.7900E+02  0.1185E+01
  0.8000E+02  0.1255E+01
  0.8100E+02  0.1298E+01
  0.8200E+02  0.1316E+01
  0.8300E+02  0.1354E+01
  0.8400E+02  0.1458E+01
  0.8500E+02  0.1496E+01
  0.8600E+02  0.1587E+01
  0.8700E+02  0.1638E+01
  0.8800E+02  0.1751E+01
  0.8900E+02  0.1850E+01
  0.9000E+02  0.1937E+01
  0.9100E+02  0.2098E+01
  0.9200E+02  0.2243E+01
  0.9300E+02  0.2477E+01
  0.9400E+02  0.2669E+01
  0.9500E+02  0.2919E+01
  0.9600E+02  0.3194E+01
  0.9700E+02  0.3409E+01
  0.9800E+02  0.3667E+01
  0.9900E+02  0.3888E+01
  0.1000E+03  0.4016E+01
  0.1010E+03  0.4124E+01
  0.1020E+03  0.4143E+01
  0.1030E+03  0.4177E+01
  0.1040E+03  0.4060E+01
  0.1050E+03  0.3891E+01
  0.1060E+03  0.3747E+01
  0.1070E+03  0.3521E+01
  0.1080E+03  0.3406E+01
  0.1090E+03  0.3107E+01
  0.1100E+03  0.2855E+01
  0.1110E+03  0.2669E+01
  0.1120E+03  0.2433E+01
  0.1130E+03  0.2185E+01
  0.1140E+03  0.1991E+01
  0.1150E+03  0.1812E+01
  0.1160E+03  0.1604E+01
  0.1170E+03  0.1470E+01
  0.1180E+03  0.1320E+01
  0.1190E+03  0.1202E+01
  0.1200E+03  0.1067E+01
  0.1210E+03  0.9703E+00
  0.1220E+03  0.8690E+00
  0.1230E+03  0.8490E+00
  0.1240E+03  0.8021E+00
  0.1250E+03  0.7652E+00
  0.1260E+03  0.7325E+00
  0.1270E+03  0.7198E+00
  0.1280E+03  0.7188E+00
  0.1290E+03  0.6789E+00
  0.1300E+03  0.6656E+00
  0.1310E+03  0.6329E+00
  0.1320E+03  0.5844E+00
  0.1330E+03  0.5643E+00
  0.1340E+03  0.5133E+00
  0.1350E+03  0.4818E+00
  0.1360E+03  0.4230E+00
  0.1370E+03  0.3766E+00
  0.1380E+03  0.3419E+00
  0.1390E+03  0.3009E+00
  0.1400E+03  0.2784E+00
  0.1410E+03  0.2429E+00
  0.1420E+03  0.2308E+00
  0.1430E+03  0.2181E+00
  0.1440E+03  0.1992E+00
  0.1450E+03  0.1860E+00
  0.1460E+03  0.1769E+00
  0.1470E+03  0.1759E+00
  0.1480E+03  0.1655E+00
  0.1490E+03  0.1563E+00
  0.1500E+03  0.1542E+00
  0.1510E+03  0.1543E+00
  0.1520E+03  0.1517E+00
  0.1530E+03  0.1547E+00
  0.1540E+03  0.1545E+00
  0.1550E+03  0.1401E+00
  0.1560E+03  0.1540E+00
  0.1570E+03  0.1473E+00
  0.1580E+03  0.1386E+00
  0.1590E+03  0.1421E+00
  0.1600E+03  0.1481E+00
  0.1610E+03  0.1468E+00
  0.1620E+03  0.1589E+00
  0.1630E+03  0.1429E+00
  0.1640E+03  0.1516E+00
  0.1650E+03  0.1576E+00
  0.1660E+03  0.1478E+00
  0.1670E+03  0.1684E+00
  0.1680E+03  0.1647E+00
  0.1690E+03  0.1642E+00
  0.1700E+03  0.1685E+00
  0.1710E+03  0.1700E+00
  0.1720E+03  0.1701E+00
  0.1730E+03  0.1666E+00
  0.1740E+03  0.1791E+00
  0.1750E+03  0.1830E+00
  0.1760E+03  0.1795E+00
  0.1770E+03  0.1819E+00
  0.1780E+03  0.1886E+00
  0.1790E+03  0.1851E+00
  0.1800E+03  0.1795E+00
  0.1810E+03  0.1822E+00
  0.1820E+03  0.1905E+00
  0.1830E+03  0.1830E+00
  0.1840E+03  0.1854E+00
  0.1850E+03  0.1711E+00
  0.1860E+03  0.1663E+00
  0.1870E+03  0.1666E+00
  0.1880E+03  0.1783E+00
  0.1890E+03  0.1563E+00
  0.1900E+03  0.1630E+00
  0.1910E+03  0.1643E+00
  0.1920E+03  0.1555E+00
  0.1930E+03  0.1591E+00
  0.1940E+03  0.1583E+00
  0.1950E+03  0.1442E+00
  0.1960E+03  0.1415E+00
  0.1970E+03  0.1396E+00
  0.1980E+03  0.1404E+00
  0.1990E+03  0.1432E+00
  0.2000E+03  0.1446E+00
  0.2010E+03  0.1311E+00
  0.2020E+03  0.1354E+00
  0.2030E+03  0.1286E+00
  0.2040E+03  0.1299E+00
  0.2050E+03  0.1296E+00
  0.2060E+03  0.1224E+00
  0.2070E+03  0.1176E+00
  0.2080E+03  0.1160E+00
  0.2090E+03  0.1177E+00
  0.2100E+03  0.1151E+00
  0.2110E+03  0.1117E+00
  0.2120E+03  0.1044E+00
  0.2130E+03  0.1142E+00
  0.2140E+03  0.1030E+00
  0.2150E+03  0.1046E+00
  0.2160E+03  0.9993E-01
  0.2170E+03  0.1010E+00
  0.2180E+03  0.8923E-01
  0.2190E+03  0.9041E-01
  0.2200E+03  0.9168E-01
  0.2210E+03  0.7982E-01
  0.2220E+03  0.9204E-01
  0.2230E+03  0.9303E-01
  0.2240E+03  0.8243E-01
  0.2250E+03  0.8846E-01
  0.2260E+03  0.7890E-01
  0.2270E+03  0.7897E-01
  0.2280E+03  0.8258E-01
  0.2290E+03  0.7932E-01
  0.2300E+03  0.7060E-01
  0.2310E+03  0.6988E-01
  0.2320E+03  0.6462E-01
  0.2330E+03  0.6383E-01
  0.2340E+03  0.6987E-01
  0.2350E+03  0.6092E-01
  0.2360E+03  0.5828E-01
  0.2370E+03  0.6365E-01
  0.2380E+03  0.5649E-01
  0.2390E+03  0.6181E-01
  0.2400E+03  0.5762E-01
  0.2410E+03  0.5206E-01
  0.2420E+03  0.4908E-01
  0.2430E+03  0.4883E-01
  0.2440E+03  0.5100E-01
  0.2450E+03  0.4999E-01
  0.2460E+03  0.4115E-01
  0.2470E+03  0.4300E-01
  0.2480E+03  0.4966E-01
  0.2490E+03  0.4084E-01
  0.2500E+03  0.3907E-01
  0.2510E+03  0.3848E-01
  0.2520E+03  0.3799E-01
  0.2530E+03  0.4219E-01
  0.2540E+03  0.3627E-01
  0.2550E+03  0.4154E-01
  0.2560E+03  0.3548E-01
  0.2570E+03  0.3626E-01
  0.2580E+03  0.3294E-01
  0.2590E+03  0.3602E-01
  0.2600E+03  0.3040E-01
  0.2610E+03  0.3503E-01
  0.2620E+03  0.2634E-01
  0.2630E+03  0.2873E-01
  0.2640E+03  0.3040E-01
  0.2650E+03  0.2868E-01
  0.2660E+03  0.2858E-01
  0.2670E+03  0.2898E-01
  0.2680E+03  0.2490E-01
  0.2690E+03  0.2743E-01
  0.2700E+03  0.2425E-01
  0.2710E+03  0.2403E-01
  0.2720E+03  0.2331E-01
  0.2730E+03  0.2374E-01
  0.2740E+03  0.2607E-01
  0.2750E+03  0.2143E-01
  0.2760E+03  0.2232E-01
  0.2770E+03  0.2349E-01
  0.2780E+03  0.2155E-01
  0.2790E+03  0.2063E-01
  0.2800E+03  0.2266E-01
  0.2810E+03  0.2184E-01
  0.2820E+03  0.2235E-01
  0.2830E+03  0.1959E-01
  0.2840E+03  0.2163E-01
  0.2850E+03  0.2039E-01
  0.2860E+03  0.2157E-01
  0.2870E+03  0.1929E-01
  0.2880E+03  0.2025E-01
  0.2890E+03  0.2058E-01
  0.2900E+03  0.2043E-01
  0.2910E+03  0.2136E-01
  0.2920E+03  0.2230E-01
  0.2930E+03  0.1844E-01
  0.2940E+03  0.2189E-01
  0.2950E+03  0.1877E-01
  0.2960E+03  0.1844E-01
  0.2970E+03  0.1868E-01
  0.2980E+03  0.2013E-01
  0.2990E+03  0.1863E-01
  0.3000E+03  0.2208E-01
  0.3010E+03  0.1732E-01
  0.3020E+03  0.1662E-01
  0.3030E+03  0.1864E-01
  0.3040E+03  0.1823E-01
  0.3050E+03  0.1783E-01
  0.3060E+03  0.1720E-01
  0.3070E+03  0.1629E-01
  0.3080E+03  0.1998E-01
  0.3090E+03  0.1994E-01
  0.3100E+03  0.1520E-01
  0.3110E+03  0.2030E-01
  0.3120E+03  0.1557E-01
  0.3130E+03  0.1727E-01
  0.3140E+03  0.1659E-01
  0.3150E+03  0.1696E-01
  0.3160E+03  0.1754E-01
  0.3170E+03  0.1627E-01
  0.3180E+03  0.2040E-01
  0.3190E+03  0.1763E-01
  0.3200E+03  0.1936E-01
  0.3210E+03  0.1641E-01
  0.3220E+03  0.1558E-01
  0.3230E+03  0.1563E-01
  0.3240E+03  0.1865E-01
  0.3250E+03  0.1775E-01
  0.3260E+03  0.1586E-01
  0.3270E+03  0.1076E-01
  0.3280E+03  0.2144E-01
  0.3290E+03  0.1327E-01
  0.3300E+03  0.1591E-01
  0.3310E+03  0.1754E-01
  0.3320E+03  0.1576E-01
  0.3330E+03  0.1693E-01
  0.3340E+03  0.1607E-01
  0.3350E+03  0.1545E-01
  0.3360E+03  0.9314E-02
  0.3370E+03  0.1707E-01
  0.3380E+03  0.1644E-01
  0.3390E+03  0.1749E-01
  0.3400E+03  0.1713E-01
  0.3410E+03  0.1426E-01
  0.3420E+03  0.1752E-01
  0.3430E+03  0.1219E-01
  0.3440E+03  0.1485E-01
  0.3450E+03  0.1315E-01
  0.3460E+03  0.1777E-01
  0.3470E+03  0.1261E-01
  0.3480E+03  0.1412E-01
  0.3490E+03  0.1327E-01
  0.3500E+03  0.1227E-01
  0.3510E+03  0.1448E-01
  0.3520E+03  0.1393E-01
  0.3530E+03  0.1242E-01
  0.3540E+03  0.1486E-01
  0.3550E+03  0.1171E-01
  0.3560E+03  0.1376E-01
  0.3570E+03  0.1277E-01
  0.3580E+03  0.1317E-01
  0.3590E+03  0.1217E-01
  0.3600E+03  0.1200E-01
  0.3610E+03  0.1009E-01
  0.3620E+03  0.1124E-01
  0.3630E+03  0.1547E-01
  0.3640E+03  0.1139E-01
  0.3650E+03  0.1218E-01
  0.3660E+03  0.1089E-01
  0.3670E+03  0.1044E-01
  0.3680E+03  0.1131E-01
  0.3690E+03  0.9294E-02
  0.3700E+03  0.1216E-01
  0.3710E+03  0.1030E-01
  0.3720E+03  0.1126E-01
  0.3730E+03  0.1562E-01
  0.3740E+03  0.1425E-01
  0.3750E+03  0.1175E-01
  0.3760E+03  0.1166E-01
  0.3770E+03  0.9340E-02
  0.3780E+03  0.1042E-01
  0.3790E+03  0.9605E-02
  0.3800E+03  0.1048E-01
  0.3810E+03  0.9339E-02
  0.3820E+03  0.9697E-02
  0.3830E+03  0.9913E-02
  0.3840E+03  0.1160E-01
  0.3850E+03  0.8990E-02
  0.3860E+03  0.8354E-02
  0.3870E+03  0.1104E-01
  0.3880E+03  0.1125E-01
  0.3890E+03  0.7992E-02
  0.3900E+03  0.9081E-02
  0.3910E+03  0.9008E-02
  0.3920E+03  0.8560E-02
  0.3930E+03  0.8729E-02
  0.3940E+03  0.8396E-02
  0.3950E+03  0.9693E-02
  0.3960E+03  0.8351E-02
  0.3970E+03  0.7730E-02
  0.3980E+03  0.1243E-01
  0.3990E+03  0.8663E-02
  0.4000E+03  0.8196E-02
  0.4010E+03  0.8162E-02
  0.4020E+03  0.8542E-02
  0.4030E+03  0.9523E-02
  0.4040E+03  0.7194E-02
  0.4050E+03  0.8657E-02
  0.4060E+03  0.7678E-02
  0.4070E+03  0.8607E-02
  0.4080E+03  0.5983E-02
  0.4090E+03  0.9726E-02
  0.4100E+03  0.9431E-02
  0.4110E+03  0.7739E-02
  0.4120E+03  0.5829E-02
  0.4130E+03  0.1020E-01
  0.4140E+03  0.9085E-02
  0.4150E+03  0.6477E-02
  0.4160E+03  0.6044E-02
  0.4170E+03  0.5613E-02
  0.4180E+03  0.7855E-02
  0.4190E+03  0.8468E-02
  0.4200E+03  0.6367E-02
  0.4210E+03  0.6851E-02
  0.4220E+03  0.7566E-02
  0.4230E+03  0.6572E-02
  0.4240E+03  0.7407E-02
  0.4250E+03  0.5705E-02
  0.4260E+03  0.6716E-02
  0.4270E+03  0.6036E-02
  0.4280E+03  0.8792E-02
  0.4290E+03  0.6683E-02
  0.4300E+03  0.5099E-02
  0.4310E+03  0.4476E-02
  0.4320E+03  0.7052E-02
  0.4330E+03  0.5995E-02
  0.4340E+03  0.6371E-02
  0.4350E+03  0.5748E-02
  0.4360E+03  0.8586E-02
  0.4370E+03  0.6977E-02
  0.4380E+03  0.5321E-02
  0.4390E+03  0.4698E-02
  0.4400E+03  0.5857E-02
  0.4410E+03  0.4675E-02
  0.4420E+03  0.5429E-02
  0.4430E+03  0.5356E-02
  0.4440E+03  0.5005E-02
  0.4450E+03  0.3529E-02
  0.4460E+03  0.5011E-02
  0.4470E+03  0.7167E-02
  0.4480E+03  0.4657E-02
  0.4490E+03  0.4098E-02
  0.4500E+03  0.3624E-02
  0.4510E+03  0.4195E-02
  0.4520E+03  0.4999E-02
  0.4530E+03  0.5694E-02
  0.4540E+03  0.4374E-02
  0.4550E+03  0.5886E-02
  0.4560E+03  0.4469E-02
  0.4570E+03  0.5751E-02
  0.4580E+03  0.4698E-02
  0.4590E+03  0.5290E-02
  0.4600E+03  0.4237E-02
  0.4610E+03  0.4250E-02
  0.4620E+03  0.4722E-02
  0.4630E+03  0.3149E-02
  0.4640E+03  0.3986E-02
  0.4650E+03  0.3812E-02
  0.4660E+03  0.3804E-02
  0.4670E+03  0.4582E-02
  0.4680E+03  0.5151E-02
  0.4690E+03  0.4666E-02
  0.4700E+03  0.3139E-02
  0.4710E+03  0.2489E-02
  0.4720E+03  0.4017E-02
  0.4730E+03  0.4704E-02
  0.4740E+03  0.5151E-02
  0.4750E+03  0.3298E-02
  0.4760E+03  0.3537E-02
  0.4770E+03  0.4711E-02
  0.4780E+03  0.2439E-02
  0.4790E+03  0.4167E-02
  0.4800E+03  0.3638E-02
  0.4810E+03  0.3659E-02
  0.4820E+03  0.4253E-02
  0.4830E+03  0.4360E-02
  0.4840E+03  0.2335E-02
  0.4850E+03  0.2782E-02
  0.4860E+03  0.3622E-02
  0.4870E+03  0.3462E-02
  0.4880E+03  0.2943E-02
  0.4890E+03  0.3491E-02
  0.4900E+03  0.3464E-02
  0.4910E+03  0.4537E-02
  0.4920E+03  0.3392E-02
  0.4930E+03  0.3233E-02
  0.4940E+03  0.4123E-02
  0.4950E+03  0.2872E-02
  0.4960E+03  0.3703E-02
  0.4970E+03  0.5551E-02
  0.4980E+03  0.4207E-02
  0.4990E+03  0.3691E-02
  0.5000E+03  0.3325E-02
  0.5010E+03  0.3252E-02
  0.5020E+03  0.3968E-02
  0.5030E+03  0.4727E-02
  0.5040E+03  0.2250E-02
  0.5050E+03  0.2623E-02
  0.5060E+03  0.3497E-02
  0.5070E+03  0.2970E-02
  0.5080E+03  0.3954E-02
  0.5090E+03  0.2076E-02
  0.5100E+03  0.3695E-02
  0.5110E+03  0.0000E+00
  0.5120E+03  0.0000E+00
