  0.1000E+01  0.3310E+00
  0.2000E+01  0.7996E+00
  0.3000E+01  0.4879E+00
  0.4000E+01  0.2282E+00
  0.5000E+01  0.1891E+00
  0.6000E+01  0.1643E+00
  0.7000E+01  0.1741E+00
  0.8000E+01  0.1664E+00
  0.9000E+01  0.1782E+00
  0.1000E+02  0.1927E+00
  0.1100E+02  0.2210E+00
  0.1200E+02  0.2472E+00
  0.1300E+02  0.2704E+00
  0.1400E+02  0.3062E+00
  0.1500E+02  0.3375E+00
  0.1600E+02  0.3892E+00
  0.1700E+02  0.4596E+00
  0.1800E+02  0.6830E+00
  0.1900E+02  0.1360E+01
  0.2000E+02  0.3273E+01
  0.2100E+02  0.7687E+01
  0.2200E+02  0.1614E+02
  0.2300E+02  0.2931E+02
  0.2400E+02  0.4570E+02
  0.2500E+02  0.6144E+02
  0.2600E+02  0.7094E+02
  0.2700E+02  0.7090E+02
  0.2800E+02  0.6204E+02
  0.2900E+02  0.4881E+02
  0.3000E+02  0.3543E+02
  0.3100E+02  0.2456E+02
  0.3200E+02  0.1629E+02
  0.3300E+02  0.1034E+02
  0.3400E+02  0.6269E+01
  0.3500E+02  0.3809E+01
  0.3600E+02  0.2609E+01
  0.3700E+02  0.2114E+01
  0.3800E+02  0.1982E+01
  0.3900E+02  0.2006E+01
  0.4000E+02  0.2061E+01
  0.4100E+02  0.2120E+01
  0.4200E+02  0.2195E+01
  0.4300E+02  0.2265E+01
  0.4400E+02  0.2326E+01
  0.4500E+02  0.2397E+01
  0.4600E+02  0.2462E+01
  0.4700E+02  0.2532E+01
  0.4800E+02  0.2643E+01
  0.4900E+02  0.2767E+01
  0.5000E+02  0.2948E+01
  0.5100E+02  0.3203E+01
  0.5200E+02  0.3422E+01
  0.5300E+02  0.3769E+01
  0.5400E+02  0.4205E+01
  0.5500E+02  0.4653E+01
  0.5600E+02  0.5178E+01
  0.5700E+02  0.5833E+01
  0.5800E+02  0.6553E+01
  0.5900E+02  0.7315E+01
  0.6000E+02  0.8105E+01
  0.6100E+02  0.8899E+01
  0.6200E+02  0.9838E+01
  0.6300E+02  0.1070E+02
  0.6400E+02  0.1166E+02
  0.6500E+02  0.1267E+02
  0.6600E+02  0.1364E+02
  0.6700E+02  0.1472E+02
  0.6800E+02  0.1583E+02
  0.6900E+02  0.1700E+02
  0.7000E+02  0.1818E+02
  0.7100E+02  0.1928E+02
  0.7200E+02  0.2039E+02
  0.7300E+02  0.2147E+02
  0.7400E+02  0.2238E+02
  0.7500E+02  0.2333E+02
  0.7600E+02  0.2398E+02
  0.7700E+02  0.2467E+02
  0.7800E+02  0.2514E+02
  0.7900E+02  0.2557E+02
  0.8000E+02  0.2587E+02
  0.8100E+02  0.2615E+02
  0.8200E+02  0.2642E+02
  0.8300E+02  0.2658E+02
  0.8400E+02  0.2678E+02
  0.8500E+02  0.2702E+02
  0.8600E+02  0.2715E+02
  0.8700E+02  0.2750E+02
  0.8800E+02  0.2783E+02
  0.8900E+02  0.2832E+02
  0.9000E+02  0.2885E+02
  0.9100E+02  0.2937E+02
  0.9200E+02  0.3016E+02
  0.9300E+02  0.3108E+02
  0.9400E+02  0.3210E+02
  0.9500E+02  0.3322E+02
  0.9600E+02  0.3446E+02
  0.9700E+02  0.3562E+02
  0.9800E+02  0.3667E+02
  0.9900E+02  0.3767E+02
  0.1000E+03  0.3850E+02
  0.1010E+03  0.3900E+02
  0.1020E+03  0.3919E+02
  0.1030E+03  0.3928E+02
  0.1040E+03  0.3906E+02
  0.1050E+03  0.3856E+02
  0.1060E+03  0.3776E+02
  0.1070E+03  0.3724E+02
  0.1080E+03  0.3658E+02
  0.1090E+03  0.3570E+02
  0.1100E+03  0.3501E+02
  0.1110E+03  0.3430E+02
  0.1120E+03  0.3354E+02
  0.1130E+03  0.3285E+02
  0.1140E+03  0.3230E+02
  0.1150E+03  0.3173E+02
  0.1160E+03  0.3122E+02
  0.1170E+03  0.3069E+02
  0.1180E+03  0.3027E+02
  0.1190E+03  0.2995E+02
  0.1200E+03  0.2961E+02
  0.1210E+03  0.2928E+02
  0.1220E+03  0.2908E+02
  0.1230E+03  0.2872E+02
  0.1240E+03  0.2860E+02
  0.1250E+03  0.2845E+02
  0.1260E+03  0.2817E+02
  0.1270E+03  0.2811E+02
  0.1280E+03  0.2797E+02
  0.1290E+03  0.2791E+02
  0.1300E+03  0.2783E+02
  0.1310E+03  0.2780E+02
  0.1320E+03  0.2786E+02
  0.1330E+03  0.2772E+02
  0.1340E+03  0.2777E+02
  0.1350E+03  0.2779E+02
  0.1360E+03  0.2783E+02
  0.1370E+03  0.2783E+02
  0.1380E+03  0.2789E+02
  0.1390E+03  0.2799E+02
  0.1400E+03  0.2809E+02
  0.1410E+03  0.2813E+02
  0.1420E+03  0.2818E+02
  0.1430E+03  0.2820E+02
  0.1440E+03  0.2821E+02
  0.1450E+03  0.2821E+02
  0.1460E+03  0.2812E+02
  0.1470E+03  0.2783E+02
  0.1480E+03  0.2773E+02
  0.1490E+03  0.2716E+02
  0.1500E+03  0.2670E+02
  0.1510E+03  0.2613E+02
  0.1520E+03  0.2532E+02
  0.1530E+03  0.2424E+02
  0.1540E+03  0.2319E+02
  0.1550E+03  0.2176E+02
  0.1560E+03  0.2036E+02
  0.1570E+03  0.1882E+02
  0.1580E+03  0.1708E+02
  0.1590E+03  0.1542E+02
  0.1600E+03  0.1371E+02
  0.1610E+03  0.1205E+02
  0.1620E+03  0.1043E+02
  0.1630E+03  0.8898E+01
  0.1640E+03  0.7491E+01
  0.1650E+03  0.6113E+01
  0.1660E+03  0.5043E+01
  0.1670E+03  0.4042E+01
  0.1680E+03  0.3249E+01
  0.1690E+03  0.2526E+01
  0.1700E+03  0.1962E+01
  0.1710E+03  0.1516E+01
  0.1720E+03  0.1186E+01
  0.1730E+03  0.9369E+00
  0.1740E+03  0.7382E+00
  0.1750E+03  0.5831E+00
  0.1760E+03  0.4811E+00
  0.1770E+03  0.4160E+00
  0.1780E+03  0.3562E+00
  0.1790E+03  0.3235E+00
  0.1800E+03  0.2967E+00
  0.1810E+03  0.2877E+00
  0.1820E+03  0.2780E+00
  0.1830E+03  0.2691E+00
  0.1840E+03  0.2556E+00
  0.1850E+03  0.2611E+00
  0.1860E+03  0.2551E+00
  0.1870E+03  0.2511E+00
  0.1880E+03  0.2398E+00
  0.1890E+03  0.2347E+00
  0.1900E+03  0.2387E+00
  0.1910E+03  0.2286E+00
  0.1920E+03  0.2258E+00
  0.1930E+03  0.2277E+00
  0.1940E+03  0.2265E+00
  0.1950E+03  0.2203E+00
  0.1960E+03  0.2161E+00
  0.1970E+03  0.2138E+00
  0.1980E+03  0.2058E+00
  0.1990E+03  0.2094E+00
  0.2000E+03  0.2075E+00
  0.2010E+03  0.1975E+00
  0.2020E+03  0.1983E+00
  0.2030E+03  0.1966E+00
  0.2040E+03  0.1857E+00
  0.2050E+03  0.1915E+00
  0.2060E+03  0.1828E+00
  0.2070E+03  0.1788E+00
  0.2080E+03  0.1778E+00
  0.2090E+03  0.1791E+00
  0.2100E+03  0.1809E+00
  0.2110E+03  0.1739E+00
  0.2120E+03  0.1705E+00
  0.2130E+03  0.1706E+00
  0.2140E+03  0.1710E+00
  0.2150E+03  0.1638E+00
  0.2160E+03  0.1645E+00
  0.2170E+03  0.1609E+00
  0.2180E+03  0.1554E+00
  0.2190E+03  0.1586E+00
  0.2200E+03  0.1611E+00
  0.2210E+03  0.1528E+00
  0.2220E+03  0.1503E+00
  0.2230E+03  0.1530E+00
  0.2240E+03  0.1526E+00
  0.2250E+03  0.1514E+00
  0.2260E+03  0.1514E+00
  0.2270E+03  0.1410E+00
  0.2280E+03  0.1450E+00
  0.2290E+03  0.1416E+00
  0.2300E+03  0.1432E+00
  0.2310E+03  0.1397E+00
  0.2320E+03  0.1341E+00
  0.2330E+03  0.1354E+00
  0.2340E+03  0.1356E+00
  0.2350E+03  0.1355E+00
  0.2360E+03  0.1317E+00
  0.2370E+03  0.1262E+00
  0.2380E+03  0.1345E+00
  0.2390E+03  0.1261E+00
  0.2400E+03  0.1342E+00
  0.2410E+03  0.1239E+00
  0.2420E+03  0.1170E+00
  0.2430E+03  0.1320E+00
  0.2440E+03  0.1196E+00
  0.2450E+03  0.1137E+00
  0.2460E+03  0.1229E+00
  0.2470E+03  0.1153E+00
  0.2480E+03  0.1085E+00
  0.2490E+03  0.1129E+00
  0.2500E+03  0.1097E+00
  0.2510E+03  0.1079E+00
  0.2520E+03  0.1057E+00
  0.2530E+03  0.1051E+00
  0.2540E+03  0.1088E+00
  0.2550E+03  0.1059E+00
  0.2560E+03  0.1013E+00
  0.2570E+03  0.1056E+00
  0.2580E+03  0.1094E+00
  0.2590E+03  0.9849E-01
  0.2600E+03  0.1074E+00
  0.2610E+03  0.9761E-01
  0.2620E+03  0.9504E-01
  0.2630E+03  0.1035E+00
  0.2640E+03  0.9718E-01
  0.2650E+03  0.8894E-01
  0.2660E+03  0.9258E-01
  0.2670E+03  0.8888E-01
  0.2680E+03  0.9563E-01
  0.2690E+03  0.8759E-01
  0.2700E+03  0.9312E-01
  0.2710E+03  0.8915E-01
  0.2720E+03  0.9282E-01
  0.2730E+03  0.8987E-01
  0.2740E+03  0.9071E-01
  0.2750E+03  0.8640E-01
  0.2760E+03  0.8684E-01
  0.2770E+03  0.7764E-01
  0.2780E+03  0.8278E-01
  0.2790E+03  0.8475E-01
  0.2800E+03  0.8317E-01
  0.2810E+03  0.8070E-01
  0.2820E+03  0.7880E-01
  0.2830E+03  0.8239E-01
  0.2840E+03  0.7849E-01
  0.2850E+03  0.8081E-01
  0.2860E+03  0.7784E-01
  0.2870E+03  0.7678E-01
  0.2880E+03  0.7664E-01
  0.2890E+03  0.8119E-01
  0.2900E+03  0.7502E-01
  0.2910E+03  0.7430E-01
  0.2920E+03  0.7718E-01
  0.2930E+03  0.6928E-01
  0.2940E+03  0.7040E-01
  0.2950E+03  0.6762E-01
  0.2960E+03  0.7084E-01
  0.2970E+03  0.6983E-01
  0.2980E+03  0.6743E-01
  0.2990E+03  0.6780E-01
  0.3000E+03  0.6761E-01
  0.3010E+03  0.6632E-01
  0.3020E+03  0.7283E-01
  0.3030E+03  0.6774E-01
  0.3040E+03  0.6739E-01
  0.3050E+03  0.6924E-01
  0.3060E+03  0.6487E-01
  0.3070E+03  0.6558E-01
  0.3080E+03  0.6495E-01
  0.3090E+03  0.6823E-01
  0.3100E+03  0.6609E-01
  0.3110E+03  0.6045E-01
  0.3120E+03  0.6728E-01
  0.3130E+03  0.6587E-01
  0.3140E+03  0.6325E-01
  0.3150E+03  0.6244E-01
  0.3160E+03  0.6298E-01
  0.3170E+03  0.5909E-01
  0.3180E+03  0.6051E-01
  0.3190E+03  0.5687E-01
  0.3200E+03  0.6273E-01
  0.3210E+03  0.5824E-01
  0.3220E+03  0.5619E-01
  0.3230E+03  0.5657E-01
  0.3240E+03  0.5988E-01
  0.3250E+03  0.5676E-01
  0.3260E+03  0.5426E-01
  0.3270E+03  0.5747E-01
  0.3280E+03  0.5593E-01
  0.3290E+03  0.5669E-01
  0.3300E+03  0.5575E-01
  0.3310E+03  0.5537E-01
  0.3320E+03  0.5664E-01
  0.3330E+03  0.5824E-01
  0.3340E+03  0.5178E-01
  0.3350E+03  0.5522E-01
  0.3360E+03  0.5306E-01
  0.3370E+03  0.5491E-01
  0.3380E+03  0.4925E-01
  0.3390E+03  0.5098E-01
  0.3400E+03  0.4573E-01
  0.3410E+03  0.4976E-01
  0.3420E+03  0.5195E-01
  0.3430E+03  0.4961E-01
  0.3440E+03  0.5221E-01
  0.3450E+03  0.4629E-01
  0.3460E+03  0.4500E-01
  0.3470E+03  0.4790E-01
  0.3480E+03  0.4559E-01
  0.3490E+03  0.4685E-01
  0.3500E+03  0.4556E-01
  0.3510E+03  0.4888E-01
  0.3520E+03  0.4210E-01
  0.3530E+03  0.5050E-01
  0.3540E+03  0.4275E-01
  0.3550E+03  0.4961E-01
  0.3560E+03  0.4672E-01
  0.3570E+03  0.4300E-01
  0.3580E+03  0.4214E-01
  0.3590E+03  0.4455E-01
  0.3600E+03  0.4422E-01
  0.3610E+03  0.4202E-01
  0.3620E+03  0.4430E-01
  0.3630E+03  0.3792E-01
  0.3640E+03  0.4298E-01
  0.3650E+03  0.4171E-01
  0.3660E+03  0.4268E-01
  0.3670E+03  0.4103E-01
  0.3680E+03  0.3841E-01
  0.3690E+03  0.4282E-01
  0.3700E+03  0.3722E-01
  0.3710E+03  0.4209E-01
  0.3720E+03  0.4143E-01
  0.3730E+03  0.4022E-01
  0.3740E+03  0.4166E-01
  0.3750E+03  0.3846E-01
  0.3760E+03  0.4254E-01
  0.3770E+03  0.4168E-01
  0.3780E+03  0.3687E-01
  0.3790E+03  0.3806E-01
  0.3800E+03  0.4235E-01
  0.3810E+03  0.3631E-01
  0.3820E+03  0.3648E-01
  0.3830E+03  0.3022E-01
  0.3840E+03  0.3529E-01
  0.3850E+03  0.3759E-01
  0.3860E+03  0.3577E-01
  0.3870E+03  0.3538E-01
  0.3880E+03  0.3761E-01
  0.3890E+03  0.3563E-01
  0.3900E+03  0.3734E-01
  0.3910E+03  0.3836E-01
  0.3920E+03  0.3515E-01
  0.3930E+03  0.3594E-01
  0.3940E+03  0.3401E-01
  0.3950E+03  0.3020E-01
  0.3960E+03  0.3873E-01
  0.3970E+03  0.3381E-01
  0.3980E+03  0.3647E-01
  0.3990E+03  0.3454E-01
  0.4000E+03  0.3333E-01
  0.4010E+03  0.3595E-01
  0.4020E+03  0.3643E-01
  0.4030E+03  0.3519E-01
  0.4040E+03  0.3242E-01
  0.4050E+03  0.3415E-01
  0.4060E+03  0.3724E-01
  0.4070E+03  0.3297E-01
  0.4080E+03  0.3722E-01
  0.4090E+03  0.3461E-01
  0.4100E+03  0.3166E-01
  0.4110E+03  0.3692E-01
  0.4120E+03  0.4735E-01
  0.4130E+03  0.3465E-01
  0.4140E+03  0.3570E-01
  0.4150E+03  0.3194E-01
  0.4160E+03  0.3295E-01
  0.4170E+03  0.3189E-01
  0.4180E+03  0.3415E-01
  0.4190E+03  0.3176E-01
  0.4200E+03  0.3114E-01
  0.4210E+03  0.2587E-01
  0.4220E+03  0.3218E-01
  0.4230E+03  0.3282E-01
  0.4240E+03  0.3318E-01
  0.4250E+03  0.2671E-01
  0.4260E+03  0.3039E-01
  0.4270E+03  0.2939E-01
  0.4280E+03  0.3399E-01
  0.4290E+03  0.2565E-01
  0.4300E+03  0.3266E-01
  0.4310E+03  0.2958E-01
  0.4320E+03  0.2927E-01
  0.4330E+03  0.2889E-01
  0.4340E+03  0.3324E-01
  0.4350E+03  0.2924E-01
  0.4360E+03  0.2558E-01
  0.4370E+03  0.3275E-01
  0.4380E+03  0.2421E-01
  0.4390E+03  0.3468E-01
  0.4400E+03  0.2653E-01
  0.4410E+03  0.2864E-01
  0.4420E+03  0.3003E-01
  0.4430E+03  0.2725E-01
  0.4440E+03  0.2850E-01
  0.4450E+03  0.2539E-01
  0.4460E+03  0.2032E-01
  0.4470E+03  0.2577E-01
  0.4480E+03  0.2445E-01
  0.4490E+03  0.2639E-01
  0.4500E+03  0.2293E-01
  0.4510E+03  0.2708E-01
  0.4520E+03  0.3041E-01
  0.4530E+03  0.2132E-01
  0.4540E+03  0.2731E-01
  0.4550E+03  0.2473E-01
  0.4560E+03  0.2245E-01
  0.4570E+03  0.2647E-01
  0.4580E+03  0.2565E-01
  0.4590E+03  0.1965E-01
  0.4600E+03  0.2182E-01
  0.4610E+03  0.2068E-01
  0.4620E+03  0.2708E-01
  0.4630E+03  0.2462E-01
  0.4640E+03  0.2166E-01
  0.4650E+03  0.2326E-01
  0.4660E+03  0.2478E-01
  0.4670E+03  0.2085E-01
  0.4680E+03  0.2368E-01
  0.4690E+03  0.2192E-01
  0.4700E+03  0.2152E-01
  0.4710E+03  0.2193E-01
  0.4720E+03  0.1983E-01
  0.4730E+03  0.2266E-01
  0.4740E+03  0.2819E-01
  0.4750E+03  0.2009E-01
  0.4760E+03  0.2158E-01
  0.4770E+03  0.2159E-01
  0.4780E+03  0.2144E-01
  0.4790E+03  0.2015E-01
  0.4800E+03  0.1936E-01
  0.4810E+03  0.2146E-01
  0.4820E+03  0.1805E-01
  0.4830E+03  0.2024E-01
  0.4840E+03  0.2193E-01
  0.4850E+03  0.1780E-01
  0.4860E+03  0.1515E-01
  0.4870E+03  0.2009E-01
  0.4880E+03  0.2129E-01
  0.4890E+03  0.2084E-01
  0.4900E+03  0.1753E-01
  0.4910E+03  0.1717E-01
  0.4920E+03  0.2105E-01
  0.4930E+03  0.1958E-01
  0.4940E+03  0.1798E-01
  0.4950E+03  0.2067E-01
  0.4960E+03  0.2071E-01
  0.4970E+03  0.2000E-01
  0.4980E+03  0.1645E-01
  0.4990E+03  0.1986E-01
  0.5000E+03  0.1984E-01
  0.5010E+03  0.1956E-01
  0.5020E+03  0.2166E-01
  0.5030E+03  0.2149E-01
  0.5040E+03  0.1830E-01
  0.5050E+03  0.1413E-01
  0.5060E+03  0.1480E-01
  0.5070E+03  0.2113E-01
  0.5080E+03  0.1692E-01
  0.5090E+03  0.1372E-01
  0.5100E+03  0.1814E-01
  0.5110E+03  0.0000E+00
  0.5120E+03  0.0000E+00
