  0.1000E+01  0.6320E+02
  0.2000E+01  0.7012E+02
  0.3000E+01  0.7365E+02
  0.4000E+01  0.7565E+02
  0.5000E+01  0.7593E+02
  0.6000E+01  0.7550E+02
  0.7000E+01  0.7801E+02
  0.8000E+01  0.7743E+02
  0.9000E+01  0.7752E+02
  0.1000E+02  0.7818E+02
  0.1100E+02  0.7903E+02
  0.1200E+02  0.7846E+02
  0.1300E+02  0.7785E+02
  0.1400E+02  0.7791E+02
  0.1500E+02  0.7828E+02
  0.1600E+02  0.7732E+02
  0.1700E+02  0.7867E+02
  0.1800E+02  0.7679E+02
  0.1900E+02  0.7771E+02
  0.2000E+02  0.7904E+02
  0.2100E+02  0.8406E+02
  0.2200E+02  0.9369E+02
  0.2300E+02  0.1144E+03
  0.2400E+02  0.1457E+03
  0.2500E+02  0.1877E+03
  0.2600E+02  0.2254E+03
  0.2700E+02  0.2450E+03
  0.2800E+02  0.2391E+03
  0.2900E+02  0.2127E+03
  0.3000E+02  0.1778E+03
  0.3100E+02  0.1482E+03
  0.3200E+02  0.1251E+03
  0.3300E+02  0.1070E+03
  0.3400E+02  0.9449E+02
  0.3500E+02  0.8352E+02
  0.3600E+02  0.7890E+02
  0.3700E+02  0.7676E+02
  0.3800E+02  0.7753E+02
  0.3900E+02  0.7887E+02
  0.4000E+02  0.8145E+02
  0.4100E+02  0.8436E+02
  0.4200E+02  0.8569E+02
  0.4300E+02  0.9069E+02
  0.4400E+02  0.9324E+02
  0.4500E+02  0.9491E+02
  0.4600E+02  0.9355E+02
  0.4700E+02  0.9190E+02
  0.4800E+02  0.9083E+02
  0.4900E+02  0.8938E+02
  0.5000E+02  0.8774E+02
  0.5100E+02  0.8688E+02
  0.5200E+02  0.8848E+02
  0.5300E+02  0.8901E+02
  0.5400E+02  0.9162E+02
  0.5500E+02  0.9247E+02
  0.5600E+02  0.9364E+02
  0.5700E+02  0.9775E+02
  0.5800E+02  0.1007E+03
  0.5900E+02  0.1009E+03
  0.6000E+02  0.1019E+03
  0.6100E+02  0.1030E+03
  0.6200E+02  0.1059E+03
  0.6300E+02  0.1089E+03
  0.6400E+02  0.1152E+03
  0.6500E+02  0.1223E+03
  0.6600E+02  0.1335E+03
  0.6700E+02  0.1493E+03
  0.6800E+02  0.1660E+03
  0.6900E+02  0.1875E+03
  0.7000E+02  0.2126E+03
  0.7100E+02  0.2350E+03
  0.7200E+02  0.2568E+03
  0.7300E+02  0.2727E+03
  0.7400E+02  0.2836E+03
  0.7500E+02  0.2844E+03
  0.7600E+02  0.2787E+03
  0.7700E+02  0.2658E+03
  0.7800E+02  0.2518E+03
  0.7900E+02  0.2345E+03
  0.8000E+02  0.2247E+03
  0.8100E+02  0.2175E+03
  0.8200E+02  0.2141E+03
  0.8300E+02  0.2115E+03
  0.8400E+02  0.2101E+03
  0.8500E+02  0.2091E+03
  0.8600E+02  0.2057E+03
  0.8700E+02  0.2009E+03
  0.8800E+02  0.1935E+03
  0.8900E+02  0.1845E+03
  0.9000E+02  0.1767E+03
  0.9100E+02  0.1701E+03
  0.9200E+02  0.1620E+03
  0.9300E+02  0.1561E+03
  0.9400E+02  0.1543E+03
  0.9500E+02  0.1510E+03
  0.9600E+02  0.1503E+03
  0.9700E+02  0.1501E+03
  0.9800E+02  0.1498E+03
  0.9900E+02  0.1501E+03
  0.1000E+03  0.1502E+03
  0.1010E+03  0.1515E+03
  0.1020E+03  0.1520E+03
  0.1030E+03  0.1513E+03
  0.1040E+03  0.1514E+03
  0.1050E+03  0.1507E+03
  0.1060E+03  0.1497E+03
  0.1070E+03  0.1484E+03
  0.1080E+03  0.1477E+03
  0.1090E+03  0.1478E+03
  0.1100E+03  0.1446E+03
  0.1110E+03  0.1452E+03
  0.1120E+03  0.1458E+03
  0.1130E+03  0.1435E+03
  0.1140E+03  0.1442E+03
  0.1150E+03  0.1430E+03
  0.1160E+03  0.1440E+03
  0.1170E+03  0.1428E+03
  0.1180E+03  0.1425E+03
  0.1190E+03  0.1438E+03
  0.1200E+03  0.1440E+03
  0.1210E+03  0.1437E+03
  0.1220E+03  0.1444E+03
  0.1230E+03  0.1455E+03
  0.1240E+03  0.1463E+03
  0.1250E+03  0.1470E+03
  0.1260E+03  0.1482E+03
  0.1270E+03  0.1472E+03
  0.1280E+03  0.1496E+03
  0.1290E+03  0.1493E+03
  0.1300E+03  0.1494E+03
  0.1310E+03  0.1515E+03
  0.1320E+03  0.1526E+03
  0.1330E+03  0.1510E+03
  0.1340E+03  0.1537E+03
  0.1350E+03  0.1550E+03
  0.1360E+03  0.1555E+03
  0.1370E+03  0.1568E+03
  0.1380E+03  0.1573E+03
  0.1390E+03  0.1584E+03
  0.1400E+03  0.1619E+03
  0.1410E+03  0.1637E+03
  0.1420E+03  0.1670E+03
  0.1430E+03  0.1699E+03
  0.1440E+03  0.1746E+03
  0.1450E+03  0.1794E+03
  0.1460E+03  0.1886E+03
  0.1470E+03  0.1954E+03
  0.1480E+03  0.2039E+03
  0.1490E+03  0.2157E+03
  0.1500E+03  0.2274E+03
  0.1510E+03  0.2387E+03
  0.1520E+03  0.2516E+03
  0.1530E+03  0.2649E+03
  0.1540E+03  0.2764E+03
  0.1550E+03  0.2870E+03
  0.1560E+03  0.2952E+03
  0.1570E+03  0.3003E+03
  0.1580E+03  0.3039E+03
  0.1590E+03  0.3046E+03
  0.1600E+03  0.3013E+03
  0.1610E+03  0.2947E+03
  0.1620E+03  0.2870E+03
  0.1630E+03  0.2789E+03
  0.1640E+03  0.2666E+03
  0.1650E+03  0.2535E+03
  0.1660E+03  0.2449E+03
  0.1670E+03  0.2299E+03
  0.1680E+03  0.2179E+03
  0.1690E+03  0.2093E+03
  0.1700E+03  0.2002E+03
  0.1710E+03  0.1934E+03
  0.1720E+03  0.1866E+03
  0.1730E+03  0.1799E+03
  0.1740E+03  0.1781E+03
  0.1750E+03  0.1734E+03
  0.1760E+03  0.1716E+03
  0.1770E+03  0.1717E+03
  0.1780E+03  0.1674E+03
  0.1790E+03  0.1649E+03
  0.1800E+03  0.1647E+03
  0.1810E+03  0.1641E+03
  0.1820E+03  0.1639E+03
  0.1830E+03  0.1616E+03
  0.1840E+03  0.1602E+03
  0.1850E+03  0.1563E+03
  0.1860E+03  0.1553E+03
  0.1870E+03  0.1540E+03
  0.1880E+03  0.1519E+03
  0.1890E+03  0.1485E+03
  0.1900E+03  0.1477E+03
  0.1910E+03  0.1453E+03
  0.1920E+03  0.1427E+03
  0.1930E+03  0.1417E+03
  0.1940E+03  0.1394E+03
  0.1950E+03  0.1365E+03
  0.1960E+03  0.1345E+03
  0.1970E+03  0.1333E+03
  0.1980E+03  0.1316E+03
  0.1990E+03  0.1293E+03
  0.2000E+03  0.1280E+03
  0.2010E+03  0.1263E+03
  0.2020E+03  0.1249E+03
  0.2030E+03  0.1213E+03
  0.2040E+03  0.1210E+03
  0.2050E+03  0.1190E+03
  0.2060E+03  0.1176E+03
  0.2070E+03  0.1150E+03
  0.2080E+03  0.1163E+03
  0.2090E+03  0.1142E+03
  0.2100E+03  0.1119E+03
  0.2110E+03  0.1107E+03
  0.2120E+03  0.1104E+03
  0.2130E+03  0.1086E+03
  0.2140E+03  0.1068E+03
  0.2150E+03  0.1072E+03
  0.2160E+03  0.1047E+03
  0.2170E+03  0.1058E+03
  0.2180E+03  0.1035E+03
  0.2190E+03  0.1018E+03
  0.2200E+03  0.1034E+03
  0.2210E+03  0.1010E+03
  0.2220E+03  0.1016E+03
  0.2230E+03  0.1002E+03
  0.2240E+03  0.9913E+02
  0.2250E+03  0.9842E+02
  0.2260E+03  0.9595E+02
  0.2270E+03  0.9572E+02
  0.2280E+03  0.9496E+02
  0.2290E+03  0.9579E+02
  0.2300E+03  0.9393E+02
  0.2310E+03  0.9382E+02
  0.2320E+03  0.9285E+02
  0.2330E+03  0.9311E+02
  0.2340E+03  0.9115E+02
  0.2350E+03  0.9187E+02
  0.2360E+03  0.9180E+02
  0.2370E+03  0.9223E+02
  0.2380E+03  0.9098E+02
  0.2390E+03  0.9174E+02
  0.2400E+03  0.8922E+02
  0.2410E+03  0.8945E+02
  0.2420E+03  0.8998E+02
  0.2430E+03  0.8862E+02
  0.2440E+03  0.8761E+02
  0.2450E+03  0.8729E+02
  0.2460E+03  0.8798E+02
  0.2470E+03  0.8718E+02
  0.2480E+03  0.8728E+02
  0.2490E+03  0.8653E+02
  0.2500E+03  0.8769E+02
  0.2510E+03  0.8717E+02
  0.2520E+03  0.8591E+02
  0.2530E+03  0.8595E+02
  0.2540E+03  0.8589E+02
  0.2550E+03  0.8655E+02
  0.2560E+03  0.8464E+02
  0.2570E+03  0.8520E+02
  0.2580E+03  0.8351E+02
  0.2590E+03  0.8363E+02
  0.2600E+03  0.8360E+02
  0.2610E+03  0.8359E+02
  0.2620E+03  0.8361E+02
  0.2630E+03  0.8295E+02
  0.2640E+03  0.8445E+02
  0.2650E+03  0.8399E+02
  0.2660E+03  0.8369E+02
  0.2670E+03  0.8371E+02
  0.2680E+03  0.8354E+02
  0.2690E+03  0.8347E+02
  0.2700E+03  0.8290E+02
  0.2710E+03  0.8306E+02
  0.2720E+03  0.8224E+02
  0.2730E+03  0.8394E+02
  0.2740E+03  0.8239E+02
  0.2750E+03  0.8259E+02
  0.2760E+03  0.8341E+02
  0.2770E+03  0.8218E+02
  0.2780E+03  0.8128E+02
  0.2790E+03  0.8262E+02
  0.2800E+03  0.8144E+02
  0.2810E+03  0.8087E+02
  0.2820E+03  0.8152E+02
  0.2830E+03  0.8121E+02
  0.2840E+03  0.8006E+02
  0.2850E+03  0.7974E+02
  0.2860E+03  0.7974E+02
  0.2870E+03  0.8007E+02
  0.2880E+03  0.7835E+02
  0.2890E+03  0.7845E+02
  0.2900E+03  0.7819E+02
  0.2910E+03  0.7772E+02
  0.2920E+03  0.7736E+02
  0.2930E+03  0.7776E+02
  0.2940E+03  0.7558E+02
  0.2950E+03  0.7774E+02
  0.2960E+03  0.7722E+02
  0.2970E+03  0.7751E+02
  0.2980E+03  0.7626E+02
  0.2990E+03  0.7659E+02
  0.3000E+03  0.7588E+02
  0.3010E+03  0.7580E+02
  0.3020E+03  0.7652E+02
  0.3030E+03  0.7650E+02
  0.3040E+03  0.7665E+02
  0.3050E+03  0.7802E+02
  0.3060E+03  0.7665E+02
  0.3070E+03  0.7697E+02
  0.3080E+03  0.7724E+02
  0.3090E+03  0.7793E+02
  0.3100E+03  0.7620E+02
  0.3110E+03  0.7665E+02
  0.3120E+03  0.7719E+02
  0.3130E+03  0.7778E+02
  0.3140E+03  0.7852E+02
  0.3150E+03  0.7808E+02
  0.3160E+03  0.7765E+02
  0.3170E+03  0.7820E+02
  0.3180E+03  0.7849E+02
  0.3190E+03  0.7789E+02
  0.3200E+03  0.7892E+02
  0.3210E+03  0.8015E+02
  0.3220E+03  0.7967E+02
  0.3230E+03  0.7964E+02
  0.3240E+03  0.8080E+02
  0.3250E+03  0.8093E+02
  0.3260E+03  0.8142E+02
  0.3270E+03  0.8241E+02
  0.3280E+03  0.8296E+02
  0.3290E+03  0.8276E+02
  0.3300E+03  0.8387E+02
  0.3310E+03  0.8315E+02
  0.3320E+03  0.8381E+02
  0.3330E+03  0.8408E+02
  0.3340E+03  0.8325E+02
  0.3350E+03  0.8501E+02
  0.3360E+03  0.8571E+02
  0.3370E+03  0.8611E+02
  0.3380E+03  0.8542E+02
  0.3390E+03  0.8443E+02
  0.3400E+03  0.8540E+02
  0.3410E+03  0.8498E+02
  0.3420E+03  0.8529E+02
  0.3430E+03  0.8398E+02
  0.3440E+03  0.8452E+02
  0.3450E+03  0.8494E+02
  0.3460E+03  0.8420E+02
  0.3470E+03  0.8310E+02
  0.3480E+03  0.8296E+02
  0.3490E+03  0.8052E+02
  0.3500E+03  0.8139E+02
  0.3510E+03  0.8026E+02
  0.3520E+03  0.7908E+02
  0.3530E+03  0.7686E+02
  0.3540E+03  0.7616E+02
  0.3550E+03  0.7635E+02
  0.3560E+03  0.7525E+02
  0.3570E+03  0.7282E+02
  0.3580E+03  0.7200E+02
  0.3590E+03  0.7126E+02
  0.3600E+03  0.6941E+02
  0.3610E+03  0.6920E+02
  0.3620E+03  0.6711E+02
  0.3630E+03  0.6588E+02
  0.3640E+03  0.6446E+02
  0.3650E+03  0.6322E+02
  0.3660E+03  0.6257E+02
  0.3670E+03  0.6095E+02
  0.3680E+03  0.5939E+02
  0.3690E+03  0.5993E+02
  0.3700E+03  0.5866E+02
  0.3710E+03  0.5857E+02
  0.3720E+03  0.5676E+02
  0.3730E+03  0.5652E+02
  0.3740E+03  0.5653E+02
  0.3750E+03  0.5525E+02
  0.3760E+03  0.5441E+02
  0.3770E+03  0.5488E+02
  0.3780E+03  0.5416E+02
  0.3790E+03  0.5318E+02
  0.3800E+03  0.5254E+02
  0.3810E+03  0.5194E+02
  0.3820E+03  0.5186E+02
  0.3830E+03  0.5160E+02
  0.3840E+03  0.5085E+02
  0.3850E+03  0.5060E+02
  0.3860E+03  0.5051E+02
  0.3870E+03  0.4981E+02
  0.3880E+03  0.5002E+02
  0.3890E+03  0.5009E+02
  0.3900E+03  0.4990E+02
  0.3910E+03  0.5008E+02
  0.3920E+03  0.4976E+02
  0.3930E+03  0.4931E+02
  0.3940E+03  0.4966E+02
  0.3950E+03  0.5079E+02
  0.3960E+03  0.4956E+02
  0.3970E+03  0.4984E+02
  0.3980E+03  0.4940E+02
  0.3990E+03  0.5103E+02
  0.4000E+03  0.4961E+02
  0.4010E+03  0.4974E+02
  0.4020E+03  0.4936E+02
  0.4030E+03  0.5116E+02
  0.4040E+03  0.5068E+02
  0.4050E+03  0.5107E+02
  0.4060E+03  0.5106E+02
  0.4070E+03  0.5130E+02
  0.4080E+03  0.5260E+02
  0.4090E+03  0.5306E+02
  0.4100E+03  0.5258E+02
  0.4110E+03  0.5417E+02
  0.4120E+03  0.5515E+02
  0.4130E+03  0.5549E+02
  0.4140E+03  0.5505E+02
  0.4150E+03  0.5700E+02
  0.4160E+03  0.5782E+02
  0.4170E+03  0.5859E+02
  0.4180E+03  0.5975E+02
  0.4190E+03  0.6188E+02
  0.4200E+03  0.6102E+02
  0.4210E+03  0.6237E+02
  0.4220E+03  0.6365E+02
  0.4230E+03  0.6447E+02
  0.4240E+03  0.6555E+02
  0.4250E+03  0.6774E+02
  0.4260E+03  0.6709E+02
  0.4270E+03  0.6947E+02
  0.4280E+03  0.7035E+02
  0.4290E+03  0.7118E+02
  0.4300E+03  0.7259E+02
  0.4310E+03  0.7356E+02
  0.4320E+03  0.7312E+02
  0.4330E+03  0.7271E+02
  0.4340E+03  0.7530E+02
  0.4350E+03  0.7585E+02
  0.4360E+03  0.7654E+02
  0.4370E+03  0.7644E+02
  0.4380E+03  0.7679E+02
  0.4390E+03  0.7667E+02
  0.4400E+03  0.7524E+02
  0.4410E+03  0.7541E+02
  0.4420E+03  0.7464E+02
  0.4430E+03  0.7480E+02
  0.4440E+03  0.7356E+02
  0.4450E+03  0.7300E+02
  0.4460E+03  0.7249E+02
  0.4470E+03  0.7191E+02
  0.4480E+03  0.6901E+02
  0.4490E+03  0.6869E+02
  0.4500E+03  0.6837E+02
  0.4510E+03  0.6711E+02
  0.4520E+03  0.6527E+02
  0.4530E+03  0.6398E+02
  0.4540E+03  0.6246E+02
  0.4550E+03  0.6043E+02
  0.4560E+03  0.5992E+02
  0.4570E+03  0.5776E+02
  0.4580E+03  0.5683E+02
  0.4590E+03  0.5489E+02
  0.4600E+03  0.5355E+02
  0.4610E+03  0.5261E+02
  0.4620E+03  0.5239E+02
  0.4630E+03  0.5111E+02
  0.4640E+03  0.4962E+02
  0.4650E+03  0.4906E+02
  0.4660E+03  0.4825E+02
  0.4670E+03  0.4766E+02
  0.4680E+03  0.4660E+02
  0.4690E+03  0.4641E+02
  0.4700E+03  0.4495E+02
  0.4710E+03  0.4641E+02
  0.4720E+03  0.4595E+02
  0.4730E+03  0.4553E+02
  0.4740E+03  0.4545E+02
  0.4750E+03  0.4657E+02
  0.4760E+03  0.4619E+02
  0.4770E+03  0.4580E+02
  0.4780E+03  0.4692E+02
  0.4790E+03  0.4771E+02
  0.4800E+03  0.4827E+02
  0.4810E+03  0.4849E+02
  0.4820E+03  0.5025E+02
  0.4830E+03  0.5137E+02
  0.4840E+03  0.5253E+02
  0.4850E+03  0.5423E+02
  0.4860E+03  0.5467E+02
  0.4870E+03  0.5657E+02
  0.4880E+03  0.5906E+02
  0.4890E+03  0.6094E+02
  0.4900E+03  0.6202E+02
  0.4910E+03  0.6413E+02
  0.4920E+03  0.6574E+02
  0.4930E+03  0.6811E+02
  0.4940E+03  0.6925E+02
  0.4950E+03  0.7249E+02
  0.4960E+03  0.7503E+02
  0.4970E+03  0.7857E+02
  0.4980E+03  0.8080E+02
  0.4990E+03  0.8291E+02
  0.5000E+03  0.8573E+02
  0.5010E+03  0.8903E+02
  0.5020E+03  0.9234E+02
  0.5030E+03  0.9519E+02
  0.5040E+03  0.9811E+02
  0.5050E+03  0.1021E+03
  0.5060E+03  0.1052E+03
  0.5070E+03  0.1085E+03
  0.5080E+03  0.1115E+03
  0.5090E+03  0.1150E+03
  0.5100E+03  0.1178E+03
  0.5110E+03  0.0000E+00
  0.5120E+03  0.0000E+00
