  0.1000E+01  0.2105E+01
  0.2000E+01  0.7334E+01
  0.3000E+01  0.5505E+01
  0.4000E+01  0.1995E+01
  0.5000E+01  0.1405E+01
  0.6000E+01  0.1296E+01
  0.7000E+01  0.1194E+01
  0.8000E+01  0.1089E+01
  0.9000E+01  0.1036E+01
  0.1000E+02  0.9145E+00
  0.1100E+02  0.8501E+00
  0.1200E+02  0.7605E+00
  0.1300E+02  0.7092E+00
  0.1400E+02  0.6290E+00
  0.1500E+02  0.6083E+00
  0.1600E+02  0.5291E+00
  0.1700E+02  0.4536E+00
  0.1800E+02  0.4254E+00
  0.1900E+02  0.5495E+00
  0.2000E+02  0.1641E+01
  0.2100E+02  0.6974E+01
  0.2200E+02  0.2674E+02
  0.2300E+02  0.8264E+02
  0.2400E+02  0.2052E+03
  0.2500E+02  0.4036E+03
  0.2600E+02  0.6317E+03
  0.2700E+02  0.7903E+03
  0.2800E+02  0.8003E+03
  0.2900E+02  0.6760E+03
  0.3000E+02  0.4982E+03
  0.3100E+02  0.3439E+03
  0.3200E+02  0.2318E+03
  0.3300E+02  0.1498E+03
  0.3400E+02  0.8801E+02
  0.3500E+02  0.4469E+02
  0.3600E+02  0.1947E+02
  0.3700E+02  0.7244E+01
  0.3800E+02  0.2782E+01
  0.3900E+02  0.1528E+01
  0.4000E+02  0.1627E+01
  0.4100E+02  0.1932E+01
  0.4200E+02  0.2349E+01
  0.4300E+02  0.2783E+01
  0.4400E+02  0.3174E+01
  0.4500E+02  0.3666E+01
  0.4600E+02  0.3766E+01
  0.4700E+02  0.4090E+01
  0.4800E+02  0.4188E+01
  0.4900E+02  0.4352E+01
  0.5000E+02  0.4638E+01
  0.5100E+02  0.4821E+01
  0.5200E+02  0.5123E+01
  0.5300E+02  0.5457E+01
  0.5400E+02  0.5771E+01
  0.5500E+02  0.6048E+01
  0.5600E+02  0.6118E+01
  0.5700E+02  0.6204E+01
  0.5800E+02  0.5936E+01
  0.5900E+02  0.5593E+01
  0.6000E+02  0.4805E+01
  0.6100E+02  0.4103E+01
  0.6200E+02  0.3390E+01
  0.6300E+02  0.2764E+01
  0.6400E+02  0.2293E+01
  0.6500E+02  0.2132E+01
  0.6600E+02  0.2246E+01
  0.6700E+02  0.2897E+01
  0.6800E+02  0.3898E+01
  0.6900E+02  0.5055E+01
  0.7000E+02  0.6742E+01
  0.7100E+02  0.8133E+01
  0.7200E+02  0.9661E+01
  0.7300E+02  0.1041E+02
  0.7400E+02  0.1054E+02
  0.7500E+02  0.1057E+02
  0.7600E+02  0.1014E+02
  0.7700E+02  0.8763E+01
  0.7800E+02  0.8076E+01
  0.7900E+02  0.6581E+01
  0.8000E+02  0.5607E+01
  0.8100E+02  0.4949E+01
  0.8200E+02  0.4315E+01
  0.8300E+02  0.4069E+01
  0.8400E+02  0.3893E+01
  0.8500E+02  0.4016E+01
  0.8600E+02  0.3717E+01
  0.8700E+02  0.3185E+01
  0.8800E+02  0.3059E+01
  0.8900E+02  0.2587E+01
  0.9000E+02  0.2060E+01
  0.9100E+02  0.1751E+01
  0.9200E+02  0.1370E+01
  0.9300E+02  0.1092E+01
  0.9400E+02  0.8128E+00
  0.9500E+02  0.6154E+00
  0.9600E+02  0.5323E+00
  0.9700E+02  0.4467E+00
  0.9800E+02  0.4043E+00
  0.9900E+02  0.3701E+00
  0.1000E+03  0.3490E+00
  0.1010E+03  0.3418E+00
  0.1020E+03  0.3362E+00
  0.1030E+03  0.3173E+00
  0.1040E+03  0.2824E+00
  0.1050E+03  0.2829E+00
  0.1060E+03  0.2843E+00
  0.1070E+03  0.2769E+00
  0.1080E+03  0.3039E+00
  0.1090E+03  0.2965E+00
  0.1100E+03  0.3160E+00
  0.1110E+03  0.3635E+00
  0.1120E+03  0.4031E+00
  0.1130E+03  0.4894E+00
  0.1140E+03  0.6148E+00
  0.1150E+03  0.7378E+00
  0.1160E+03  0.9618E+00
  0.1170E+03  0.1204E+01
  0.1180E+03  0.1564E+01
  0.1190E+03  0.1964E+01
  0.1200E+03  0.2447E+01
  0.1210E+03  0.2987E+01
  0.1220E+03  0.3581E+01
  0.1230E+03  0.4215E+01
  0.1240E+03  0.4855E+01
  0.1250E+03  0.5437E+01
  0.1260E+03  0.6033E+01
  0.1270E+03  0.6483E+01
  0.1280E+03  0.6965E+01
  0.1290E+03  0.7241E+01
  0.1300E+03  0.7386E+01
  0.1310E+03  0.7397E+01
  0.1320E+03  0.7331E+01
  0.1330E+03  0.7168E+01
  0.1340E+03  0.7046E+01
  0.1350E+03  0.6987E+01
  0.1360E+03  0.7011E+01
  0.1370E+03  0.7225E+01
  0.1380E+03  0.7885E+01
  0.1390E+03  0.9116E+01
  0.1400E+03  0.1091E+02
  0.1410E+03  0.1388E+02
  0.1420E+03  0.1790E+02
  0.1430E+03  0.2376E+02
  0.1440E+03  0.3114E+02
  0.1450E+03  0.4091E+02
  0.1460E+03  0.5350E+02
  0.1470E+03  0.6826E+02
  0.1480E+03  0.8623E+02
  0.1490E+03  0.1071E+03
  0.1500E+03  0.1298E+03
  0.1510E+03  0.1549E+03
  0.1520E+03  0.1811E+03
  0.1530E+03  0.2072E+03
  0.1540E+03  0.2325E+03
  0.1550E+03  0.2551E+03
  0.1560E+03  0.2738E+03
  0.1570E+03  0.2885E+03
  0.1580E+03  0.2973E+03
  0.1590E+03  0.3002E+03
  0.1600E+03  0.2969E+03
  0.1610E+03  0.2871E+03
  0.1620E+03  0.2722E+03
  0.1630E+03  0.2520E+03
  0.1640E+03  0.2290E+03
  0.1650E+03  0.2031E+03
  0.1660E+03  0.1770E+03
  0.1670E+03  0.1506E+03
  0.1680E+03  0.1258E+03
  0.1690E+03  0.1029E+03
  0.1700E+03  0.8199E+02
  0.1710E+03  0.6425E+02
  0.1720E+03  0.4944E+02
  0.1730E+03  0.3687E+02
  0.1740E+03  0.2705E+02
  0.1750E+03  0.1953E+02
  0.1760E+03  0.1391E+02
  0.1770E+03  0.9582E+01
  0.1780E+03  0.6373E+01
  0.1790E+03  0.4286E+01
  0.1800E+03  0.2833E+01
  0.1810E+03  0.1794E+01
  0.1820E+03  0.1149E+01
  0.1830E+03  0.7450E+00
  0.1840E+03  0.4793E+00
  0.1850E+03  0.3283E+00
  0.1860E+03  0.2529E+00
  0.1870E+03  0.1726E+00
  0.1880E+03  0.1505E+00
  0.1890E+03  0.1234E+00
  0.1900E+03  0.1104E+00
  0.1910E+03  0.1089E+00
  0.1920E+03  0.1033E+00
  0.1930E+03  0.1078E+00
  0.1940E+03  0.1004E+00
  0.1950E+03  0.9445E-01
  0.1960E+03  0.9342E-01
  0.1970E+03  0.9051E-01
  0.1980E+03  0.7139E-01
  0.1990E+03  0.7429E-01
  0.2000E+03  0.6637E-01
  0.2010E+03  0.5531E-01
  0.2020E+03  0.6024E-01
  0.2030E+03  0.4924E-01
  0.2040E+03  0.5165E-01
  0.2050E+03  0.4714E-01
  0.2060E+03  0.3863E-01
  0.2070E+03  0.3859E-01
  0.2080E+03  0.3682E-01
  0.2090E+03  0.2779E-01
  0.2100E+03  0.2962E-01
  0.2110E+03  0.3004E-01
  0.2120E+03  0.2774E-01
  0.2130E+03  0.2422E-01
  0.2140E+03  0.2100E-01
  0.2150E+03  0.1996E-01
  0.2160E+03  0.1887E-01
  0.2170E+03  0.2338E-01
  0.2180E+03  0.2340E-01
  0.2190E+03  0.2322E-01
  0.2200E+03  0.2222E-01
  0.2210E+03  0.2362E-01
  0.2220E+03  0.2971E-01
  0.2230E+03  0.2648E-01
  0.2240E+03  0.2604E-01
  0.2250E+03  0.2595E-01
  0.2260E+03  0.2675E-01
  0.2270E+03  0.3280E-01
  0.2280E+03  0.3382E-01
  0.2290E+03  0.3762E-01
  0.2300E+03  0.4472E-01
  0.2310E+03  0.4252E-01
  0.2320E+03  0.5147E-01
  0.2330E+03  0.5147E-01
  0.2340E+03  0.5860E-01
  0.2350E+03  0.5450E-01
  0.2360E+03  0.7085E-01
  0.2370E+03  0.8246E-01
  0.2380E+03  0.7640E-01
  0.2390E+03  0.9350E-01
  0.2400E+03  0.1007E+00
  0.2410E+03  0.1044E+00
  0.2420E+03  0.1050E+00
  0.2430E+03  0.1169E+00
  0.2440E+03  0.9732E-01
  0.2450E+03  0.1288E+00
  0.2460E+03  0.1288E+00
  0.2470E+03  0.1390E+00
  0.2480E+03  0.1308E+00
  0.2490E+03  0.1315E+00
  0.2500E+03  0.1338E+00
  0.2510E+03  0.1343E+00
  0.2520E+03  0.1190E+00
  0.2530E+03  0.1102E+00
  0.2540E+03  0.1204E+00
  0.2550E+03  0.1132E+00
  0.2560E+03  0.1119E+00
  0.2570E+03  0.1064E+00
  0.2580E+03  0.1001E+00
  0.2590E+03  0.9908E-01
  0.2600E+03  0.1013E+00
  0.2610E+03  0.9778E-01
  0.2620E+03  0.9646E-01
  0.2630E+03  0.9326E-01
  0.2640E+03  0.9482E-01
  0.2650E+03  0.9957E-01
  0.2660E+03  0.8220E-01
  0.2670E+03  0.8977E-01
  0.2680E+03  0.1011E+00
  0.2690E+03  0.1005E+00
  0.2700E+03  0.1095E+00
  0.2710E+03  0.1163E+00
  0.2720E+03  0.1020E+00
  0.2730E+03  0.1226E+00
  0.2740E+03  0.1179E+00
  0.2750E+03  0.1148E+00
  0.2760E+03  0.1204E+00
  0.2770E+03  0.1270E+00
  0.2780E+03  0.1358E+00
  0.2790E+03  0.1419E+00
  0.2800E+03  0.1288E+00
  0.2810E+03  0.1461E+00
  0.2820E+03  0.1326E+00
  0.2830E+03  0.1221E+00
  0.2840E+03  0.1326E+00
  0.2850E+03  0.1292E+00
  0.2860E+03  0.1276E+00
  0.2870E+03  0.1274E+00
  0.2880E+03  0.1213E+00
  0.2890E+03  0.1071E+00
  0.2900E+03  0.1226E+00
  0.2910E+03  0.1015E+00
  0.2920E+03  0.9980E-01
  0.2930E+03  0.9069E-01
  0.2940E+03  0.9414E-01
  0.2950E+03  0.8893E-01
  0.2960E+03  0.9208E-01
  0.2970E+03  0.8337E-01
  0.2980E+03  0.8996E-01
  0.2990E+03  0.8769E-01
  0.3000E+03  0.7809E-01
  0.3010E+03  0.8494E-01
  0.3020E+03  0.7182E-01
  0.3030E+03  0.8051E-01
  0.3040E+03  0.7574E-01
  0.3050E+03  0.7750E-01
  0.3060E+03  0.8287E-01
  0.3070E+03  0.7332E-01
  0.3080E+03  0.8673E-01
  0.3090E+03  0.8139E-01
  0.3100E+03  0.9039E-01
  0.3110E+03  0.8464E-01
  0.3120E+03  0.9220E-01
  0.3130E+03  0.8428E-01
  0.3140E+03  0.9061E-01
  0.3150E+03  0.9360E-01
  0.3160E+03  0.1020E+00
  0.3170E+03  0.8918E-01
  0.3180E+03  0.9837E-01
  0.3190E+03  0.1138E+00
  0.3200E+03  0.1010E+00
  0.3210E+03  0.1101E+00
  0.3220E+03  0.1137E+00
  0.3230E+03  0.1096E+00
  0.3240E+03  0.1182E+00
  0.3250E+03  0.1136E+00
  0.3260E+03  0.1164E+00
  0.3270E+03  0.1249E+00
  0.3280E+03  0.1314E+00
  0.3290E+03  0.1340E+00
  0.3300E+03  0.1319E+00
  0.3310E+03  0.1335E+00
  0.3320E+03  0.1381E+00
  0.3330E+03  0.1498E+00
  0.3340E+03  0.1454E+00
  0.3350E+03  0.1620E+00
  0.3360E+03  0.1535E+00
  0.3370E+03  0.1600E+00
  0.3380E+03  0.1644E+00
  0.3390E+03  0.1641E+00
  0.3400E+03  0.1838E+00
  0.3410E+03  0.1740E+00
  0.3420E+03  0.1739E+00
  0.3430E+03  0.1661E+00
  0.3440E+03  0.1797E+00
  0.3450E+03  0.1660E+00
  0.3460E+03  0.1813E+00
  0.3470E+03  0.1771E+00
  0.3480E+03  0.1728E+00
  0.3490E+03  0.1687E+00
  0.3500E+03  0.1687E+00
  0.3510E+03  0.1458E+00
  0.3520E+03  0.1497E+00
  0.3530E+03  0.1510E+00
  0.3540E+03  0.1407E+00
  0.3550E+03  0.1347E+00
  0.3560E+03  0.1369E+00
  0.3570E+03  0.1250E+00
  0.3580E+03  0.1075E+00
  0.3590E+03  0.1106E+00
  0.3600E+03  0.1027E+00
  0.3610E+03  0.9844E-01
  0.3620E+03  0.9255E-01
  0.3630E+03  0.8145E-01
  0.3640E+03  0.8426E-01
  0.3650E+03  0.7642E-01
  0.3660E+03  0.6626E-01
  0.3670E+03  0.6174E-01
  0.3680E+03  0.5838E-01
  0.3690E+03  0.5952E-01
  0.3700E+03  0.5116E-01
  0.3710E+03  0.4197E-01
  0.3720E+03  0.4719E-01
  0.3730E+03  0.3937E-01
  0.3740E+03  0.3869E-01
  0.3750E+03  0.4059E-01
  0.3760E+03  0.3335E-01
  0.3770E+03  0.2964E-01
  0.3780E+03  0.2664E-01
  0.3790E+03  0.2512E-01
  0.3800E+03  0.2380E-01
  0.3810E+03  0.2450E-01
  0.3820E+03  0.1947E-01
  0.3830E+03  0.2166E-01
  0.3840E+03  0.2071E-01
  0.3850E+03  0.2057E-01
  0.3860E+03  0.1781E-01
  0.3870E+03  0.1895E-01
  0.3880E+03  0.2045E-01
  0.3890E+03  0.2049E-01
  0.3900E+03  0.1375E-01
  0.3910E+03  0.1341E-01
  0.3920E+03  0.1655E-01
  0.3930E+03  0.1651E-01
  0.3940E+03  0.1665E-01
  0.3950E+03  0.1757E-01
  0.3960E+03  0.1861E-01
  0.3970E+03  0.1898E-01
  0.3980E+03  0.1776E-01
  0.3990E+03  0.1734E-01
  0.4000E+03  0.1754E-01
  0.4010E+03  0.1888E-01
  0.4020E+03  0.2036E-01
  0.4030E+03  0.2014E-01
  0.4040E+03  0.1988E-01
  0.4050E+03  0.2535E-01
  0.4060E+03  0.2668E-01
  0.4070E+03  0.2954E-01
  0.4080E+03  0.3197E-01
  0.4090E+03  0.4156E-01
  0.4100E+03  0.3131E-01
  0.4110E+03  0.3425E-01
  0.4120E+03  0.4401E-01
  0.4130E+03  0.5467E-01
  0.4140E+03  0.5498E-01
  0.4150E+03  0.5937E-01
  0.4160E+03  0.5255E-01
  0.4170E+03  0.6379E-01
  0.4180E+03  0.6544E-01
  0.4190E+03  0.7261E-01
  0.4200E+03  0.7380E-01
  0.4210E+03  0.7759E-01
  0.4220E+03  0.8737E-01
  0.4230E+03  0.8649E-01
  0.4240E+03  0.9717E-01
  0.4250E+03  0.9852E-01
  0.4260E+03  0.9362E-01
  0.4270E+03  0.1081E+00
  0.4280E+03  0.1147E+00
  0.4290E+03  0.1252E+00
  0.4300E+03  0.1222E+00
  0.4310E+03  0.1216E+00
  0.4320E+03  0.1412E+00
  0.4330E+03  0.1378E+00
  0.4340E+03  0.1410E+00
  0.4350E+03  0.1383E+00
  0.4360E+03  0.1530E+00
  0.4370E+03  0.1549E+00
  0.4380E+03  0.1576E+00
  0.4390E+03  0.1498E+00
  0.4400E+03  0.1549E+00
  0.4410E+03  0.1509E+00
  0.4420E+03  0.1519E+00
  0.4430E+03  0.1479E+00
  0.4440E+03  0.1548E+00
  0.4450E+03  0.1468E+00
  0.4460E+03  0.1463E+00
  0.4470E+03  0.1301E+00
  0.4480E+03  0.1323E+00
  0.4490E+03  0.1325E+00
  0.4500E+03  0.1326E+00
  0.4510E+03  0.1249E+00
  0.4520E+03  0.1059E+00
  0.4530E+03  0.9586E-01
  0.4540E+03  0.1147E+00
  0.4550E+03  0.1048E+00
  0.4560E+03  0.9606E-01
  0.4570E+03  0.8178E-01
  0.4580E+03  0.9478E-01
  0.4590E+03  0.7711E-01
  0.4600E+03  0.7234E-01
  0.4610E+03  0.6004E-01
  0.4620E+03  0.6791E-01
  0.4630E+03  0.6016E-01
  0.4640E+03  0.5229E-01
  0.4650E+03  0.4892E-01
  0.4660E+03  0.5774E-01
  0.4670E+03  0.4631E-01
  0.4680E+03  0.4440E-01
  0.4690E+03  0.3801E-01
  0.4700E+03  0.3940E-01
  0.4710E+03  0.4101E-01
  0.4720E+03  0.4132E-01
  0.4730E+03  0.3907E-01
  0.4740E+03  0.4068E-01
  0.4750E+03  0.3841E-01
  0.4760E+03  0.3707E-01
  0.4770E+03  0.3746E-01
  0.4780E+03  0.4068E-01
  0.4790E+03  0.4176E-01
  0.4800E+03  0.4281E-01
  0.4810E+03  0.5044E-01
  0.4820E+03  0.4417E-01
  0.4830E+03  0.5588E-01
  0.4840E+03  0.6411E-01
  0.4850E+03  0.5564E-01
  0.4860E+03  0.6456E-01
  0.4870E+03  0.7062E-01
  0.4880E+03  0.7984E-01
  0.4890E+03  0.7574E-01
  0.4900E+03  0.8932E-01
  0.4910E+03  0.1040E+00
  0.4920E+03  0.1047E+00
  0.4930E+03  0.9647E-01
  0.4940E+03  0.1086E+00
  0.4950E+03  0.1227E+00
  0.4960E+03  0.1299E+00
  0.4970E+03  0.1318E+00
  0.4980E+03  0.1463E+00
  0.4990E+03  0.1546E+00
  0.5000E+03  0.1629E+00
  0.5010E+03  0.1685E+00
  0.5020E+03  0.1881E+00
  0.5030E+03  0.1972E+00
  0.5040E+03  0.2016E+00
  0.5050E+03  0.2061E+00
  0.5060E+03  0.2204E+00
  0.5070E+03  0.2269E+00
  0.5080E+03  0.2258E+00
  0.5090E+03  0.2366E+00
  0.5100E+03  0.2598E+00
  0.5110E+03  0.0000E+00
  0.5120E+03  0.0000E+00
