  0.1000E+01  0.9026E+01
  0.2000E+01  0.1024E+02
  0.3000E+01  0.1090E+02
  0.4000E+01  0.1103E+02
  0.5000E+01  0.1157E+02
  0.6000E+01  0.1131E+02
  0.7000E+01  0.1192E+02
  0.8000E+01  0.1145E+02
  0.9000E+01  0.1149E+02
  0.1000E+02  0.1201E+02
  0.1100E+02  0.1188E+02
  0.1200E+02  0.1213E+02
  0.1300E+02  0.1159E+02
  0.1400E+02  0.1204E+02
  0.1500E+02  0.1200E+02
  0.1600E+02  0.1148E+02
  0.1700E+02  0.1210E+02
  0.1800E+02  0.1165E+02
  0.1900E+02  0.1177E+02
  0.2000E+02  0.1154E+02
  0.2100E+02  0.1152E+02
  0.2200E+02  0.1157E+02
  0.2300E+02  0.1155E+02
  0.2400E+02  0.1164E+02
  0.2500E+02  0.1175E+02
  0.2600E+02  0.1224E+02
  0.2700E+02  0.1205E+02
  0.2800E+02  0.1200E+02
  0.2900E+02  0.1225E+02
  0.3000E+02  0.1208E+02
  0.3100E+02  0.1217E+02
  0.3200E+02  0.1202E+02
  0.3300E+02  0.1131E+02
  0.3400E+02  0.1151E+02
  0.3500E+02  0.1115E+02
  0.3600E+02  0.1103E+02
  0.3700E+02  0.1143E+02
  0.3800E+02  0.1114E+02
  0.3900E+02  0.1111E+02
  0.4000E+02  0.1083E+02
  0.4100E+02  0.1114E+02
  0.4200E+02  0.1115E+02
  0.4300E+02  0.1120E+02
  0.4400E+02  0.1109E+02
  0.4500E+02  0.1074E+02
  0.4600E+02  0.1131E+02
  0.4700E+02  0.1103E+02
  0.4800E+02  0.1095E+02
  0.4900E+02  0.1077E+02
  0.5000E+02  0.1096E+02
  0.5100E+02  0.1072E+02
  0.5200E+02  0.1094E+02
  0.5300E+02  0.1101E+02
  0.5400E+02  0.1069E+02
  0.5500E+02  0.1124E+02
  0.5600E+02  0.1058E+02
  0.5700E+02  0.1099E+02
  0.5800E+02  0.1065E+02
  0.5900E+02  0.1073E+02
  0.6000E+02  0.1086E+02
  0.6100E+02  0.1035E+02
  0.6200E+02  0.1068E+02
  0.6300E+02  0.1033E+02
  0.6400E+02  0.1034E+02
  0.6500E+02  0.1043E+02
  0.6600E+02  0.1042E+02
  0.6700E+02  0.1036E+02
  0.6800E+02  0.1034E+02
  0.6900E+02  0.9596E+01
  0.7000E+02  0.1003E+02
  0.7100E+02  0.9853E+01
  0.7200E+02  0.9525E+01
  0.7300E+02  0.9536E+01
  0.7400E+02  0.1002E+02
  0.7500E+02  0.9501E+01
  0.7600E+02  0.9869E+01
  0.7700E+02  0.9553E+01
  0.7800E+02  0.9842E+01
  0.7900E+02  0.9141E+01
  0.8000E+02  0.9912E+01
  0.8100E+02  0.9513E+01
  0.8200E+02  0.9373E+01
  0.8300E+02  0.9447E+01
  0.8400E+02  0.9230E+01
  0.8500E+02  0.9515E+01
  0.8600E+02  0.9670E+01
  0.8700E+02  0.9255E+01
  0.8800E+02  0.9453E+01
  0.8900E+02  0.9218E+01
  0.9000E+02  0.9110E+01
  0.9100E+02  0.9415E+01
  0.9200E+02  0.8861E+01
  0.9300E+02  0.9215E+01
  0.9400E+02  0.8834E+01
  0.9500E+02  0.8966E+01
  0.9600E+02  0.8940E+01
  0.9700E+02  0.9028E+01
  0.9800E+02  0.8675E+01
  0.9900E+02  0.8959E+01
  0.1000E+03  0.8856E+01
  0.1010E+03  0.9023E+01
  0.1020E+03  0.8918E+01
  0.1030E+03  0.8795E+01
  0.1040E+03  0.9047E+01
  0.1050E+03  0.8785E+01
  0.1060E+03  0.8990E+01
  0.1070E+03  0.8818E+01
  0.1080E+03  0.8960E+01
  0.1090E+03  0.9271E+01
  0.1100E+03  0.8890E+01
  0.1110E+03  0.8767E+01
  0.1120E+03  0.9067E+01
  0.1130E+03  0.8973E+01
  0.1140E+03  0.9094E+01
  0.1150E+03  0.8953E+01
  0.1160E+03  0.8947E+01
  0.1170E+03  0.9058E+01
  0.1180E+03  0.8771E+01
  0.1190E+03  0.9111E+01
  0.1200E+03  0.8946E+01
  0.1210E+03  0.9109E+01
  0.1220E+03  0.9658E+01
  0.1230E+03  0.9123E+01
  0.1240E+03  0.9397E+01
  0.1250E+03  0.9728E+01
  0.1260E+03  0.8961E+01
  0.1270E+03  0.9334E+01
  0.1280E+03  0.9107E+01
  0.1290E+03  0.9497E+01
  0.1300E+03  0.9425E+01
  0.1310E+03  0.9327E+01
  0.1320E+03  0.9136E+01
  0.1330E+03  0.9243E+01
  0.1340E+03  0.9618E+01
  0.1350E+03  0.9289E+01
  0.1360E+03  0.9296E+01
  0.1370E+03  0.9241E+01
  0.1380E+03  0.9344E+01
  0.1390E+03  0.9847E+01
  0.1400E+03  0.9785E+01
  0.1410E+03  0.9726E+01
  0.1420E+03  0.1035E+02
  0.1430E+03  0.1114E+02
  0.1440E+03  0.1207E+02
  0.1450E+03  0.1265E+02
  0.1460E+03  0.1399E+02
  0.1470E+03  0.1529E+02
  0.1480E+03  0.1686E+02
  0.1490E+03  0.1909E+02
  0.1500E+03  0.2135E+02
  0.1510E+03  0.2345E+02
  0.1520E+03  0.2591E+02
  0.1530E+03  0.2842E+02
  0.1540E+03  0.3102E+02
  0.1550E+03  0.3327E+02
  0.1560E+03  0.3536E+02
  0.1570E+03  0.3614E+02
  0.1580E+03  0.3749E+02
  0.1590E+03  0.3759E+02
  0.1600E+03  0.3765E+02
  0.1610E+03  0.3582E+02
  0.1620E+03  0.3460E+02
  0.1630E+03  0.3283E+02
  0.1640E+03  0.3034E+02
  0.1650E+03  0.2826E+02
  0.1660E+03  0.2598E+02
  0.1670E+03  0.2337E+02
  0.1680E+03  0.2040E+02
  0.1690E+03  0.1917E+02
  0.1700E+03  0.1680E+02
  0.1710E+03  0.1569E+02
  0.1720E+03  0.1416E+02
  0.1730E+03  0.1243E+02
  0.1740E+03  0.1171E+02
  0.1750E+03  0.1150E+02
  0.1760E+03  0.1081E+02
  0.1770E+03  0.1067E+02
  0.1780E+03  0.1015E+02
  0.1790E+03  0.1013E+02
  0.1800E+03  0.9904E+01
  0.1810E+03  0.9913E+01
  0.1820E+03  0.9845E+01
  0.1830E+03  0.9797E+01
  0.1840E+03  0.1001E+02
  0.1850E+03  0.1001E+02
  0.1860E+03  0.1023E+02
  0.1870E+03  0.1007E+02
  0.1880E+03  0.1032E+02
  0.1890E+03  0.1014E+02
  0.1900E+03  0.9873E+01
  0.1910E+03  0.1043E+02
  0.1920E+03  0.1039E+02
  0.1930E+03  0.1035E+02
  0.1940E+03  0.1067E+02
  0.1950E+03  0.1042E+02
  0.1960E+03  0.1029E+02
  0.1970E+03  0.1047E+02
  0.1980E+03  0.1075E+02
  0.1990E+03  0.1027E+02
  0.2000E+03  0.1021E+02
  0.2010E+03  0.1052E+02
  0.2020E+03  0.1060E+02
  0.2030E+03  0.1058E+02
  0.2040E+03  0.1060E+02
  0.2050E+03  0.1062E+02
  0.2060E+03  0.1090E+02
  0.2070E+03  0.1084E+02
  0.2080E+03  0.1100E+02
  0.2090E+03  0.1133E+02
  0.2100E+03  0.1053E+02
  0.2110E+03  0.1087E+02
  0.2120E+03  0.1137E+02
  0.2130E+03  0.1121E+02
  0.2140E+03  0.1172E+02
  0.2150E+03  0.1126E+02
  0.2160E+03  0.1160E+02
  0.2170E+03  0.1181E+02
  0.2180E+03  0.1189E+02
  0.2190E+03  0.1136E+02
  0.2200E+03  0.1219E+02
  0.2210E+03  0.1166E+02
  0.2220E+03  0.1242E+02
  0.2230E+03  0.1191E+02
  0.2240E+03  0.1225E+02
  0.2250E+03  0.1202E+02
  0.2260E+03  0.1232E+02
  0.2270E+03  0.1236E+02
  0.2280E+03  0.1241E+02
  0.2290E+03  0.1285E+02
  0.2300E+03  0.1271E+02
  0.2310E+03  0.1263E+02
  0.2320E+03  0.1269E+02
  0.2330E+03  0.1328E+02
  0.2340E+03  0.1358E+02
  0.2350E+03  0.1335E+02
  0.2360E+03  0.1383E+02
  0.2370E+03  0.1366E+02
  0.2380E+03  0.1405E+02
  0.2390E+03  0.1445E+02
  0.2400E+03  0.1415E+02
  0.2410E+03  0.1432E+02
  0.2420E+03  0.1484E+02
  0.2430E+03  0.1508E+02
  0.2440E+03  0.1485E+02
  0.2450E+03  0.1487E+02
  0.2460E+03  0.1561E+02
  0.2470E+03  0.1583E+02
  0.2480E+03  0.1567E+02
  0.2490E+03  0.1560E+02
  0.2500E+03  0.1635E+02
  0.2510E+03  0.1653E+02
  0.2520E+03  0.1633E+02
  0.2530E+03  0.1657E+02
  0.2540E+03  0.1657E+02
  0.2550E+03  0.1691E+02
  0.2560E+03  0.1674E+02
  0.2570E+03  0.1718E+02
  0.2580E+03  0.1642E+02
  0.2590E+03  0.1721E+02
  0.2600E+03  0.1700E+02
  0.2610E+03  0.1744E+02
  0.2620E+03  0.1721E+02
  0.2630E+03  0.1743E+02
  0.2640E+03  0.1813E+02
  0.2650E+03  0.1783E+02
  0.2660E+03  0.1757E+02
  0.2670E+03  0.1807E+02
  0.2680E+03  0.1849E+02
  0.2690E+03  0.1867E+02
  0.2700E+03  0.1841E+02
  0.2710E+03  0.1882E+02
  0.2720E+03  0.1885E+02
  0.2730E+03  0.1938E+02
  0.2740E+03  0.1879E+02
  0.2750E+03  0.1891E+02
  0.2760E+03  0.1917E+02
  0.2770E+03  0.1952E+02
  0.2780E+03  0.1943E+02
  0.2790E+03  0.1979E+02
  0.2800E+03  0.1916E+02
  0.2810E+03  0.1939E+02
  0.2820E+03  0.1900E+02
  0.2830E+03  0.1951E+02
  0.2840E+03  0.1936E+02
  0.2850E+03  0.1951E+02
  0.2860E+03  0.1938E+02
  0.2870E+03  0.1909E+02
  0.2880E+03  0.1884E+02
  0.2890E+03  0.1832E+02
  0.2900E+03  0.1866E+02
  0.2910E+03  0.1877E+02
  0.2920E+03  0.1851E+02
  0.2930E+03  0.1877E+02
  0.2940E+03  0.1800E+02
  0.2950E+03  0.1884E+02
  0.2960E+03  0.1846E+02
  0.2970E+03  0.1867E+02
  0.2980E+03  0.1823E+02
  0.2990E+03  0.1902E+02
  0.3000E+03  0.1875E+02
  0.3010E+03  0.1920E+02
  0.3020E+03  0.1837E+02
  0.3030E+03  0.1914E+02
  0.3040E+03  0.1940E+02
  0.3050E+03  0.1965E+02
  0.3060E+03  0.1966E+02
  0.3070E+03  0.2021E+02
  0.3080E+03  0.2070E+02
  0.3090E+03  0.2051E+02
  0.3100E+03  0.2021E+02
  0.3110E+03  0.2071E+02
  0.3120E+03  0.2180E+02
  0.3130E+03  0.2202E+02
  0.3140E+03  0.2253E+02
  0.3150E+03  0.2224E+02
  0.3160E+03  0.2262E+02
  0.3170E+03  0.2274E+02
  0.3180E+03  0.2321E+02
  0.3190E+03  0.2303E+02
  0.3200E+03  0.2442E+02
  0.3210E+03  0.2502E+02
  0.3220E+03  0.2469E+02
  0.3230E+03  0.2548E+02
  0.3240E+03  0.2580E+02
  0.3250E+03  0.2664E+02
  0.3260E+03  0.2729E+02
  0.3270E+03  0.2755E+02
  0.3280E+03  0.2804E+02
  0.3290E+03  0.2859E+02
  0.3300E+03  0.2969E+02
  0.3310E+03  0.2948E+02
  0.3320E+03  0.2952E+02
  0.3330E+03  0.2954E+02
  0.3340E+03  0.3009E+02
  0.3350E+03  0.3100E+02
  0.3360E+03  0.3218E+02
  0.3370E+03  0.3264E+02
  0.3380E+03  0.3238E+02
  0.3390E+03  0.3216E+02
  0.3400E+03  0.3242E+02
  0.3410E+03  0.3273E+02
  0.3420E+03  0.3237E+02
  0.3430E+03  0.3254E+02
  0.3440E+03  0.3280E+02
  0.3450E+03  0.3271E+02
  0.3460E+03  0.3224E+02
  0.3470E+03  0.3173E+02
  0.3480E+03  0.3062E+02
  0.3490E+03  0.3057E+02
  0.3500E+03  0.2997E+02
  0.3510E+03  0.2998E+02
  0.3520E+03  0.2896E+02
  0.3530E+03  0.2812E+02
  0.3540E+03  0.2697E+02
  0.3550E+03  0.2670E+02
  0.3560E+03  0.2579E+02
  0.3570E+03  0.2407E+02
  0.3580E+03  0.2358E+02
  0.3590E+03  0.2265E+02
  0.3600E+03  0.2167E+02
  0.3610E+03  0.2069E+02
  0.3620E+03  0.1948E+02
  0.3630E+03  0.1861E+02
  0.3640E+03  0.1765E+02
  0.3650E+03  0.1687E+02
  0.3660E+03  0.1588E+02
  0.3670E+03  0.1481E+02
  0.3680E+03  0.1408E+02
  0.3690E+03  0.1354E+02
  0.3700E+03  0.1257E+02
  0.3710E+03  0.1203E+02
  0.3720E+03  0.1157E+02
  0.3730E+03  0.1077E+02
  0.3740E+03  0.1051E+02
  0.3750E+03  0.9641E+01
  0.3760E+03  0.9128E+01
  0.3770E+03  0.8777E+01
  0.3780E+03  0.8398E+01
  0.3790E+03  0.7651E+01
  0.3800E+03  0.7732E+01
  0.3810E+03  0.6912E+01
  0.3820E+03  0.6882E+01
  0.3830E+03  0.6878E+01
  0.3840E+03  0.6533E+01
  0.3850E+03  0.6573E+01
  0.3860E+03  0.5868E+01
  0.3870E+03  0.6200E+01
  0.3880E+03  0.5713E+01
  0.3890E+03  0.5727E+01
  0.3900E+03  0.5682E+01
  0.3910E+03  0.5914E+01
  0.3920E+03  0.5749E+01
  0.3930E+03  0.5208E+01
  0.3940E+03  0.5564E+01
  0.3950E+03  0.5827E+01
  0.3960E+03  0.5531E+01
  0.3970E+03  0.5962E+01
  0.3980E+03  0.5752E+01
  0.3990E+03  0.5979E+01
  0.4000E+03  0.6057E+01
  0.4010E+03  0.6459E+01
  0.4020E+03  0.6375E+01
  0.4030E+03  0.6682E+01
  0.4040E+03  0.6922E+01
  0.4050E+03  0.7291E+01
  0.4060E+03  0.7905E+01
  0.4070E+03  0.7855E+01
  0.4080E+03  0.8252E+01
  0.4090E+03  0.9184E+01
  0.4100E+03  0.9727E+01
  0.4110E+03  0.1039E+02
  0.4120E+03  0.1101E+02
  0.4130E+03  0.1129E+02
  0.4140E+03  0.1204E+02
  0.4150E+03  0.1323E+02
  0.4160E+03  0.1400E+02
  0.4170E+03  0.1467E+02
  0.4180E+03  0.1587E+02
  0.4190E+03  0.1695E+02
  0.4200E+03  0.1763E+02
  0.4210E+03  0.1889E+02
  0.4220E+03  0.2019E+02
  0.4230E+03  0.2105E+02
  0.4240E+03  0.2247E+02
  0.4250E+03  0.2366E+02
  0.4260E+03  0.2384E+02
  0.4270E+03  0.2603E+02
  0.4280E+03  0.2721E+02
  0.4290E+03  0.2776E+02
  0.4300E+03  0.2877E+02
  0.4310E+03  0.2973E+02
  0.4320E+03  0.3042E+02
  0.4330E+03  0.3089E+02
  0.4340E+03  0.3217E+02
  0.4350E+03  0.3288E+02
  0.4360E+03  0.3352E+02
  0.4370E+03  0.3350E+02
  0.4380E+03  0.3434E+02
  0.4390E+03  0.3417E+02
  0.4400E+03  0.3364E+02
  0.4410E+03  0.3370E+02
  0.4420E+03  0.3352E+02
  0.4430E+03  0.3346E+02
  0.4440E+03  0.3247E+02
  0.4450E+03  0.3263E+02
  0.4460E+03  0.3198E+02
  0.4470E+03  0.3139E+02
  0.4480E+03  0.2977E+02
  0.4490E+03  0.2946E+02
  0.4500E+03  0.2850E+02
  0.4510E+03  0.2797E+02
  0.4520E+03  0.2698E+02
  0.4530E+03  0.2528E+02
  0.4540E+03  0.2445E+02
  0.4550E+03  0.2269E+02
  0.4560E+03  0.2229E+02
  0.4570E+03  0.2087E+02
  0.4580E+03  0.2000E+02
  0.4590E+03  0.1836E+02
  0.4600E+03  0.1786E+02
  0.4610E+03  0.1673E+02
  0.4620E+03  0.1664E+02
  0.4630E+03  0.1543E+02
  0.4640E+03  0.1428E+02
  0.4650E+03  0.1320E+02
  0.4660E+03  0.1286E+02
  0.4670E+03  0.1280E+02
  0.4680E+03  0.1245E+02
  0.4690E+03  0.1185E+02
  0.4700E+03  0.1154E+02
  0.4710E+03  0.1152E+02
  0.4720E+03  0.1136E+02
  0.4730E+03  0.1163E+02
  0.4740E+03  0.1176E+02
  0.4750E+03  0.1193E+02
  0.4760E+03  0.1233E+02
  0.4770E+03  0.1241E+02
  0.4780E+03  0.1317E+02
  0.4790E+03  0.1400E+02
  0.4800E+03  0.1468E+02
  0.4810E+03  0.1551E+02
  0.4820E+03  0.1661E+02
  0.4830E+03  0.1764E+02
  0.4840E+03  0.1890E+02
  0.4850E+03  0.2027E+02
  0.4860E+03  0.2143E+02
  0.4870E+03  0.2303E+02
  0.4880E+03  0.2514E+02
  0.4890E+03  0.2620E+02
  0.4900E+03  0.2837E+02
  0.4910E+03  0.3069E+02
  0.4920E+03  0.3238E+02
  0.4930E+03  0.3447E+02
  0.4940E+03  0.3646E+02
  0.4950E+03  0.3905E+02
  0.4960E+03  0.4125E+02
  0.4970E+03  0.4478E+02
  0.4980E+03  0.4662E+02
  0.4990E+03  0.4960E+02
  0.5000E+03  0.5228E+02
  0.5010E+03  0.5592E+02
  0.5020E+03  0.5858E+02
  0.5030E+03  0.6140E+02
  0.5040E+03  0.6433E+02
  0.5050E+03  0.6890E+02
  0.5060E+03  0.7169E+02
  0.5070E+03  0.7532E+02
  0.5080E+03  0.7895E+02
  0.5090E+03  0.8132E+02
  0.5100E+03  0.8485E+02
  0.5110E+03  0.0000E+00
  0.5120E+03  0.0000E+00
