  0.1000E+01  0.1049E+01
  0.2000E+01  0.1190E+01
  0.3000E+01  0.1298E+01
  0.4000E+01  0.1241E+01
  0.5000E+01  0.1312E+01
  0.6000E+01  0.1474E+01
  0.7000E+01  0.1379E+01
  0.8000E+01  0.1393E+01
  0.9000E+01  0.1330E+01
  0.1000E+02  0.1410E+01
  0.1100E+02  0.1348E+01
  0.1200E+02  0.1377E+01
  0.1300E+02  0.1389E+01
  0.1400E+02  0.1310E+01
  0.1500E+02  0.1496E+01
  0.1600E+02  0.1428E+01
  0.1700E+02  0.1594E+01
  0.1800E+02  0.1392E+01
  0.1900E+02  0.1450E+01
  0.2000E+02  0.1502E+01
  0.2100E+02  0.1582E+01
  0.2200E+02  0.1553E+01
  0.2300E+02  0.1718E+01
  0.2400E+02  0.1761E+01
  0.2500E+02  0.2052E+01
  0.2600E+02  0.2239E+01
  0.2700E+02  0.2177E+01
  0.2800E+02  0.1998E+01
  0.2900E+02  0.1897E+01
  0.3000E+02  0.1827E+01
  0.3100E+02  0.1725E+01
  0.3200E+02  0.1637E+01
  0.3300E+02  0.1487E+01
  0.3400E+02  0.1571E+01
  0.3500E+02  0.1334E+01
  0.3600E+02  0.1260E+01
  0.3700E+02  0.1425E+01
  0.3800E+02  0.1363E+01
  0.3900E+02  0.1396E+01
  0.4000E+02  0.1573E+01
  0.4100E+02  0.1452E+01
  0.4200E+02  0.1566E+01
  0.4300E+02  0.1495E+01
  0.4400E+02  0.1425E+01
  0.4500E+02  0.1563E+01
  0.4600E+02  0.1423E+01
  0.4700E+02  0.1512E+01
  0.4800E+02  0.1635E+01
  0.4900E+02  0.1521E+01
  0.5000E+02  0.1509E+01
  0.5100E+02  0.1610E+01
  0.5200E+02  0.1478E+01
  0.5300E+02  0.1868E+01
  0.5400E+02  0.1580E+01
  0.5500E+02  0.1499E+01
  0.5600E+02  0.1562E+01
  0.5700E+02  0.1758E+01
  0.5800E+02  0.1781E+01
  0.5900E+02  0.1720E+01
  0.6000E+02  0.1637E+01
  0.6100E+02  0.1782E+01
  0.6200E+02  0.1943E+01
  0.6300E+02  0.1895E+01
  0.6400E+02  0.2076E+01
  0.6500E+02  0.2218E+01
  0.6600E+02  0.2171E+01
  0.6700E+02  0.2306E+01
  0.6800E+02  0.2340E+01
  0.6900E+02  0.2461E+01
  0.7000E+02  0.2493E+01
  0.7100E+02  0.2628E+01
  0.7200E+02  0.2808E+01
  0.7300E+02  0.3196E+01
  0.7400E+02  0.3320E+01
  0.7500E+02  0.3405E+01
  0.7600E+02  0.3642E+01
  0.7700E+02  0.3824E+01
  0.7800E+02  0.3963E+01
  0.7900E+02  0.4210E+01
  0.8000E+02  0.4425E+01
  0.8100E+02  0.4437E+01
  0.8200E+02  0.4683E+01
  0.8300E+02  0.4411E+01
  0.8400E+02  0.4634E+01
  0.8500E+02  0.4591E+01
  0.8600E+02  0.4143E+01
  0.8700E+02  0.4193E+01
  0.8800E+02  0.3959E+01
  0.8900E+02  0.3561E+01
  0.9000E+02  0.3318E+01
  0.9100E+02  0.3114E+01
  0.9200E+02  0.2871E+01
  0.9300E+02  0.2616E+01
  0.9400E+02  0.2329E+01
  0.9500E+02  0.2451E+01
  0.9600E+02  0.2407E+01
  0.9700E+02  0.2402E+01
  0.9800E+02  0.2137E+01
  0.9900E+02  0.2142E+01
  0.1000E+03  0.2198E+01
  0.1010E+03  0.2318E+01
  0.1020E+03  0.2305E+01
  0.1030E+03  0.2391E+01
  0.1040E+03  0.2278E+01
  0.1050E+03  0.2296E+01
  0.1060E+03  0.2244E+01
  0.1070E+03  0.2442E+01
  0.1080E+03  0.2519E+01
  0.1090E+03  0.2316E+01
  0.1100E+03  0.2180E+01
  0.1110E+03  0.2512E+01
  0.1120E+03  0.2334E+01
  0.1130E+03  0.2378E+01
  0.1140E+03  0.2353E+01
  0.1150E+03  0.2359E+01
  0.1160E+03  0.2338E+01
  0.1170E+03  0.2159E+01
  0.1180E+03  0.2475E+01
  0.1190E+03  0.2405E+01
  0.1200E+03  0.2429E+01
  0.1210E+03  0.2309E+01
  0.1220E+03  0.2380E+01
  0.1230E+03  0.2639E+01
  0.1240E+03  0.2588E+01
  0.1250E+03  0.2572E+01
  0.1260E+03  0.2555E+01
  0.1270E+03  0.2646E+01
  0.1280E+03  0.2536E+01
  0.1290E+03  0.2776E+01
  0.1300E+03  0.2590E+01
  0.1310E+03  0.2828E+01
  0.1320E+03  0.2651E+01
  0.1330E+03  0.2842E+01
  0.1340E+03  0.2779E+01
  0.1350E+03  0.3122E+01
  0.1360E+03  0.3111E+01
  0.1370E+03  0.3075E+01
  0.1380E+03  0.2971E+01
  0.1390E+03  0.3061E+01
  0.1400E+03  0.3168E+01
  0.1410E+03  0.3435E+01
  0.1420E+03  0.3369E+01
  0.1430E+03  0.3258E+01
  0.1440E+03  0.3628E+01
  0.1450E+03  0.3644E+01
  0.1460E+03  0.3604E+01
  0.1470E+03  0.3509E+01
  0.1480E+03  0.3476E+01
  0.1490E+03  0.3714E+01
  0.1500E+03  0.3724E+01
  0.1510E+03  0.3659E+01
  0.1520E+03  0.3803E+01
  0.1530E+03  0.3852E+01
  0.1540E+03  0.3876E+01
  0.1550E+03  0.3673E+01
  0.1560E+03  0.3625E+01
  0.1570E+03  0.3670E+01
  0.1580E+03  0.3594E+01
  0.1590E+03  0.3365E+01
  0.1600E+03  0.3404E+01
  0.1610E+03  0.3110E+01
  0.1620E+03  0.3059E+01
  0.1630E+03  0.3010E+01
  0.1640E+03  0.2955E+01
  0.1650E+03  0.2812E+01
  0.1660E+03  0.3045E+01
  0.1670E+03  0.2662E+01
  0.1680E+03  0.2566E+01
  0.1690E+03  0.2550E+01
  0.1700E+03  0.2751E+01
  0.1710E+03  0.2632E+01
  0.1720E+03  0.2552E+01
  0.1730E+03  0.2749E+01
  0.1740E+03  0.2639E+01
  0.1750E+03  0.2721E+01
  0.1760E+03  0.2747E+01
  0.1770E+03  0.2772E+01
  0.1780E+03  0.2614E+01
  0.1790E+03  0.2785E+01
  0.1800E+03  0.2850E+01
  0.1810E+03  0.3150E+01
  0.1820E+03  0.2963E+01
  0.1830E+03  0.2974E+01
  0.1840E+03  0.2860E+01
  0.1850E+03  0.3092E+01
  0.1860E+03  0.3032E+01
  0.1870E+03  0.3118E+01
  0.1880E+03  0.3287E+01
  0.1890E+03  0.3184E+01
  0.1900E+03  0.3299E+01
  0.1910E+03  0.3511E+01
  0.1920E+03  0.3361E+01
  0.1930E+03  0.3438E+01
  0.1940E+03  0.3384E+01
  0.1950E+03  0.3395E+01
  0.1960E+03  0.3252E+01
  0.1970E+03  0.3363E+01
  0.1980E+03  0.3420E+01
  0.1990E+03  0.3490E+01
  0.2000E+03  0.3796E+01
  0.2010E+03  0.3682E+01
  0.2020E+03  0.3956E+01
  0.2030E+03  0.3762E+01
  0.2040E+03  0.3881E+01
  0.2050E+03  0.3872E+01
  0.2060E+03  0.3882E+01
  0.2070E+03  0.3822E+01
  0.2080E+03  0.4064E+01
  0.2090E+03  0.4380E+01
  0.2100E+03  0.4304E+01
  0.2110E+03  0.4502E+01
  0.2120E+03  0.4373E+01
  0.2130E+03  0.4452E+01
  0.2140E+03  0.4428E+01
  0.2150E+03  0.4644E+01
  0.2160E+03  0.4423E+01
  0.2170E+03  0.4671E+01
  0.2180E+03  0.4544E+01
  0.2190E+03  0.4670E+01
  0.2200E+03  0.5016E+01
  0.2210E+03  0.4762E+01
  0.2220E+03  0.4760E+01
  0.2230E+03  0.4980E+01
  0.2240E+03  0.4905E+01
  0.2250E+03  0.4996E+01
  0.2260E+03  0.5277E+01
  0.2270E+03  0.5167E+01
  0.2280E+03  0.4902E+01
  0.2290E+03  0.5324E+01
  0.2300E+03  0.5064E+01
  0.2310E+03  0.5449E+01
  0.2320E+03  0.5425E+01
  0.2330E+03  0.5404E+01
  0.2340E+03  0.5406E+01
  0.2350E+03  0.5176E+01
  0.2360E+03  0.5661E+01
  0.2370E+03  0.5739E+01
  0.2380E+03  0.5476E+01
  0.2390E+03  0.5978E+01
  0.2400E+03  0.5586E+01
  0.2410E+03  0.5802E+01
  0.2420E+03  0.5942E+01
  0.2430E+03  0.6110E+01
  0.2440E+03  0.5638E+01
  0.2450E+03  0.5915E+01
  0.2460E+03  0.6003E+01
  0.2470E+03  0.6049E+01
  0.2480E+03  0.6080E+01
  0.2490E+03  0.6474E+01
  0.2500E+03  0.6523E+01
  0.2510E+03  0.6441E+01
  0.2520E+03  0.6246E+01
  0.2530E+03  0.6054E+01
  0.2540E+03  0.6539E+01
  0.2550E+03  0.6179E+01
  0.2560E+03  0.6514E+01
  0.2570E+03  0.6513E+01
  0.2580E+03  0.6400E+01
  0.2590E+03  0.6670E+01
  0.2600E+03  0.6709E+01
  0.2610E+03  0.6431E+01
  0.2620E+03  0.6340E+01
  0.2630E+03  0.6746E+01
  0.2640E+03  0.6652E+01
  0.2650E+03  0.6895E+01
  0.2660E+03  0.6731E+01
  0.2670E+03  0.6935E+01
  0.2680E+03  0.6797E+01
  0.2690E+03  0.7321E+01
  0.2700E+03  0.6991E+01
  0.2710E+03  0.6710E+01
  0.2720E+03  0.6609E+01
  0.2730E+03  0.6868E+01
  0.2740E+03  0.6797E+01
  0.2750E+03  0.6934E+01
  0.2760E+03  0.7189E+01
  0.2770E+03  0.7098E+01
  0.2780E+03  0.7230E+01
  0.2790E+03  0.6921E+01
  0.2800E+03  0.7017E+01
  0.2810E+03  0.7099E+01
  0.2820E+03  0.7346E+01
  0.2830E+03  0.7266E+01
  0.2840E+03  0.7311E+01
  0.2850E+03  0.7083E+01
  0.2860E+03  0.7142E+01
  0.2870E+03  0.7209E+01
  0.2880E+03  0.7346E+01
  0.2890E+03  0.7333E+01
  0.2900E+03  0.7304E+01
  0.2910E+03  0.6984E+01
  0.2920E+03  0.7376E+01
  0.2930E+03  0.7536E+01
  0.2940E+03  0.6977E+01
  0.2950E+03  0.7356E+01
  0.2960E+03  0.7408E+01
  0.2970E+03  0.7527E+01
  0.2980E+03  0.7473E+01
  0.2990E+03  0.7452E+01
  0.3000E+03  0.7277E+01
  0.3010E+03  0.7121E+01
  0.3020E+03  0.7425E+01
  0.3030E+03  0.7569E+01
  0.3040E+03  0.7448E+01
  0.3050E+03  0.7603E+01
  0.3060E+03  0.7289E+01
  0.3070E+03  0.7545E+01
  0.3080E+03  0.7567E+01
  0.3090E+03  0.7504E+01
  0.3100E+03  0.7244E+01
  0.3110E+03  0.7488E+01
  0.3120E+03  0.7371E+01
  0.3130E+03  0.7339E+01
  0.3140E+03  0.7356E+01
  0.3150E+03  0.7390E+01
  0.3160E+03  0.7100E+01
  0.3170E+03  0.7244E+01
  0.3180E+03  0.7349E+01
  0.3190E+03  0.7370E+01
  0.3200E+03  0.7479E+01
  0.3210E+03  0.7403E+01
  0.3220E+03  0.7648E+01
  0.3230E+03  0.7266E+01
  0.3240E+03  0.7623E+01
  0.3250E+03  0.7112E+01
  0.3260E+03  0.7396E+01
  0.3270E+03  0.7080E+01
  0.3280E+03  0.7475E+01
  0.3290E+03  0.6971E+01
  0.3300E+03  0.7317E+01
  0.3310E+03  0.7380E+01
  0.3320E+03  0.7439E+01
  0.3330E+03  0.6878E+01
  0.3340E+03  0.7304E+01
  0.3350E+03  0.7294E+01
  0.3360E+03  0.7414E+01
  0.3370E+03  0.7115E+01
  0.3380E+03  0.7485E+01
  0.3390E+03  0.7070E+01
  0.3400E+03  0.7127E+01
  0.3410E+03  0.6830E+01
  0.3420E+03  0.7168E+01
  0.3430E+03  0.7217E+01
  0.3440E+03  0.7011E+01
  0.3450E+03  0.7013E+01
  0.3460E+03  0.6912E+01
  0.3470E+03  0.7094E+01
  0.3480E+03  0.6954E+01
  0.3490E+03  0.6795E+01
  0.3500E+03  0.6706E+01
  0.3510E+03  0.7104E+01
  0.3520E+03  0.6980E+01
  0.3530E+03  0.6368E+01
  0.3540E+03  0.6771E+01
  0.3550E+03  0.6864E+01
  0.3560E+03  0.6750E+01
  0.3570E+03  0.6658E+01
  0.3580E+03  0.6413E+01
  0.3590E+03  0.6956E+01
  0.3600E+03  0.6488E+01
  0.3610E+03  0.6973E+01
  0.3620E+03  0.6596E+01
  0.3630E+03  0.6753E+01
  0.3640E+03  0.6825E+01
  0.3650E+03  0.6420E+01
  0.3660E+03  0.6729E+01
  0.3670E+03  0.6508E+01
  0.3680E+03  0.6311E+01
  0.3690E+03  0.6424E+01
  0.3700E+03  0.6204E+01
  0.3710E+03  0.6579E+01
  0.3720E+03  0.5980E+01
  0.3730E+03  0.6446E+01
  0.3740E+03  0.6431E+01
  0.3750E+03  0.6338E+01
  0.3760E+03  0.6320E+01
  0.3770E+03  0.6415E+01
  0.3780E+03  0.6100E+01
  0.3790E+03  0.6658E+01
  0.3800E+03  0.6382E+01
  0.3810E+03  0.6279E+01
  0.3820E+03  0.6150E+01
  0.3830E+03  0.6556E+01
  0.3840E+03  0.6079E+01
  0.3850E+03  0.6197E+01
  0.3860E+03  0.6129E+01
  0.3870E+03  0.5738E+01
  0.3880E+03  0.6150E+01
  0.3890E+03  0.6041E+01
  0.3900E+03  0.5600E+01
  0.3910E+03  0.5884E+01
  0.3920E+03  0.5867E+01
  0.3930E+03  0.5695E+01
  0.3940E+03  0.5799E+01
  0.3950E+03  0.5922E+01
  0.3960E+03  0.5721E+01
  0.3970E+03  0.5377E+01
  0.3980E+03  0.5427E+01
  0.3990E+03  0.5892E+01
  0.4000E+03  0.5573E+01
  0.4010E+03  0.5435E+01
  0.4020E+03  0.5602E+01
  0.4030E+03  0.5350E+01
  0.4040E+03  0.5514E+01
  0.4050E+03  0.5366E+01
  0.4060E+03  0.5178E+01
  0.4070E+03  0.5579E+01
  0.4080E+03  0.5438E+01
  0.4090E+03  0.5368E+01
  0.4100E+03  0.4717E+01
  0.4110E+03  0.5369E+01
  0.4120E+03  0.5470E+01
  0.4130E+03  0.5004E+01
  0.4140E+03  0.4866E+01
  0.4150E+03  0.5116E+01
  0.4160E+03  0.4949E+01
  0.4170E+03  0.5076E+01
  0.4180E+03  0.4941E+01
  0.4190E+03  0.4883E+01
  0.4200E+03  0.5007E+01
  0.4210E+03  0.5041E+01
  0.4220E+03  0.4999E+01
  0.4230E+03  0.4621E+01
  0.4240E+03  0.4689E+01
  0.4250E+03  0.4904E+01
  0.4260E+03  0.4609E+01
  0.4270E+03  0.4712E+01
  0.4280E+03  0.4681E+01
  0.4290E+03  0.4627E+01
  0.4300E+03  0.4582E+01
  0.4310E+03  0.4566E+01
  0.4320E+03  0.4015E+01
  0.4330E+03  0.4223E+01
  0.4340E+03  0.4220E+01
  0.4350E+03  0.4336E+01
  0.4360E+03  0.4325E+01
  0.4370E+03  0.4594E+01
  0.4380E+03  0.4276E+01
  0.4390E+03  0.4330E+01
  0.4400E+03  0.4159E+01
  0.4410E+03  0.4390E+01
  0.4420E+03  0.4193E+01
  0.4430E+03  0.4221E+01
  0.4440E+03  0.4049E+01
  0.4450E+03  0.3989E+01
  0.4460E+03  0.4126E+01
  0.4470E+03  0.3838E+01
  0.4480E+03  0.3662E+01
  0.4490E+03  0.3748E+01
  0.4500E+03  0.4086E+01
  0.4510E+03  0.3620E+01
  0.4520E+03  0.3433E+01
  0.4530E+03  0.3976E+01
  0.4540E+03  0.3563E+01
  0.4550E+03  0.3544E+01
  0.4560E+03  0.3428E+01
  0.4570E+03  0.3209E+01
  0.4580E+03  0.3740E+01
  0.4590E+03  0.3436E+01
  0.4600E+03  0.3229E+01
  0.4610E+03  0.3050E+01
  0.4620E+03  0.3265E+01
  0.4630E+03  0.3420E+01
  0.4640E+03  0.3274E+01
  0.4650E+03  0.3448E+01
  0.4660E+03  0.2844E+01
  0.4670E+03  0.3375E+01
  0.4680E+03  0.2939E+01
  0.4690E+03  0.3232E+01
  0.4700E+03  0.2762E+01
  0.4710E+03  0.2930E+01
  0.4720E+03  0.2978E+01
  0.4730E+03  0.2895E+01
  0.4740E+03  0.2913E+01
  0.4750E+03  0.2759E+01
  0.4760E+03  0.2599E+01
  0.4770E+03  0.2713E+01
  0.4780E+03  0.2987E+01
  0.4790E+03  0.2836E+01
  0.4800E+03  0.2822E+01
  0.4810E+03  0.2691E+01
  0.4820E+03  0.2779E+01
  0.4830E+03  0.2573E+01
  0.4840E+03  0.2564E+01
  0.4850E+03  0.2693E+01
  0.4860E+03  0.2297E+01
  0.4870E+03  0.2652E+01
  0.4880E+03  0.2725E+01
  0.4890E+03  0.2665E+01
  0.4900E+03  0.2302E+01
  0.4910E+03  0.2352E+01
  0.4920E+03  0.2591E+01
  0.4930E+03  0.2237E+01
  0.4940E+03  0.2122E+01
  0.4950E+03  0.2020E+01
  0.4960E+03  0.2045E+01
  0.4970E+03  0.2261E+01
  0.4980E+03  0.2302E+01
  0.4990E+03  0.2074E+01
  0.5000E+03  0.1940E+01
  0.5010E+03  0.1740E+01
  0.5020E+03  0.1820E+01
  0.5030E+03  0.1849E+01
  0.5040E+03  0.1913E+01
  0.5050E+03  0.1824E+01
  0.5060E+03  0.1795E+01
  0.5070E+03  0.1913E+01
  0.5080E+03  0.1556E+01
  0.5090E+03  0.1742E+01
  0.5100E+03  0.1749E+01
  0.5110E+03  0.0000E+00
  0.5120E+03  0.0000E+00
