  0.1000E+01  0.2595E-01
  0.2000E+01  0.9573E-01
  0.3000E+01  0.7544E-01
  0.4000E+01  0.2716E-01
  0.5000E+01  0.1838E-01
  0.6000E+01  0.1822E-01
  0.7000E+01  0.1453E-01
  0.8000E+01  0.1176E-01
  0.9000E+01  0.1375E-01
  0.1000E+02  0.1167E-01
  0.1100E+02  0.1072E-01
  0.1200E+02  0.7193E-02
  0.1300E+02  0.6873E-02
  0.1400E+02  0.9572E-02
  0.1500E+02  0.8894E-02
  0.1600E+02  0.6089E-02
  0.1700E+02  0.6112E-02
  0.1800E+02  0.4642E-02
  0.1900E+02  0.7464E-02
  0.2000E+02  0.2084E-01
  0.2100E+02  0.1037E+00
  0.2200E+02  0.3831E+00
  0.2300E+02  0.1110E+01
  0.2400E+02  0.2870E+01
  0.2500E+02  0.5597E+01
  0.2600E+02  0.8735E+01
  0.2700E+02  0.1095E+02
  0.2800E+02  0.1121E+02
  0.2900E+02  0.9445E+01
  0.3000E+02  0.6930E+01
  0.3100E+02  0.4706E+01
  0.3200E+02  0.3259E+01
  0.3300E+02  0.2098E+01
  0.3400E+02  0.1236E+01
  0.3500E+02  0.6191E+00
  0.3600E+02  0.2659E+00
  0.3700E+02  0.1017E+00
  0.3800E+02  0.3322E-01
  0.3900E+02  0.1459E-01
  0.4000E+02  0.1664E-01
  0.4100E+02  0.1722E-01
  0.4200E+02  0.2383E-01
  0.4300E+02  0.2535E-01
  0.4400E+02  0.3280E-01
  0.4500E+02  0.3794E-01
  0.4600E+02  0.4123E-01
  0.4700E+02  0.3965E-01
  0.4800E+02  0.4686E-01
  0.4900E+02  0.5027E-01
  0.5000E+02  0.5403E-01
  0.5100E+02  0.6201E-01
  0.5200E+02  0.6095E-01
  0.5300E+02  0.7731E-01
  0.5400E+02  0.8220E-01
  0.5500E+02  0.7904E-01
  0.5600E+02  0.8339E-01
  0.5700E+02  0.8298E-01
  0.5800E+02  0.7384E-01
  0.5900E+02  0.7340E-01
  0.6000E+02  0.6502E-01
  0.6100E+02  0.5125E-01
  0.6200E+02  0.4291E-01
  0.6300E+02  0.3162E-01
  0.6400E+02  0.2245E-01
  0.6500E+02  0.1808E-01
  0.6600E+02  0.9979E-02
  0.6700E+02  0.5897E-02
  0.6800E+02  0.3519E-02
  0.6900E+02  0.3913E-02
  0.7000E+02  0.2932E-02
  0.7100E+02  0.1954E-02
  0.7200E+02  0.3889E-02
  0.7300E+02  0.3383E-02
  0.7400E+02  0.1739E-02
  0.7500E+02  0.2305E-02
  0.7600E+02  0.2081E-02
  0.7700E+02  0.2053E-02
  0.7800E+02  0.2413E-02
  0.7900E+02  0.2081E-02
  0.8000E+02  0.2686E-02
  0.8100E+02  0.1705E-02
  0.8200E+02  0.8399E-03
  0.8300E+02  0.2612E-02
  0.8400E+02  0.3049E-02
  0.8500E+02  0.3114E-02
  0.8600E+02  0.8987E-03
  0.8700E+02  0.4580E-02
  0.8800E+02  0.2696E-02
  0.8900E+02  0.3394E-02
  0.9000E+02  0.3675E-02
  0.9100E+02  0.4911E-02
  0.9200E+02  0.4872E-02
  0.9300E+02  0.3696E-02
  0.9400E+02  0.6645E-02
  0.9500E+02  0.4285E-02
  0.9600E+02  0.5769E-02
  0.9700E+02  0.4309E-02
  0.9800E+02  0.3880E-02
  0.9900E+02  0.3155E-02
  0.1000E+03  0.4208E-02
  0.1010E+03  0.3283E-02
  0.1020E+03  0.3266E-02
  0.1030E+03  0.2868E-02
  0.1040E+03  0.4524E-02
  0.1050E+03  0.3848E-02
  0.1060E+03  0.5310E-02
  0.1070E+03  0.2403E-02
  0.1080E+03  0.2304E-02
  0.1090E+03  0.2540E-02
  0.1100E+03  0.4270E-02
  0.1110E+03  0.3567E-02
  0.1120E+03  0.5734E-02
  0.1130E+03  0.6113E-02
  0.1140E+03  0.1024E-01
  0.1150E+03  0.1245E-01
  0.1160E+03  0.1431E-01
  0.1170E+03  0.1886E-01
  0.1180E+03  0.2025E-01
  0.1190E+03  0.3308E-01
  0.1200E+03  0.3350E-01
  0.1210E+03  0.4383E-01
  0.1220E+03  0.4940E-01
  0.1230E+03  0.5607E-01
  0.1240E+03  0.5541E-01
  0.1250E+03  0.7632E-01
  0.1260E+03  0.7853E-01
  0.1270E+03  0.9801E-01
  0.1280E+03  0.9755E-01
  0.1290E+03  0.9111E-01
  0.1300E+03  0.9975E-01
  0.1310E+03  0.1040E+00
  0.1320E+03  0.9564E-01
  0.1330E+03  0.1005E+00
  0.1340E+03  0.9256E-01
  0.1350E+03  0.9972E-01
  0.1360E+03  0.1023E+00
  0.1370E+03  0.1059E+00
  0.1380E+03  0.1115E+00
  0.1390E+03  0.1241E+00
  0.1400E+03  0.1614E+00
  0.1410E+03  0.1885E+00
  0.1420E+03  0.2625E+00
  0.1430E+03  0.3226E+00
  0.1440E+03  0.4293E+00
  0.1450E+03  0.5752E+00
  0.1460E+03  0.7178E+00
  0.1470E+03  0.9560E+00
  0.1480E+03  0.1217E+01
  0.1490E+03  0.1495E+01
  0.1500E+03  0.1800E+01
  0.1510E+03  0.2166E+01
  0.1520E+03  0.2524E+01
  0.1530E+03  0.2871E+01
  0.1540E+03  0.3206E+01
  0.1550E+03  0.3562E+01
  0.1560E+03  0.3822E+01
  0.1570E+03  0.3989E+01
  0.1580E+03  0.4165E+01
  0.1590E+03  0.4096E+01
  0.1600E+03  0.4071E+01
  0.1610E+03  0.3967E+01
  0.1620E+03  0.3751E+01
  0.1630E+03  0.3442E+01
  0.1640E+03  0.3198E+01
  0.1650E+03  0.2800E+01
  0.1660E+03  0.2411E+01
  0.1670E+03  0.2104E+01
  0.1680E+03  0.1768E+01
  0.1690E+03  0.1437E+01
  0.1700E+03  0.1172E+01
  0.1710E+03  0.8823E+00
  0.1720E+03  0.6877E+00
  0.1730E+03  0.5106E+00
  0.1740E+03  0.3753E+00
  0.1750E+03  0.2652E+00
  0.1760E+03  0.1928E+00
  0.1770E+03  0.1371E+00
  0.1780E+03  0.9632E-01
  0.1790E+03  0.6051E-01
  0.1800E+03  0.3828E-01
  0.1810E+03  0.2699E-01
  0.1820E+03  0.1807E-01
  0.1830E+03  0.8757E-02
  0.1840E+03  0.5805E-02
  0.1850E+03  0.5087E-02
  0.1860E+03  0.2098E-02
  0.1870E+03  0.2901E-02
  0.1880E+03  0.2716E-02
  0.1890E+03  0.1335E-02
  0.1900E+03  0.1860E-02
  0.1910E+03  0.1832E-02
  0.1920E+03  0.1370E-02
  0.1930E+03  0.1139E-02
  0.1940E+03  0.1388E-02
  0.1950E+03  0.1011E-02
  0.1960E+03  0.6880E-03
  0.1970E+03  0.1333E-02
  0.1980E+03  0.1254E-02
  0.1990E+03  0.2167E-02
  0.2000E+03  0.2225E-02
  0.2010E+03  0.1131E-02
  0.2020E+03  0.5278E-03
  0.2030E+03  0.2674E-03
  0.2040E+03  0.1017E-02
  0.2050E+03  0.6650E-03
  0.2060E+03  0.6764E-03
  0.2070E+03  0.6416E-04
  0.2080E+03  0.1684E-03
  0.2090E+03  0.1514E-03
  0.2100E+03  0.4913E-03
  0.2110E+03  0.4546E-03
  0.2120E+03  0.3922E-04
  0.2130E+03  0.3704E-03
  0.2140E+03  0.1730E-04
  0.2150E+03  0.1517E-03
  0.2160E+03  0.2640E-03
  0.2170E+03  0.1024E-03
  0.2180E+03  0.5159E-03
  0.2190E+03  0.4844E-03
  0.2200E+03  0.0000E+00
  0.2210E+03  0.7916E-03
  0.2220E+03  0.0000E+00
  0.2230E+03  0.6689E-03
  0.2240E+03  0.4112E-03
  0.2250E+03  0.2380E-03
  0.2260E+03  0.4164E-03
  0.2270E+03  0.6387E-03
  0.2280E+03  0.2809E-03
  0.2290E+03  0.7729E-04
  0.2300E+03  0.1030E-02
  0.2310E+03  0.7754E-04
  0.2320E+03  0.7971E-03
  0.2330E+03  0.5089E-03
  0.2340E+03  0.9460E-03
  0.2350E+03  0.8097E-03
  0.2360E+03  0.8264E-03
  0.2370E+03  0.8841E-03
  0.2380E+03  0.2339E-02
  0.2390E+03  0.1381E-02
  0.2400E+03  0.1298E-02
  0.2410E+03  0.1332E-02
  0.2420E+03  0.7061E-03
  0.2430E+03  0.1931E-02
  0.2440E+03  0.2728E-02
  0.2450E+03  0.1206E-02
  0.2460E+03  0.1478E-02
  0.2470E+03  0.2641E-02
  0.2480E+03  0.1873E-02
  0.2490E+03  0.8507E-03
  0.2500E+03  0.1993E-02
  0.2510E+03  0.9086E-03
  0.2520E+03  0.1484E-02
  0.2530E+03  0.2066E-02
  0.2540E+03  0.7835E-03
  0.2550E+03  0.2226E-02
  0.2560E+03  0.1633E-02
  0.2570E+03  0.1204E-02
  0.2580E+03  0.1059E-02
  0.2590E+03  0.1691E-02
  0.2600E+03  0.6951E-03
  0.2610E+03  0.9558E-03
  0.2620E+03  0.1203E-02
  0.2630E+03  0.2236E-02
  0.2640E+03  0.1761E-02
  0.2650E+03  0.1782E-02
  0.2660E+03  0.1717E-02
  0.2670E+03  0.2544E-02
  0.2680E+03  0.9153E-03
  0.2690E+03  0.9322E-03
  0.2700E+03  0.1721E-02
  0.2710E+03  0.1730E-02
  0.2720E+03  0.6733E-03
  0.2730E+03  0.1007E-02
  0.2740E+03  0.2265E-02
  0.2750E+03  0.2251E-02
  0.2760E+03  0.1495E-02
  0.2770E+03  0.1622E-02
  0.2780E+03  0.2692E-02
  0.2790E+03  0.1407E-02
  0.2800E+03  0.1164E-02
  0.2810E+03  0.1900E-02
  0.2820E+03  0.1752E-02
  0.2830E+03  0.1880E-02
  0.2840E+03  0.3665E-02
  0.2850E+03  0.2190E-02
  0.2860E+03  0.1389E-02
  0.2870E+03  0.1314E-02
  0.2880E+03  0.1998E-02
  0.2890E+03  0.1978E-02
  0.2900E+03  0.2391E-02
  0.2910E+03  0.1775E-02
  0.2920E+03  0.1879E-02
  0.2930E+03  0.7774E-03
  0.2940E+03  0.9407E-03
  0.2950E+03  0.3095E-02
  0.2960E+03  0.9648E-03
  0.2970E+03  0.1480E-02
  0.2980E+03  0.1143E-02
  0.2990E+03  0.1422E-02
  0.3000E+03  0.1653E-02
  0.3010E+03  0.7589E-03
  0.3020E+03  0.2044E-02
  0.3030E+03  0.4711E-03
  0.3040E+03  0.1930E-02
  0.3050E+03  0.1498E-02
  0.3060E+03  0.4228E-03
  0.3070E+03  0.1102E-02
  0.3080E+03  0.6942E-03
  0.3090E+03  0.1145E-02
  0.3100E+03  0.9441E-03
  0.3110E+03  0.1401E-02
  0.3120E+03  0.1369E-02
  0.3130E+03  0.1441E-02
  0.3140E+03  0.9285E-03
  0.3150E+03  0.1102E-02
  0.3160E+03  0.8880E-03
  0.3170E+03  0.1480E-02
  0.3180E+03  0.8202E-03
  0.3190E+03  0.6526E-03
  0.3200E+03  0.1464E-02
  0.3210E+03  0.8253E-03
  0.3220E+03  0.1119E-02
  0.3230E+03  0.9542E-03
  0.3240E+03  0.5067E-03
  0.3250E+03  0.7972E-03
  0.3260E+03  0.1888E-02
  0.3270E+03  0.2367E-02
  0.3280E+03  0.2716E-02
  0.3290E+03  0.4686E-03
  0.3300E+03  0.1868E-02
  0.3310E+03  0.1998E-02
  0.3320E+03  0.2550E-02
  0.3330E+03  0.3431E-02
  0.3340E+03  0.3065E-02
  0.3350E+03  0.1700E-02
  0.3360E+03  0.1048E-02
  0.3370E+03  0.1805E-02
  0.3380E+03  0.2195E-02
  0.3390E+03  0.3216E-02
  0.3400E+03  0.2634E-02
  0.3410E+03  0.2639E-02
  0.3420E+03  0.2029E-02
  0.3430E+03  0.2410E-02
  0.3440E+03  0.2310E-02
  0.3450E+03  0.2325E-02
  0.3460E+03  0.1782E-02
  0.3470E+03  0.2428E-02
  0.3480E+03  0.1934E-02
  0.3490E+03  0.2515E-02
  0.3500E+03  0.1733E-02
  0.3510E+03  0.2212E-02
  0.3520E+03  0.1472E-02
  0.3530E+03  0.2198E-02
  0.3540E+03  0.8904E-03
  0.3550E+03  0.1040E-02
  0.3560E+03  0.1662E-02
  0.3570E+03  0.1126E-02
  0.3580E+03  0.1732E-02
  0.3590E+03  0.1450E-02
  0.3600E+03  0.1787E-02
  0.3610E+03  0.1520E-02
  0.3620E+03  0.8353E-03
  0.3630E+03  0.7415E-03
  0.3640E+03  0.2139E-02
  0.3650E+03  0.1686E-02
  0.3660E+03  0.7622E-03
  0.3670E+03  0.6820E-03
  0.3680E+03  0.7396E-03
  0.3690E+03  0.7845E-03
  0.3700E+03  0.3117E-03
  0.3710E+03  0.5066E-03
  0.3720E+03  0.4856E-03
  0.3730E+03  0.5680E-03
  0.3740E+03  0.6573E-03
  0.3750E+03  0.1930E-03
  0.3760E+03  0.3606E-03
  0.3770E+03  0.7467E-03
  0.3780E+03  0.3469E-03
  0.3790E+03  0.3209E-03
  0.3800E+03  0.6679E-03
  0.3810E+03  0.3961E-03
  0.3820E+03  0.0000E+00
  0.3830E+03  0.6712E-03
  0.3840E+03  0.5955E-04
  0.3850E+03  0.3400E-03
  0.3860E+03  0.3404E-03
  0.3870E+03  0.5669E-03
  0.3880E+03  0.0000E+00
  0.3890E+03  0.2411E-03
  0.3900E+03  0.0000E+00
  0.3910E+03  0.8991E-04
  0.3920E+03  0.3185E-04
  0.3930E+03  0.5176E-03
  0.3940E+03  0.9042E-03
  0.3950E+03  0.0000E+00
  0.3960E+03  0.1710E-03
  0.3970E+03  0.5206E-03
  0.3980E+03  0.2648E-03
  0.3990E+03  0.1028E-03
  0.4000E+03  0.2112E-04
  0.4010E+03  0.0000E+00
  0.4020E+03  0.4075E-03
  0.4030E+03  0.3540E-03
  0.4040E+03  0.4445E-03
  0.4050E+03  0.5914E-03
  0.4060E+03  0.5919E-03
  0.4070E+03  0.5413E-03
  0.4080E+03  0.8269E-03
  0.4090E+03  0.5361E-03
  0.4100E+03  0.5280E-03
  0.4110E+03  0.9880E-04
  0.4120E+03  0.6820E-03
  0.4130E+03  0.9166E-03
  0.4140E+03  0.2751E-03
  0.4150E+03  0.4613E-03
  0.4160E+03  0.0000E+00
  0.4170E+03  0.1151E-02
  0.4180E+03  0.7651E-03
  0.4190E+03  0.7253E-03
  0.4200E+03  0.1075E-02
  0.4210E+03  0.5517E-03
  0.4220E+03  0.1661E-02
  0.4230E+03  0.1020E-02
  0.4240E+03  0.1316E-02
  0.4250E+03  0.9848E-03
  0.4260E+03  0.3581E-03
  0.4270E+03  0.5203E-03
  0.4280E+03  0.2012E-02
  0.4290E+03  0.1780E-02
  0.4300E+03  0.2735E-02
  0.4310E+03  0.1070E-02
  0.4320E+03  0.9857E-03
  0.4330E+03  0.1447E-02
  0.4340E+03  0.2317E-02
  0.4350E+03  0.1488E-02
  0.4360E+03  0.3799E-02
  0.4370E+03  0.1219E-02
  0.4380E+03  0.2110E-02
  0.4390E+03  0.1988E-02
  0.4400E+03  0.2920E-02
  0.4410E+03  0.2849E-02
  0.4420E+03  0.3250E-02
  0.4430E+03  0.2845E-02
  0.4440E+03  0.9608E-03
  0.4450E+03  0.2696E-02
  0.4460E+03  0.1832E-02
  0.4470E+03  0.1021E-02
  0.4480E+03  0.3132E-02
  0.4490E+03  0.9960E-03
  0.4500E+03  0.2213E-02
  0.4510E+03  0.9298E-03
  0.4520E+03  0.1460E-02
  0.4530E+03  0.2005E-02
  0.4540E+03  0.1109E-02
  0.4550E+03  0.1764E-02
  0.4560E+03  0.1285E-02
  0.4570E+03  0.1305E-02
  0.4580E+03  0.1178E-02
  0.4590E+03  0.1713E-02
  0.4600E+03  0.1080E-02
  0.4610E+03  0.8419E-03
  0.4620E+03  0.3739E-03
  0.4630E+03  0.1609E-02
  0.4640E+03  0.8745E-03
  0.4650E+03  0.3063E-03
  0.4660E+03  0.1240E-02
  0.4670E+03  0.1001E-03
  0.4680E+03  0.5398E-03
  0.4690E+03  0.5071E-03
  0.4700E+03  0.2829E-03
  0.4710E+03  0.6724E-04
  0.4720E+03  0.3359E-04
  0.4730E+03  0.1229E-02
  0.4740E+03  0.2894E-03
  0.4750E+03  0.4006E-03
  0.4760E+03  0.1162E-02
  0.4770E+03  0.7334E-03
  0.4780E+03  0.2613E-04
  0.4790E+03  0.3339E-03
  0.4800E+03  0.8355E-03
  0.4810E+03  0.4633E-03
  0.4820E+03  0.8666E-03
  0.4830E+03  0.6326E-03
  0.4840E+03  0.1963E-03
  0.4850E+03  0.5541E-03
  0.4860E+03  0.1283E-02
  0.4870E+03  0.7251E-03
  0.4880E+03  0.1311E-02
  0.4890E+03  0.6073E-03
  0.4900E+03  0.1653E-02
  0.4910E+03  0.1766E-02
  0.4920E+03  0.6647E-03
  0.4930E+03  0.3947E-03
  0.4940E+03  0.1485E-02
  0.4950E+03  0.2565E-02
  0.4960E+03  0.2426E-02
  0.4970E+03  0.1672E-02
  0.4980E+03  0.2298E-02
  0.4990E+03  0.2773E-02
  0.5000E+03  0.2408E-02
  0.5010E+03  0.2201E-02
  0.5020E+03  0.3370E-02
  0.5030E+03  0.3324E-02
  0.5040E+03  0.9468E-03
  0.5050E+03  0.2459E-02
  0.5060E+03  0.3246E-02
  0.5070E+03  0.5234E-02
  0.5080E+03  0.5256E-02
  0.5090E+03  0.1472E-02
  0.5100E+03  0.3766E-02
  0.5110E+03  0.0000E+00
  0.5120E+03  0.0000E+00
