  0.1000E+01  0.7142E+00
  0.2000E+01  0.5907E+00
  0.3000E+01  0.7959E+00
  0.4000E+01  0.7981E+00
  0.5000E+01  0.9209E+00
  0.6000E+01  0.8688E+00
  0.7000E+01  0.8452E+00
  0.8000E+01  0.8179E+00
  0.9000E+01  0.8579E+00
  0.1000E+02  0.7149E+00
  0.1100E+02  0.7650E+00
  0.1200E+02  0.7855E+00
  0.1300E+02  0.7393E+00
  0.1400E+02  0.8326E+00
  0.1500E+02  0.8056E+00
  0.1600E+02  0.6872E+00
  0.1700E+02  0.8351E+00
  0.1800E+02  0.7793E+00
  0.1900E+02  0.8721E+00
  0.2000E+02  0.7807E+00
  0.2100E+02  0.7903E+00
  0.2200E+02  0.8703E+00
  0.2300E+02  0.8703E+00
  0.2400E+02  0.8470E+00
  0.2500E+02  0.7548E+00
  0.2600E+02  0.7564E+00
  0.2700E+02  0.8926E+00
  0.2800E+02  0.7987E+00
  0.2900E+02  0.7480E+00
  0.3000E+02  0.7202E+00
  0.3100E+02  0.9374E+00
  0.3200E+02  0.8907E+00
  0.3300E+02  0.8178E+00
  0.3400E+02  0.7438E+00
  0.3500E+02  0.8733E+00
  0.3600E+02  0.7386E+00
  0.3700E+02  0.8127E+00
  0.3800E+02  0.7110E+00
  0.3900E+02  0.8025E+00
  0.4000E+02  0.6842E+00
  0.4100E+02  0.7812E+00
  0.4200E+02  0.7360E+00
  0.4300E+02  0.8058E+00
  0.4400E+02  0.6962E+00
  0.4500E+02  0.8226E+00
  0.4600E+02  0.8175E+00
  0.4700E+02  0.8505E+00
  0.4800E+02  0.8822E+00
  0.4900E+02  0.7670E+00
  0.5000E+02  0.8164E+00
  0.5100E+02  0.7668E+00
  0.5200E+02  0.8416E+00
  0.5300E+02  0.1053E+01
  0.5400E+02  0.9702E+00
  0.5500E+02  0.9050E+00
  0.5600E+02  0.1035E+01
  0.5700E+02  0.9184E+00
  0.5800E+02  0.1030E+01
  0.5900E+02  0.1137E+01
  0.6000E+02  0.1092E+01
  0.6100E+02  0.1059E+01
  0.6200E+02  0.1211E+01
  0.6300E+02  0.1026E+01
  0.6400E+02  0.1100E+01
  0.6500E+02  0.1098E+01
  0.6600E+02  0.1228E+01
  0.6700E+02  0.1277E+01
  0.6800E+02  0.1156E+01
  0.6900E+02  0.1249E+01
  0.7000E+02  0.1176E+01
  0.7100E+02  0.1230E+01
  0.7200E+02  0.1115E+01
  0.7300E+02  0.1107E+01
  0.7400E+02  0.1271E+01
  0.7500E+02  0.1262E+01
  0.7600E+02  0.1538E+01
  0.7700E+02  0.1323E+01
  0.7800E+02  0.1265E+01
  0.7900E+02  0.1345E+01
  0.8000E+02  0.1299E+01
  0.8100E+02  0.1344E+01
  0.8200E+02  0.1465E+01
  0.8300E+02  0.1399E+01
  0.8400E+02  0.1512E+01
  0.8500E+02  0.1534E+01
  0.8600E+02  0.1419E+01
  0.8700E+02  0.1428E+01
  0.8800E+02  0.1374E+01
  0.8900E+02  0.1455E+01
  0.9000E+02  0.1500E+01
  0.9100E+02  0.1457E+01
  0.9200E+02  0.1486E+01
  0.9300E+02  0.1360E+01
  0.9400E+02  0.1332E+01
  0.9500E+02  0.1465E+01
  0.9600E+02  0.1241E+01
  0.9700E+02  0.1340E+01
  0.9800E+02  0.1296E+01
  0.9900E+02  0.1328E+01
  0.1000E+03  0.1354E+01
  0.1010E+03  0.1391E+01
  0.1020E+03  0.1468E+01
  0.1030E+03  0.1314E+01
  0.1040E+03  0.1370E+01
  0.1050E+03  0.1525E+01
  0.1060E+03  0.1340E+01
  0.1070E+03  0.1359E+01
  0.1080E+03  0.1483E+01
  0.1090E+03  0.1391E+01
  0.1100E+03  0.1352E+01
  0.1110E+03  0.1412E+01
  0.1120E+03  0.1251E+01
  0.1130E+03  0.1320E+01
  0.1140E+03  0.1445E+01
  0.1150E+03  0.1374E+01
  0.1160E+03  0.1554E+01
  0.1170E+03  0.1275E+01
  0.1180E+03  0.1294E+01
  0.1190E+03  0.1533E+01
  0.1200E+03  0.1410E+01
  0.1210E+03  0.1509E+01
  0.1220E+03  0.1370E+01
  0.1230E+03  0.1431E+01
  0.1240E+03  0.1506E+01
  0.1250E+03  0.1204E+01
  0.1260E+03  0.1406E+01
  0.1270E+03  0.1415E+01
  0.1280E+03  0.1424E+01
  0.1290E+03  0.1502E+01
  0.1300E+03  0.1523E+01
  0.1310E+03  0.1624E+01
  0.1320E+03  0.1514E+01
  0.1330E+03  0.1611E+01
  0.1340E+03  0.1501E+01
  0.1350E+03  0.1451E+01
  0.1360E+03  0.1560E+01
  0.1370E+03  0.1483E+01
  0.1380E+03  0.1614E+01
  0.1390E+03  0.1543E+01
  0.1400E+03  0.1620E+01
  0.1410E+03  0.1473E+01
  0.1420E+03  0.1476E+01
  0.1430E+03  0.1582E+01
  0.1440E+03  0.1486E+01
  0.1450E+03  0.1447E+01
  0.1460E+03  0.1629E+01
  0.1470E+03  0.1605E+01
  0.1480E+03  0.1547E+01
  0.1490E+03  0.1640E+01
  0.1500E+03  0.1648E+01
  0.1510E+03  0.1577E+01
  0.1520E+03  0.1880E+01
  0.1530E+03  0.1614E+01
  0.1540E+03  0.1434E+01
  0.1550E+03  0.1698E+01
  0.1560E+03  0.1527E+01
  0.1570E+03  0.1748E+01
  0.1580E+03  0.1807E+01
  0.1590E+03  0.1853E+01
  0.1600E+03  0.1675E+01
  0.1610E+03  0.1847E+01
  0.1620E+03  0.1959E+01
  0.1630E+03  0.1806E+01
  0.1640E+03  0.1932E+01
  0.1650E+03  0.2050E+01
  0.1660E+03  0.1984E+01
  0.1670E+03  0.2055E+01
  0.1680E+03  0.2215E+01
  0.1690E+03  0.2130E+01
  0.1700E+03  0.2243E+01
  0.1710E+03  0.2214E+01
  0.1720E+03  0.2039E+01
  0.1730E+03  0.2408E+01
  0.1740E+03  0.2561E+01
  0.1750E+03  0.2499E+01
  0.1760E+03  0.2566E+01
  0.1770E+03  0.2450E+01
  0.1780E+03  0.2537E+01
  0.1790E+03  0.2360E+01
  0.1800E+03  0.2462E+01
  0.1810E+03  0.2397E+01
  0.1820E+03  0.2328E+01
  0.1830E+03  0.2427E+01
  0.1840E+03  0.2530E+01
  0.1850E+03  0.2343E+01
  0.1860E+03  0.2229E+01
  0.1870E+03  0.2118E+01
  0.1880E+03  0.2310E+01
  0.1890E+03  0.2119E+01
  0.1900E+03  0.2267E+01
  0.1910E+03  0.2060E+01
  0.1920E+03  0.2138E+01
  0.1930E+03  0.2056E+01
  0.1940E+03  0.2093E+01
  0.1950E+03  0.1923E+01
  0.1960E+03  0.1863E+01
  0.1970E+03  0.1926E+01
  0.1980E+03  0.1584E+01
  0.1990E+03  0.1775E+01
  0.2000E+03  0.1786E+01
  0.2010E+03  0.1657E+01
  0.2020E+03  0.1817E+01
  0.2030E+03  0.1599E+01
  0.2040E+03  0.1699E+01
  0.2050E+03  0.1574E+01
  0.2060E+03  0.1440E+01
  0.2070E+03  0.1616E+01
  0.2080E+03  0.1502E+01
  0.2090E+03  0.1570E+01
  0.2100E+03  0.1401E+01
  0.2110E+03  0.1412E+01
  0.2120E+03  0.1518E+01
  0.2130E+03  0.1365E+01
  0.2140E+03  0.1259E+01
  0.2150E+03  0.1273E+01
  0.2160E+03  0.1280E+01
  0.2170E+03  0.1346E+01
  0.2180E+03  0.1227E+01
  0.2190E+03  0.1067E+01
  0.2200E+03  0.1236E+01
  0.2210E+03  0.1273E+01
  0.2220E+03  0.1134E+01
  0.2230E+03  0.1067E+01
  0.2240E+03  0.1121E+01
  0.2250E+03  0.1210E+01
  0.2260E+03  0.1108E+01
  0.2270E+03  0.1012E+01
  0.2280E+03  0.1219E+01
  0.2290E+03  0.1182E+01
  0.2300E+03  0.9842E+00
  0.2310E+03  0.1041E+01
  0.2320E+03  0.1029E+01
  0.2330E+03  0.1058E+01
  0.2340E+03  0.9949E+00
  0.2350E+03  0.1109E+01
  0.2360E+03  0.9252E+00
  0.2370E+03  0.8705E+00
  0.2380E+03  0.1022E+01
  0.2390E+03  0.8839E+00
  0.2400E+03  0.9610E+00
  0.2410E+03  0.8780E+00
  0.2420E+03  0.9802E+00
  0.2430E+03  0.8204E+00
  0.2440E+03  0.8087E+00
  0.2450E+03  0.8419E+00
  0.2460E+03  0.8486E+00
  0.2470E+03  0.7125E+00
  0.2480E+03  0.8562E+00
  0.2490E+03  0.7159E+00
  0.2500E+03  0.7128E+00
  0.2510E+03  0.7748E+00
  0.2520E+03  0.7822E+00
  0.2530E+03  0.7033E+00
  0.2540E+03  0.7534E+00
  0.2550E+03  0.6754E+00
  0.2560E+03  0.6994E+00
  0.2570E+03  0.7196E+00
  0.2580E+03  0.7064E+00
  0.2590E+03  0.7542E+00
  0.2600E+03  0.7259E+00
  0.2610E+03  0.7276E+00
  0.2620E+03  0.6642E+00
  0.2630E+03  0.5697E+00
  0.2640E+03  0.5821E+00
  0.2650E+03  0.6391E+00
  0.2660E+03  0.6977E+00
  0.2670E+03  0.6256E+00
  0.2680E+03  0.5298E+00
  0.2690E+03  0.7190E+00
  0.2700E+03  0.5482E+00
  0.2710E+03  0.4552E+00
  0.2720E+03  0.5034E+00
  0.2730E+03  0.6580E+00
  0.2740E+03  0.5712E+00
  0.2750E+03  0.5541E+00
  0.2760E+03  0.5850E+00
  0.2770E+03  0.6281E+00
  0.2780E+03  0.4052E+00
  0.2790E+03  0.4144E+00
  0.2800E+03  0.5568E+00
  0.2810E+03  0.4576E+00
  0.2820E+03  0.5399E+00
  0.2830E+03  0.6002E+00
  0.2840E+03  0.5392E+00
  0.2850E+03  0.5356E+00
  0.2860E+03  0.4209E+00
  0.2870E+03  0.4413E+00
  0.2880E+03  0.5324E+00
  0.2890E+03  0.5336E+00
  0.2900E+03  0.5575E+00
  0.2910E+03  0.4380E+00
  0.2920E+03  0.4048E+00
  0.2930E+03  0.5429E+00
  0.2940E+03  0.4250E+00
  0.2950E+03  0.4606E+00
  0.2960E+03  0.4964E+00
  0.2970E+03  0.6037E+00
  0.2980E+03  0.4133E+00
  0.2990E+03  0.4314E+00
  0.3000E+03  0.4271E+00
  0.3010E+03  0.4662E+00
  0.3020E+03  0.4379E+00
  0.3030E+03  0.3875E+00
  0.3040E+03  0.3799E+00
  0.3050E+03  0.4143E+00
  0.3060E+03  0.4301E+00
  0.3070E+03  0.4103E+00
  0.3080E+03  0.3135E+00
  0.3090E+03  0.4297E+00
  0.3100E+03  0.4090E+00
  0.3110E+03  0.3488E+00
  0.3120E+03  0.3330E+00
  0.3130E+03  0.4489E+00
  0.3140E+03  0.3331E+00
  0.3150E+03  0.3681E+00
  0.3160E+03  0.3461E+00
  0.3170E+03  0.3785E+00
  0.3180E+03  0.4146E+00
  0.3190E+03  0.3954E+00
  0.3200E+03  0.3474E+00
  0.3210E+03  0.3586E+00
  0.3220E+03  0.3465E+00
  0.3230E+03  0.3130E+00
  0.3240E+03  0.2971E+00
  0.3250E+03  0.2189E+00
  0.3260E+03  0.3471E+00
  0.3270E+03  0.2857E+00
  0.3280E+03  0.3247E+00
  0.3290E+03  0.2883E+00
  0.3300E+03  0.3833E+00
  0.3310E+03  0.3200E+00
  0.3320E+03  0.2723E+00
  0.3330E+03  0.2361E+00
  0.3340E+03  0.3467E+00
  0.3350E+03  0.2855E+00
  0.3360E+03  0.2077E+00
  0.3370E+03  0.2694E+00
  0.3380E+03  0.3754E+00
  0.3390E+03  0.3102E+00
  0.3400E+03  0.2949E+00
  0.3410E+03  0.3200E+00
  0.3420E+03  0.2810E+00
  0.3430E+03  0.3153E+00
  0.3440E+03  0.3577E+00
  0.3450E+03  0.2906E+00
  0.3460E+03  0.2284E+00
  0.3470E+03  0.2826E+00
  0.3480E+03  0.3052E+00
  0.3490E+03  0.1886E+00
  0.3500E+03  0.2607E+00
  0.3510E+03  0.2552E+00
  0.3520E+03  0.2273E+00
  0.3530E+03  0.2729E+00
  0.3540E+03  0.3155E+00
  0.3550E+03  0.2679E+00
  0.3560E+03  0.1955E+00
  0.3570E+03  0.1930E+00
  0.3580E+03  0.2502E+00
  0.3590E+03  0.2709E+00
  0.3600E+03  0.2374E+00
  0.3610E+03  0.2559E+00
  0.3620E+03  0.2605E+00
  0.3630E+03  0.2295E+00
  0.3640E+03  0.2007E+00
  0.3650E+03  0.2828E+00
  0.3660E+03  0.2261E+00
  0.3670E+03  0.2824E+00
  0.3680E+03  0.2122E+00
  0.3690E+03  0.2003E+00
  0.3700E+03  0.3280E+00
  0.3710E+03  0.1957E+00
  0.3720E+03  0.2428E+00
  0.3730E+03  0.2522E+00
  0.3740E+03  0.2139E+00
  0.3750E+03  0.2340E+00
  0.3760E+03  0.1952E+00
  0.3770E+03  0.2027E+00
  0.3780E+03  0.1789E+00
  0.3790E+03  0.2197E+00
  0.3800E+03  0.2702E+00
  0.3810E+03  0.1728E+00
  0.3820E+03  0.1536E+00
  0.3830E+03  0.1829E+00
  0.3840E+03  0.2451E+00
  0.3850E+03  0.2041E+00
  0.3860E+03  0.2711E+00
  0.3870E+03  0.1868E+00
  0.3880E+03  0.1890E+00
  0.3890E+03  0.2161E+00
  0.3900E+03  0.2251E+00
  0.3910E+03  0.2050E+00
  0.3920E+03  0.2564E+00
  0.3930E+03  0.1985E+00
  0.3940E+03  0.1874E+00
  0.3950E+03  0.1596E+00
  0.3960E+03  0.1834E+00
  0.3970E+03  0.2228E+00
  0.3980E+03  0.1473E+00
  0.3990E+03  0.1579E+00
  0.4000E+03  0.1512E+00
  0.4010E+03  0.2520E+00
  0.4020E+03  0.1983E+00
  0.4030E+03  0.1601E+00
  0.4040E+03  0.1287E+00
  0.4050E+03  0.1911E+00
  0.4060E+03  0.1640E+00
  0.4070E+03  0.1674E+00
  0.4080E+03  0.1536E+00
  0.4090E+03  0.1735E+00
  0.4100E+03  0.1752E+00
  0.4110E+03  0.1449E+00
  0.4120E+03  0.1758E+00
  0.4130E+03  0.1504E+00
  0.4140E+03  0.1702E+00
  0.4150E+03  0.1995E+00
  0.4160E+03  0.1603E+00
  0.4170E+03  0.1111E+00
  0.4180E+03  0.1142E+00
  0.4190E+03  0.1019E+00
  0.4200E+03  0.1458E+00
  0.4210E+03  0.1718E+00
  0.4220E+03  0.1602E+00
  0.4230E+03  0.1615E+00
  0.4240E+03  0.1560E+00
  0.4250E+03  0.1470E+00
  0.4260E+03  0.1426E+00
  0.4270E+03  0.9542E-01
  0.4280E+03  0.1506E+00
  0.4290E+03  0.1074E+00
  0.4300E+03  0.6536E-01
  0.4310E+03  0.1594E+00
  0.4320E+03  0.1256E+00
  0.4330E+03  0.1445E+00
  0.4340E+03  0.1078E+00
  0.4350E+03  0.1184E+00
  0.4360E+03  0.1245E+00
  0.4370E+03  0.1516E+00
  0.4380E+03  0.1585E+00
  0.4390E+03  0.1219E+00
  0.4400E+03  0.1357E+00
  0.4410E+03  0.1330E+00
  0.4420E+03  0.1037E+00
  0.4430E+03  0.1113E+00
  0.4440E+03  0.1390E+00
  0.4450E+03  0.1284E+00
  0.4460E+03  0.1438E+00
  0.4470E+03  0.1238E+00
  0.4480E+03  0.1213E+00
  0.4490E+03  0.1124E+00
  0.4500E+03  0.9130E-01
  0.4510E+03  0.8275E-01
  0.4520E+03  0.1069E+00
  0.4530E+03  0.9013E-01
  0.4540E+03  0.1109E+00
  0.4550E+03  0.1032E+00
  0.4560E+03  0.1251E+00
  0.4570E+03  0.9497E-01
  0.4580E+03  0.9714E-01
  0.4590E+03  0.6759E-01
  0.4600E+03  0.1111E+00
  0.4610E+03  0.6880E-01
  0.4620E+03  0.7509E-01
  0.4630E+03  0.1572E+00
  0.4640E+03  0.8941E-01
  0.4650E+03  0.1273E+00
  0.4660E+03  0.8486E-01
  0.4670E+03  0.8590E-01
  0.4680E+03  0.6598E-01
  0.4690E+03  0.8694E-01
  0.4700E+03  0.7438E-01
  0.4710E+03  0.1032E+00
  0.4720E+03  0.5709E-01
  0.4730E+03  0.8763E-01
  0.4740E+03  0.5527E-01
  0.4750E+03  0.1109E+00
  0.4760E+03  0.6594E-01
  0.4770E+03  0.1287E+00
  0.4780E+03  0.7526E-01
  0.4790E+03  0.7949E-01
  0.4800E+03  0.7098E-01
  0.4810E+03  0.4617E-01
  0.4820E+03  0.1230E+00
  0.4830E+03  0.9423E-01
  0.4840E+03  0.1407E+00
  0.4850E+03  0.6818E-01
  0.4860E+03  0.1167E+00
  0.4870E+03  0.9892E-01
  0.4880E+03  0.8725E-01
  0.4890E+03  0.1117E+00
  0.4900E+03  0.6317E-01
  0.4910E+03  0.8457E-01
  0.4920E+03  0.7709E-01
  0.4930E+03  0.5716E-01
  0.4940E+03  0.8578E-01
  0.4950E+03  0.8434E-01
  0.4960E+03  0.6681E-01
  0.4970E+03  0.7940E-01
  0.4980E+03  0.8311E-01
  0.4990E+03  0.6355E-01
  0.5000E+03  0.5606E-01
  0.5010E+03  0.1042E+00
  0.5020E+03  0.3625E-01
  0.5030E+03  0.8212E-01
  0.5040E+03  0.6936E-01
  0.5050E+03  0.3373E-01
  0.5060E+03  0.1097E+00
  0.5070E+03  0.4982E-01
  0.5080E+03  0.4778E-01
  0.5090E+03  0.4516E-01
  0.5100E+03  0.5528E-01
  0.5110E+03  0.0000E+00
  0.5120E+03  0.0000E+00
