  0.1000E+01  0.2250E+00
  0.2000E+01  0.3407E+00
  0.3000E+01  0.2673E+00
  0.4000E+01  0.3289E+00
  0.5000E+01  0.3222E+00
  0.6000E+01  0.3756E+00
  0.7000E+01  0.3002E+00
  0.8000E+01  0.3979E+00
  0.9000E+01  0.3467E+00
  0.1000E+02  0.3416E+00
  0.1100E+02  0.3987E+00
  0.1200E+02  0.3715E+00
  0.1300E+02  0.3439E+00
  0.1400E+02  0.3515E+00
  0.1500E+02  0.2900E+00
  0.1600E+02  0.4021E+00
  0.1700E+02  0.3342E+00
  0.1800E+02  0.4066E+00
  0.1900E+02  0.2831E+00
  0.2000E+02  0.2911E+00
  0.2100E+02  0.3158E+00
  0.2200E+02  0.3490E+00
  0.2300E+02  0.3493E+00
  0.2400E+02  0.3428E+00
  0.2500E+02  0.3678E+00
  0.2600E+02  0.3776E+00
  0.2700E+02  0.3921E+00
  0.2800E+02  0.4423E+00
  0.2900E+02  0.3569E+00
  0.3000E+02  0.2967E+00
  0.3100E+02  0.3123E+00
  0.3200E+02  0.2916E+00
  0.3300E+02  0.2808E+00
  0.3400E+02  0.4327E+00
  0.3500E+02  0.2635E+00
  0.3600E+02  0.3996E+00
  0.3700E+02  0.2826E+00
  0.3800E+02  0.2917E+00
  0.3900E+02  0.2980E+00
  0.4000E+02  0.2883E+00
  0.4100E+02  0.2888E+00
  0.4200E+02  0.3388E+00
  0.4300E+02  0.3797E+00
  0.4400E+02  0.2692E+00
  0.4500E+02  0.3190E+00
  0.4600E+02  0.2386E+00
  0.4700E+02  0.3336E+00
  0.4800E+02  0.3064E+00
  0.4900E+02  0.2830E+00
  0.5000E+02  0.3403E+00
  0.5100E+02  0.3220E+00
  0.5200E+02  0.2707E+00
  0.5300E+02  0.2868E+00
  0.5400E+02  0.3011E+00
  0.5500E+02  0.2476E+00
  0.5600E+02  0.3062E+00
  0.5700E+02  0.3572E+00
  0.5800E+02  0.3468E+00
  0.5900E+02  0.3353E+00
  0.6000E+02  0.2539E+00
  0.6100E+02  0.3252E+00
  0.6200E+02  0.2405E+00
  0.6300E+02  0.3250E+00
  0.6400E+02  0.2627E+00
  0.6500E+02  0.3391E+00
  0.6600E+02  0.2337E+00
  0.6700E+02  0.3047E+00
  0.6800E+02  0.3287E+00
  0.6900E+02  0.2861E+00
  0.7000E+02  0.3112E+00
  0.7100E+02  0.3261E+00
  0.7200E+02  0.2367E+00
  0.7300E+02  0.2438E+00
  0.7400E+02  0.3061E+00
  0.7500E+02  0.2881E+00
  0.7600E+02  0.2306E+00
  0.7700E+02  0.2866E+00
  0.7800E+02  0.2626E+00
  0.7900E+02  0.1596E+00
  0.8000E+02  0.3010E+00
  0.8100E+02  0.2288E+00
  0.8200E+02  0.2548E+00
  0.8300E+02  0.2406E+00
  0.8400E+02  0.2825E+00
  0.8500E+02  0.2526E+00
  0.8600E+02  0.2835E+00
  0.8700E+02  0.2689E+00
  0.8800E+02  0.1840E+00
  0.8900E+02  0.2368E+00
  0.9000E+02  0.2607E+00
  0.9100E+02  0.2164E+00
  0.9200E+02  0.2266E+00
  0.9300E+02  0.2543E+00
  0.9400E+02  0.2010E+00
  0.9500E+02  0.2728E+00
  0.9600E+02  0.3145E+00
  0.9700E+02  0.3194E+00
  0.9800E+02  0.2237E+00
  0.9900E+02  0.2689E+00
  0.1000E+03  0.2721E+00
  0.1010E+03  0.2366E+00
  0.1020E+03  0.2774E+00
  0.1030E+03  0.2415E+00
  0.1040E+03  0.2131E+00
  0.1050E+03  0.2250E+00
  0.1060E+03  0.1950E+00
  0.1070E+03  0.2315E+00
  0.1080E+03  0.2718E+00
  0.1090E+03  0.2186E+00
  0.1100E+03  0.2024E+00
  0.1110E+03  0.2521E+00
  0.1120E+03  0.2407E+00
  0.1130E+03  0.2472E+00
  0.1140E+03  0.2059E+00
  0.1150E+03  0.2290E+00
  0.1160E+03  0.2515E+00
  0.1170E+03  0.2584E+00
  0.1180E+03  0.2735E+00
  0.1190E+03  0.2705E+00
  0.1200E+03  0.1399E+00
  0.1210E+03  0.2093E+00
  0.1220E+03  0.2570E+00
  0.1230E+03  0.3149E+00
  0.1240E+03  0.2548E+00
  0.1250E+03  0.1978E+00
  0.1260E+03  0.3171E+00
  0.1270E+03  0.1637E+00
  0.1280E+03  0.2908E+00
  0.1290E+03  0.2937E+00
  0.1300E+03  0.2612E+00
  0.1310E+03  0.2515E+00
  0.1320E+03  0.3181E+00
  0.1330E+03  0.2472E+00
  0.1340E+03  0.2482E+00
  0.1350E+03  0.2745E+00
  0.1360E+03  0.2774E+00
  0.1370E+03  0.3248E+00
  0.1380E+03  0.2995E+00
  0.1390E+03  0.2981E+00
  0.1400E+03  0.2988E+00
  0.1410E+03  0.2306E+00
  0.1420E+03  0.3211E+00
  0.1430E+03  0.3987E+00
  0.1440E+03  0.3214E+00
  0.1450E+03  0.4076E+00
  0.1460E+03  0.4118E+00
  0.1470E+03  0.4628E+00
  0.1480E+03  0.6218E+00
  0.1490E+03  0.6075E+00
  0.1500E+03  0.7045E+00
  0.1510E+03  0.7401E+00
  0.1520E+03  0.9598E+00
  0.1530E+03  0.1008E+01
  0.1540E+03  0.1159E+01
  0.1550E+03  0.1207E+01
  0.1560E+03  0.1227E+01
  0.1570E+03  0.1245E+01
  0.1580E+03  0.1295E+01
  0.1590E+03  0.1236E+01
  0.1600E+03  0.1346E+01
  0.1610E+03  0.1205E+01
  0.1620E+03  0.1220E+01
  0.1630E+03  0.1163E+01
  0.1640E+03  0.1074E+01
  0.1650E+03  0.1001E+01
  0.1660E+03  0.8333E+00
  0.1670E+03  0.7941E+00
  0.1680E+03  0.7022E+00
  0.1690E+03  0.6820E+00
  0.1700E+03  0.6084E+00
  0.1710E+03  0.5413E+00
  0.1720E+03  0.3814E+00
  0.1730E+03  0.3179E+00
  0.1740E+03  0.3687E+00
  0.1750E+03  0.3549E+00
  0.1760E+03  0.3354E+00
  0.1770E+03  0.2968E+00
  0.1780E+03  0.3792E+00
  0.1790E+03  0.2925E+00
  0.1800E+03  0.2973E+00
  0.1810E+03  0.2293E+00
  0.1820E+03  0.2156E+00
  0.1830E+03  0.2911E+00
  0.1840E+03  0.2578E+00
  0.1850E+03  0.2178E+00
  0.1860E+03  0.2153E+00
  0.1870E+03  0.2869E+00
  0.1880E+03  0.2526E+00
  0.1890E+03  0.2735E+00
  0.1900E+03  0.2889E+00
  0.1910E+03  0.3083E+00
  0.1920E+03  0.2441E+00
  0.1930E+03  0.3591E+00
  0.1940E+03  0.3413E+00
  0.1950E+03  0.2719E+00
  0.1960E+03  0.2794E+00
  0.1970E+03  0.2620E+00
  0.1980E+03  0.1718E+00
  0.1990E+03  0.3341E+00
  0.2000E+03  0.2559E+00
  0.2010E+03  0.2990E+00
  0.2020E+03  0.3595E+00
  0.2030E+03  0.2300E+00
  0.2040E+03  0.4348E+00
  0.2050E+03  0.2400E+00
  0.2060E+03  0.3066E+00
  0.2070E+03  0.2840E+00
  0.2080E+03  0.2676E+00
  0.2090E+03  0.2042E+00
  0.2100E+03  0.2637E+00
  0.2110E+03  0.3129E+00
  0.2120E+03  0.3944E+00
  0.2130E+03  0.2391E+00
  0.2140E+03  0.3071E+00
  0.2150E+03  0.3191E+00
  0.2160E+03  0.2647E+00
  0.2170E+03  0.2656E+00
  0.2180E+03  0.2958E+00
  0.2190E+03  0.3721E+00
  0.2200E+03  0.3996E+00
  0.2210E+03  0.3597E+00
  0.2220E+03  0.3235E+00
  0.2230E+03  0.2508E+00
  0.2240E+03  0.3092E+00
  0.2250E+03  0.2604E+00
  0.2260E+03  0.3198E+00
  0.2270E+03  0.4238E+00
  0.2280E+03  0.3753E+00
  0.2290E+03  0.3784E+00
  0.2300E+03  0.2583E+00
  0.2310E+03  0.4092E+00
  0.2320E+03  0.3397E+00
  0.2330E+03  0.3421E+00
  0.2340E+03  0.2947E+00
  0.2350E+03  0.3627E+00
  0.2360E+03  0.4252E+00
  0.2370E+03  0.3766E+00
  0.2380E+03  0.3794E+00
  0.2390E+03  0.3854E+00
  0.2400E+03  0.4975E+00
  0.2410E+03  0.3668E+00
  0.2420E+03  0.3757E+00
  0.2430E+03  0.4210E+00
  0.2440E+03  0.4249E+00
  0.2450E+03  0.3755E+00
  0.2460E+03  0.5296E+00
  0.2470E+03  0.3885E+00
  0.2480E+03  0.4853E+00
  0.2490E+03  0.4520E+00
  0.2500E+03  0.4383E+00
  0.2510E+03  0.5083E+00
  0.2520E+03  0.4791E+00
  0.2530E+03  0.5724E+00
  0.2540E+03  0.5225E+00
  0.2550E+03  0.3430E+00
  0.2560E+03  0.4880E+00
  0.2570E+03  0.4677E+00
  0.2580E+03  0.4590E+00
  0.2590E+03  0.4999E+00
  0.2600E+03  0.4345E+00
  0.2610E+03  0.5535E+00
  0.2620E+03  0.4188E+00
  0.2630E+03  0.5596E+00
  0.2640E+03  0.5182E+00
  0.2650E+03  0.4639E+00
  0.2660E+03  0.3816E+00
  0.2670E+03  0.5780E+00
  0.2680E+03  0.4786E+00
  0.2690E+03  0.4924E+00
  0.2700E+03  0.5200E+00
  0.2710E+03  0.6092E+00
  0.2720E+03  0.4760E+00
  0.2730E+03  0.6006E+00
  0.2740E+03  0.6391E+00
  0.2750E+03  0.4023E+00
  0.2760E+03  0.5883E+00
  0.2770E+03  0.4539E+00
  0.2780E+03  0.6909E+00
  0.2790E+03  0.6244E+00
  0.2800E+03  0.5786E+00
  0.2810E+03  0.5855E+00
  0.2820E+03  0.5854E+00
  0.2830E+03  0.5145E+00
  0.2840E+03  0.4845E+00
  0.2850E+03  0.4831E+00
  0.2860E+03  0.5482E+00
  0.2870E+03  0.5310E+00
  0.2880E+03  0.4794E+00
  0.2890E+03  0.5078E+00
  0.2900E+03  0.6151E+00
  0.2910E+03  0.5284E+00
  0.2920E+03  0.5315E+00
  0.2930E+03  0.6007E+00
  0.2940E+03  0.4693E+00
  0.2950E+03  0.5425E+00
  0.2960E+03  0.3894E+00
  0.2970E+03  0.5360E+00
  0.2980E+03  0.5490E+00
  0.2990E+03  0.5097E+00
  0.3000E+03  0.4483E+00
  0.3010E+03  0.4606E+00
  0.3020E+03  0.5666E+00
  0.3030E+03  0.6175E+00
  0.3040E+03  0.5720E+00
  0.3050E+03  0.5427E+00
  0.3060E+03  0.4750E+00
  0.3070E+03  0.5869E+00
  0.3080E+03  0.6374E+00
  0.3090E+03  0.5988E+00
  0.3100E+03  0.6374E+00
  0.3110E+03  0.5945E+00
  0.3120E+03  0.5469E+00
  0.3130E+03  0.6162E+00
  0.3140E+03  0.6743E+00
  0.3150E+03  0.5218E+00
  0.3160E+03  0.5351E+00
  0.3170E+03  0.6284E+00
  0.3180E+03  0.6287E+00
  0.3190E+03  0.7398E+00
  0.3200E+03  0.7154E+00
  0.3210E+03  0.6065E+00
  0.3220E+03  0.7351E+00
  0.3230E+03  0.7347E+00
  0.3240E+03  0.6479E+00
  0.3250E+03  0.7906E+00
  0.3260E+03  0.6061E+00
  0.3270E+03  0.9277E+00
  0.3280E+03  0.7811E+00
  0.3290E+03  0.6981E+00
  0.3300E+03  0.8128E+00
  0.3310E+03  0.8733E+00
  0.3320E+03  0.7585E+00
  0.3330E+03  0.8583E+00
  0.3340E+03  0.9912E+00
  0.3350E+03  0.9487E+00
  0.3360E+03  0.8787E+00
  0.3370E+03  0.9688E+00
  0.3380E+03  0.9177E+00
  0.3390E+03  0.8998E+00
  0.3400E+03  0.1006E+01
  0.3410E+03  0.9684E+00
  0.3420E+03  0.9869E+00
  0.3430E+03  0.9310E+00
  0.3440E+03  0.8214E+00
  0.3450E+03  0.8975E+00
  0.3460E+03  0.1004E+01
  0.3470E+03  0.8636E+00
  0.3480E+03  0.9445E+00
  0.3490E+03  0.9187E+00
  0.3500E+03  0.9726E+00
  0.3510E+03  0.9349E+00
  0.3520E+03  0.8552E+00
  0.3530E+03  0.7612E+00
  0.3540E+03  0.7517E+00
  0.3550E+03  0.6876E+00
  0.3560E+03  0.7543E+00
  0.3570E+03  0.7135E+00
  0.3580E+03  0.6882E+00
  0.3590E+03  0.7749E+00
  0.3600E+03  0.5847E+00
  0.3610E+03  0.6334E+00
  0.3620E+03  0.5294E+00
  0.3630E+03  0.5381E+00
  0.3640E+03  0.4773E+00
  0.3650E+03  0.4946E+00
  0.3660E+03  0.5338E+00
  0.3670E+03  0.4772E+00
  0.3680E+03  0.3539E+00
  0.3690E+03  0.3777E+00
  0.3700E+03  0.3092E+00
  0.3710E+03  0.3598E+00
  0.3720E+03  0.3206E+00
  0.3730E+03  0.3527E+00
  0.3740E+03  0.2820E+00
  0.3750E+03  0.2710E+00
  0.3760E+03  0.1860E+00
  0.3770E+03  0.1765E+00
  0.3780E+03  0.2197E+00
  0.3790E+03  0.1451E+00
  0.3800E+03  0.1881E+00
  0.3810E+03  0.2167E+00
  0.3820E+03  0.2518E+00
  0.3830E+03  0.2231E+00
  0.3840E+03  0.2495E+00
  0.3850E+03  0.1503E+00
  0.3860E+03  0.1927E+00
  0.3870E+03  0.1874E+00
  0.3880E+03  0.1213E+00
  0.3890E+03  0.1873E+00
  0.3900E+03  0.1600E+00
  0.3910E+03  0.1181E+00
  0.3920E+03  0.1905E+00
  0.3930E+03  0.9613E-01
  0.3940E+03  0.2502E+00
  0.3950E+03  0.2046E+00
  0.3960E+03  0.1666E+00
  0.3970E+03  0.1773E+00
  0.3980E+03  0.1129E+00
  0.3990E+03  0.1418E+00
  0.4000E+03  0.1362E+00
  0.4010E+03  0.2050E+00
  0.4020E+03  0.1773E+00
  0.4030E+03  0.2120E+00
  0.4040E+03  0.1351E+00
  0.4050E+03  0.2081E+00
  0.4060E+03  0.1765E+00
  0.4070E+03  0.1632E+00
  0.4080E+03  0.3070E+00
  0.4090E+03  0.2574E+00
  0.4100E+03  0.2135E+00
  0.4110E+03  0.3295E+00
  0.4120E+03  0.2769E+00
  0.4130E+03  0.2933E+00
  0.4140E+03  0.4368E+00
  0.4150E+03  0.3749E+00
  0.4160E+03  0.3930E+00
  0.4170E+03  0.4361E+00
  0.4180E+03  0.4458E+00
  0.4190E+03  0.4988E+00
  0.4200E+03  0.5311E+00
  0.4210E+03  0.6136E+00
  0.4220E+03  0.5865E+00
  0.4230E+03  0.5902E+00
  0.4240E+03  0.5929E+00
  0.4250E+03  0.6790E+00
  0.4260E+03  0.6919E+00
  0.4270E+03  0.7519E+00
  0.4280E+03  0.7418E+00
  0.4290E+03  0.8508E+00
  0.4300E+03  0.6996E+00
  0.4310E+03  0.1001E+01
  0.4320E+03  0.8323E+00
  0.4330E+03  0.7805E+00
  0.4340E+03  0.9684E+00
  0.4350E+03  0.8587E+00
  0.4360E+03  0.1048E+01
  0.4370E+03  0.9658E+00
  0.4380E+03  0.9998E+00
  0.4390E+03  0.9375E+00
  0.4400E+03  0.9418E+00
  0.4410E+03  0.1072E+01
  0.4420E+03  0.8647E+00
  0.4430E+03  0.9524E+00
  0.4440E+03  0.8006E+00
  0.4450E+03  0.9741E+00
  0.4460E+03  0.9145E+00
  0.4470E+03  0.9571E+00
  0.4480E+03  0.9300E+00
  0.4490E+03  0.8867E+00
  0.4500E+03  0.9955E+00
  0.4510E+03  0.8557E+00
  0.4520E+03  0.6422E+00
  0.4530E+03  0.7705E+00
  0.4540E+03  0.7603E+00
  0.4550E+03  0.6101E+00
  0.4560E+03  0.6437E+00
  0.4570E+03  0.5284E+00
  0.4580E+03  0.6283E+00
  0.4590E+03  0.5582E+00
  0.4600E+03  0.5215E+00
  0.4610E+03  0.5004E+00
  0.4620E+03  0.3733E+00
  0.4630E+03  0.4115E+00
  0.4640E+03  0.4635E+00
  0.4650E+03  0.3985E+00
  0.4660E+03  0.4145E+00
  0.4670E+03  0.3997E+00
  0.4680E+03  0.4023E+00
  0.4690E+03  0.2718E+00
  0.4700E+03  0.3242E+00
  0.4710E+03  0.3808E+00
  0.4720E+03  0.3184E+00
  0.4730E+03  0.3292E+00
  0.4740E+03  0.3295E+00
  0.4750E+03  0.2579E+00
  0.4760E+03  0.3457E+00
  0.4770E+03  0.3470E+00
  0.4780E+03  0.4236E+00
  0.4790E+03  0.3406E+00
  0.4800E+03  0.4293E+00
  0.4810E+03  0.3483E+00
  0.4820E+03  0.3967E+00
  0.4830E+03  0.4892E+00
  0.4840E+03  0.4623E+00
  0.4850E+03  0.5604E+00
  0.4860E+03  0.5623E+00
  0.4870E+03  0.5889E+00
  0.4880E+03  0.7158E+00
  0.4890E+03  0.6591E+00
  0.4900E+03  0.7893E+00
  0.4910E+03  0.9086E+00
  0.4920E+03  0.9130E+00
  0.4930E+03  0.1102E+01
  0.4940E+03  0.1004E+01
  0.4950E+03  0.1011E+01
  0.4960E+03  0.1101E+01
  0.4970E+03  0.1177E+01
  0.4980E+03  0.1230E+01
  0.4990E+03  0.1339E+01
  0.5000E+03  0.1328E+01
  0.5010E+03  0.1677E+01
  0.5020E+03  0.1623E+01
  0.5030E+03  0.1746E+01
  0.5040E+03  0.1706E+01
  0.5050E+03  0.1986E+01
  0.5060E+03  0.1825E+01
  0.5070E+03  0.2120E+01
  0.5080E+03  0.2023E+01
  0.5090E+03  0.2335E+01
  0.5100E+03  0.2441E+01
  0.5110E+03  0.0000E+00
  0.5120E+03  0.0000E+00
