  0.1000E+01  0.1924E-01
  0.2000E+01  0.1955E-01
  0.3000E+01  0.2025E-01
  0.4000E+01  0.1843E-01
  0.5000E+01  0.1733E-01
  0.6000E+01  0.1788E-01
  0.7000E+01  0.1403E-01
  0.8000E+01  0.1121E-01
  0.9000E+01  0.1340E-01
  0.1000E+02  0.1195E-01
  0.1100E+02  0.1016E-01
  0.1200E+02  0.6635E-02
  0.1300E+02  0.7591E-02
  0.1400E+02  0.9768E-02
  0.1500E+02  0.9303E-02
  0.1600E+02  0.6244E-02
  0.1700E+02  0.8833E-02
  0.1800E+02  0.7093E-02
  0.1900E+02  0.3368E-02
  0.2000E+02  0.3440E-02
  0.2100E+02  0.2978E-02
  0.2200E+02  0.3130E-02
  0.2300E+02  0.1371E-02
  0.2400E+02  0.1683E-02
  0.2500E+02  0.1544E-02
  0.2600E+02  0.1588E-02
  0.2700E+02  0.1795E-03
  0.2800E+02  0.5060E-03
  0.2900E+02  0.1438E-02
  0.3000E+02  0.1072E-02
  0.3100E+02  0.1238E-02
  0.3200E+02  0.2215E-02
  0.3300E+02  0.2021E-02
  0.3400E+02  0.1857E-02
  0.3500E+02  0.2943E-02
  0.3600E+02  0.4631E-02
  0.3700E+02  0.4613E-02
  0.3800E+02  0.7567E-02
  0.3900E+02  0.1200E-01
  0.4000E+02  0.2196E-01
  0.4100E+02  0.2029E-01
  0.4200E+02  0.3075E-01
  0.4300E+02  0.4962E-01
  0.4400E+02  0.4922E-01
  0.4500E+02  0.4707E-01
  0.4600E+02  0.5600E-01
  0.4700E+02  0.4671E-01
  0.4800E+02  0.5210E-01
  0.4900E+02  0.5528E-01
  0.5000E+02  0.6685E-01
  0.5100E+02  0.6379E-01
  0.5200E+02  0.6233E-01
  0.5300E+02  0.7957E-01
  0.5400E+02  0.8224E-01
  0.5500E+02  0.8014E-01
  0.5600E+02  0.8506E-01
  0.5700E+02  0.8286E-01
  0.5800E+02  0.7635E-01
  0.5900E+02  0.7438E-01
  0.6000E+02  0.6705E-01
  0.6100E+02  0.5347E-01
  0.6200E+02  0.4491E-01
  0.6300E+02  0.3639E-01
  0.6400E+02  0.2733E-01
  0.6500E+02  0.3431E-01
  0.6600E+02  0.4951E-01
  0.6700E+02  0.3901E-01
  0.6800E+02  0.5835E-01
  0.6900E+02  0.8677E-01
  0.7000E+02  0.9584E-01
  0.7100E+02  0.9880E-01
  0.7200E+02  0.1321E+00
  0.7300E+02  0.1170E+00
  0.7400E+02  0.1565E+00
  0.7500E+02  0.1292E+00
  0.7600E+02  0.1457E+00
  0.7700E+02  0.1373E+00
  0.7800E+02  0.8659E-01
  0.7900E+02  0.6500E-01
  0.8000E+02  0.6756E-01
  0.8100E+02  0.7898E-01
  0.8200E+02  0.7153E-01
  0.8300E+02  0.4823E-01
  0.8400E+02  0.6234E-01
  0.8500E+02  0.6873E-01
  0.8600E+02  0.4355E-01
  0.8700E+02  0.4072E-01
  0.8800E+02  0.3203E-01
  0.8900E+02  0.3487E-01
  0.9000E+02  0.4522E-01
  0.9100E+02  0.2759E-01
  0.9200E+02  0.1801E-01
  0.9300E+02  0.1045E-01
  0.9400E+02  0.1256E-01
  0.9500E+02  0.4478E-02
  0.9600E+02  0.6850E-02
  0.9700E+02  0.4485E-02
  0.9800E+02  0.4208E-02
  0.9900E+02  0.4454E-02
  0.1000E+03  0.3818E-02
  0.1010E+03  0.2935E-02
  0.1020E+03  0.3105E-02
  0.1030E+03  0.2734E-02
  0.1040E+03  0.4363E-02
  0.1050E+03  0.2765E-02
  0.1060E+03  0.4775E-02
  0.1070E+03  0.2132E-02
  0.1080E+03  0.2051E-02
  0.1090E+03  0.2254E-02
  0.1100E+03  0.3459E-02
  0.1110E+03  0.3075E-02
  0.1120E+03  0.5020E-02
  0.1130E+03  0.5693E-02
  0.1140E+03  0.9590E-02
  0.1150E+03  0.1190E-01
  0.1160E+03  0.1375E-01
  0.1170E+03  0.1825E-01
  0.1180E+03  0.2025E-01
  0.1190E+03  0.3233E-01
  0.1200E+03  0.3350E-01
  0.1210E+03  0.4282E-01
  0.1220E+03  0.4932E-01
  0.1230E+03  0.5526E-01
  0.1240E+03  0.5531E-01
  0.1250E+03  0.7631E-01
  0.1260E+03  0.7797E-01
  0.1270E+03  0.9764E-01
  0.1280E+03  0.9697E-01
  0.1290E+03  0.9068E-01
  0.1300E+03  0.9956E-01
  0.1310E+03  0.1038E+00
  0.1320E+03  0.9503E-01
  0.1330E+03  0.9977E-01
  0.1340E+03  0.9236E-01
  0.1350E+03  0.9922E-01
  0.1360E+03  0.1019E+00
  0.1370E+03  0.1059E+00
  0.1380E+03  0.1114E+00
  0.1390E+03  0.1239E+00
  0.1400E+03  0.1610E+00
  0.1410E+03  0.1885E+00
  0.1420E+03  0.2616E+00
  0.1430E+03  0.3226E+00
  0.1440E+03  0.4292E+00
  0.1450E+03  0.5747E+00
  0.1460E+03  0.7169E+00
  0.1470E+03  0.9554E+00
  0.1480E+03  0.1217E+01
  0.1490E+03  0.1494E+01
  0.1500E+03  0.1800E+01
  0.1510E+03  0.2166E+01
  0.1520E+03  0.2524E+01
  0.1530E+03  0.2871E+01
  0.1540E+03  0.3205E+01
  0.1550E+03  0.3562E+01
  0.1560E+03  0.3822E+01
  0.1570E+03  0.3989E+01
  0.1580E+03  0.4164E+01
  0.1590E+03  0.4095E+01
  0.1600E+03  0.4071E+01
  0.1610E+03  0.3966E+01
  0.1620E+03  0.3751E+01
  0.1630E+03  0.3442E+01
  0.1640E+03  0.3197E+01
  0.1650E+03  0.2800E+01
  0.1660E+03  0.2411E+01
  0.1670E+03  0.2103E+01
  0.1680E+03  0.1767E+01
  0.1690E+03  0.1436E+01
  0.1700E+03  0.1171E+01
  0.1710E+03  0.8821E+00
  0.1720E+03  0.6869E+00
  0.1730E+03  0.5096E+00
  0.1740E+03  0.3748E+00
  0.1750E+03  0.2647E+00
  0.1760E+03  0.1921E+00
  0.1770E+03  0.1348E+00
  0.1780E+03  0.9445E-01
  0.1790E+03  0.6021E-01
  0.1800E+03  0.3686E-01
  0.1810E+03  0.2609E-01
  0.1820E+03  0.1695E-01
  0.1830E+03  0.7879E-02
  0.1840E+03  0.4305E-02
  0.1850E+03  0.2882E-02
  0.1860E+03  0.1225E-02
  0.1870E+03  0.6893E-03
  0.1880E+03  0.1292E-02
  0.1890E+03  0.1734E-03
  0.1900E+03  0.1599E-03
  0.1910E+03  0.9511E-04
  0.1920E+03  0.0000E+00
  0.1930E+03  0.0000E+00
  0.1940E+03  0.0000E+00
  0.1950E+03  0.0000E+00
  0.1960E+03  0.0000E+00
  0.1970E+03  0.0000E+00
  0.1980E+03  0.0000E+00
  0.1990E+03  0.0000E+00
  0.2000E+03  0.0000E+00
  0.2010E+03  0.0000E+00
  0.2020E+03  0.0000E+00
  0.2030E+03  0.0000E+00
  0.2040E+03  0.0000E+00
  0.2050E+03  0.0000E+00
  0.2060E+03  0.0000E+00
  0.2070E+03  0.0000E+00
  0.2080E+03  0.0000E+00
  0.2090E+03  0.0000E+00
  0.2100E+03  0.0000E+00
  0.2110E+03  0.0000E+00
  0.2120E+03  0.0000E+00
  0.2130E+03  0.0000E+00
  0.2140E+03  0.0000E+00
  0.2150E+03  0.0000E+00
  0.2160E+03  0.0000E+00
  0.2170E+03  0.0000E+00
  0.2180E+03  0.0000E+00
  0.2190E+03  0.0000E+00
  0.2200E+03  0.0000E+00
  0.2210E+03  0.0000E+00
  0.2220E+03  0.0000E+00
  0.2230E+03  0.0000E+00
  0.2240E+03  0.0000E+00
  0.2250E+03  0.0000E+00
  0.2260E+03  0.0000E+00
  0.2270E+03  0.0000E+00
  0.2280E+03  0.0000E+00
  0.2290E+03  0.0000E+00
  0.2300E+03  0.0000E+00
  0.2310E+03  0.0000E+00
  0.2320E+03  0.0000E+00
  0.2330E+03  0.0000E+00
  0.2340E+03  0.0000E+00
  0.2350E+03  0.0000E+00
  0.2360E+03  0.0000E+00
  0.2370E+03  0.0000E+00
  0.2380E+03  0.0000E+00
  0.2390E+03  0.0000E+00
  0.2400E+03  0.0000E+00
  0.2410E+03  0.0000E+00
  0.2420E+03  0.0000E+00
  0.2430E+03  0.0000E+00
  0.2440E+03  0.0000E+00
  0.2450E+03  0.0000E+00
  0.2460E+03  0.0000E+00
  0.2470E+03  0.0000E+00
  0.2480E+03  0.0000E+00
  0.2490E+03  0.0000E+00
  0.2500E+03  0.0000E+00
  0.2510E+03  0.0000E+00
  0.2520E+03  0.0000E+00
  0.2530E+03  0.0000E+00
  0.2540E+03  0.0000E+00
  0.2550E+03  0.0000E+00
  0.2560E+03  0.0000E+00
  0.2570E+03  0.0000E+00
  0.2580E+03  0.0000E+00
  0.2590E+03  0.0000E+00
  0.2600E+03  0.0000E+00
  0.2610E+03  0.0000E+00
  0.2620E+03  0.0000E+00
  0.2630E+03  0.0000E+00
  0.2640E+03  0.0000E+00
  0.2650E+03  0.0000E+00
  0.2660E+03  0.0000E+00
  0.2670E+03  0.0000E+00
  0.2680E+03  0.0000E+00
  0.2690E+03  0.0000E+00
  0.2700E+03  0.0000E+00
  0.2710E+03  0.0000E+00
  0.2720E+03  0.0000E+00
  0.2730E+03  0.0000E+00
  0.2740E+03  0.0000E+00
  0.2750E+03  0.0000E+00
  0.2760E+03  0.0000E+00
  0.2770E+03  0.0000E+00
  0.2780E+03  0.0000E+00
  0.2790E+03  0.0000E+00
  0.2800E+03  0.0000E+00
  0.2810E+03  0.0000E+00
  0.2820E+03  0.0000E+00
  0.2830E+03  0.0000E+00
  0.2840E+03  0.0000E+00
  0.2850E+03  0.0000E+00
  0.2860E+03  0.0000E+00
  0.2870E+03  0.0000E+00
  0.2880E+03  0.0000E+00
  0.2890E+03  0.0000E+00
  0.2900E+03  0.0000E+00
  0.2910E+03  0.0000E+00
  0.2920E+03  0.0000E+00
  0.2930E+03  0.0000E+00
  0.2940E+03  0.0000E+00
  0.2950E+03  0.0000E+00
  0.2960E+03  0.0000E+00
  0.2970E+03  0.0000E+00
  0.2980E+03  0.0000E+00
  0.2990E+03  0.0000E+00
  0.3000E+03  0.0000E+00
  0.3010E+03  0.0000E+00
  0.3020E+03  0.0000E+00
  0.3030E+03  0.0000E+00
  0.3040E+03  0.0000E+00
  0.3050E+03  0.0000E+00
  0.3060E+03  0.0000E+00
  0.3070E+03  0.0000E+00
  0.3080E+03  0.0000E+00
  0.3090E+03  0.0000E+00
  0.3100E+03  0.0000E+00
  0.3110E+03  0.0000E+00
  0.3120E+03  0.0000E+00
  0.3130E+03  0.0000E+00
  0.3140E+03  0.0000E+00
  0.3150E+03  0.0000E+00
  0.3160E+03  0.0000E+00
  0.3170E+03  0.0000E+00
  0.3180E+03  0.0000E+00
  0.3190E+03  0.0000E+00
  0.3200E+03  0.0000E+00
  0.3210E+03  0.0000E+00
  0.3220E+03  0.0000E+00
  0.3230E+03  0.0000E+00
  0.3240E+03  0.0000E+00
  0.3250E+03  0.0000E+00
  0.3260E+03  0.0000E+00
  0.3270E+03  0.0000E+00
  0.3280E+03  0.0000E+00
  0.3290E+03  0.0000E+00
  0.3300E+03  0.0000E+00
  0.3310E+03  0.0000E+00
  0.3320E+03  0.0000E+00
  0.3330E+03  0.0000E+00
  0.3340E+03  0.0000E+00
  0.3350E+03  0.0000E+00
  0.3360E+03  0.0000E+00
  0.3370E+03  0.0000E+00
  0.3380E+03  0.0000E+00
  0.3390E+03  0.0000E+00
  0.3400E+03  0.0000E+00
  0.3410E+03  0.0000E+00
  0.3420E+03  0.0000E+00
  0.3430E+03  0.0000E+00
  0.3440E+03  0.0000E+00
  0.3450E+03  0.0000E+00
  0.3460E+03  0.0000E+00
  0.3470E+03  0.0000E+00
  0.3480E+03  0.0000E+00
  0.3490E+03  0.0000E+00
  0.3500E+03  0.0000E+00
  0.3510E+03  0.0000E+00
  0.3520E+03  0.0000E+00
  0.3530E+03  0.0000E+00
  0.3540E+03  0.0000E+00
  0.3550E+03  0.0000E+00
  0.3560E+03  0.0000E+00
  0.3570E+03  0.0000E+00
  0.3580E+03  0.0000E+00
  0.3590E+03  0.0000E+00
  0.3600E+03  0.0000E+00
  0.3610E+03  0.0000E+00
  0.3620E+03  0.0000E+00
  0.3630E+03  0.0000E+00
  0.3640E+03  0.0000E+00
  0.3650E+03  0.0000E+00
  0.3660E+03  0.0000E+00
  0.3670E+03  0.0000E+00
  0.3680E+03  0.0000E+00
  0.3690E+03  0.0000E+00
  0.3700E+03  0.0000E+00
  0.3710E+03  0.0000E+00
  0.3720E+03  0.0000E+00
  0.3730E+03  0.0000E+00
  0.3740E+03  0.0000E+00
  0.3750E+03  0.0000E+00
  0.3760E+03  0.0000E+00
  0.3770E+03  0.0000E+00
  0.3780E+03  0.0000E+00
  0.3790E+03  0.0000E+00
  0.3800E+03  0.0000E+00
  0.3810E+03  0.0000E+00
  0.3820E+03  0.0000E+00
  0.3830E+03  0.0000E+00
  0.3840E+03  0.0000E+00
  0.3850E+03  0.0000E+00
  0.3860E+03  0.0000E+00
  0.3870E+03  0.0000E+00
  0.3880E+03  0.0000E+00
  0.3890E+03  0.0000E+00
  0.3900E+03  0.0000E+00
  0.3910E+03  0.0000E+00
  0.3920E+03  0.0000E+00
  0.3930E+03  0.0000E+00
  0.3940E+03  0.0000E+00
  0.3950E+03  0.0000E+00
  0.3960E+03  0.0000E+00
  0.3970E+03  0.0000E+00
  0.3980E+03  0.0000E+00
  0.3990E+03  0.0000E+00
  0.4000E+03  0.0000E+00
  0.4010E+03  0.0000E+00
  0.4020E+03  0.0000E+00
  0.4030E+03  0.0000E+00
  0.4040E+03  0.0000E+00
  0.4050E+03  0.0000E+00
  0.4060E+03  0.0000E+00
  0.4070E+03  0.0000E+00
  0.4080E+03  0.0000E+00
  0.4090E+03  0.0000E+00
  0.4100E+03  0.0000E+00
  0.4110E+03  0.0000E+00
  0.4120E+03  0.0000E+00
  0.4130E+03  0.0000E+00
  0.4140E+03  0.0000E+00
  0.4150E+03  0.0000E+00
  0.4160E+03  0.0000E+00
  0.4170E+03  0.0000E+00
  0.4180E+03  0.0000E+00
  0.4190E+03  0.0000E+00
  0.4200E+03  0.0000E+00
  0.4210E+03  0.0000E+00
  0.4220E+03  0.0000E+00
  0.4230E+03  0.0000E+00
  0.4240E+03  0.0000E+00
  0.4250E+03  0.0000E+00
  0.4260E+03  0.0000E+00
  0.4270E+03  0.0000E+00
  0.4280E+03  0.0000E+00
  0.4290E+03  0.0000E+00
  0.4300E+03  0.0000E+00
  0.4310E+03  0.0000E+00
  0.4320E+03  0.0000E+00
  0.4330E+03  0.0000E+00
  0.4340E+03  0.0000E+00
  0.4350E+03  0.0000E+00
  0.4360E+03  0.0000E+00
  0.4370E+03  0.0000E+00
  0.4380E+03  0.0000E+00
  0.4390E+03  0.0000E+00
  0.4400E+03  0.0000E+00
  0.4410E+03  0.0000E+00
  0.4420E+03  0.0000E+00
  0.4430E+03  0.0000E+00
  0.4440E+03  0.0000E+00
  0.4450E+03  0.0000E+00
  0.4460E+03  0.0000E+00
  0.4470E+03  0.0000E+00
  0.4480E+03  0.0000E+00
  0.4490E+03  0.0000E+00
  0.4500E+03  0.0000E+00
  0.4510E+03  0.0000E+00
  0.4520E+03  0.0000E+00
  0.4530E+03  0.0000E+00
  0.4540E+03  0.0000E+00
  0.4550E+03  0.0000E+00
  0.4560E+03  0.0000E+00
  0.4570E+03  0.0000E+00
  0.4580E+03  0.0000E+00
  0.4590E+03  0.0000E+00
  0.4600E+03  0.0000E+00
  0.4610E+03  0.0000E+00
  0.4620E+03  0.0000E+00
  0.4630E+03  0.0000E+00
  0.4640E+03  0.0000E+00
  0.4650E+03  0.0000E+00
  0.4660E+03  0.0000E+00
  0.4670E+03  0.0000E+00
  0.4680E+03  0.0000E+00
  0.4690E+03  0.0000E+00
  0.4700E+03  0.0000E+00
  0.4710E+03  0.0000E+00
  0.4720E+03  0.0000E+00
  0.4730E+03  0.0000E+00
  0.4740E+03  0.0000E+00
  0.4750E+03  0.0000E+00
  0.4760E+03  0.0000E+00
  0.4770E+03  0.0000E+00
  0.4780E+03  0.0000E+00
  0.4790E+03  0.0000E+00
  0.4800E+03  0.0000E+00
  0.4810E+03  0.0000E+00
  0.4820E+03  0.0000E+00
  0.4830E+03  0.0000E+00
  0.4840E+03  0.0000E+00
  0.4850E+03  0.0000E+00
  0.4860E+03  0.0000E+00
  0.4870E+03  0.0000E+00
  0.4880E+03  0.0000E+00
  0.4890E+03  0.0000E+00
  0.4900E+03  0.0000E+00
  0.4910E+03  0.0000E+00
  0.4920E+03  0.0000E+00
  0.4930E+03  0.0000E+00
  0.4940E+03  0.0000E+00
  0.4950E+03  0.0000E+00
  0.4960E+03  0.0000E+00
  0.4970E+03  0.0000E+00
  0.4980E+03  0.0000E+00
  0.4990E+03  0.0000E+00
  0.5000E+03  0.0000E+00
  0.5010E+03  0.0000E+00
  0.5020E+03  0.0000E+00
  0.5030E+03  0.0000E+00
  0.5040E+03  0.0000E+00
  0.5050E+03  0.0000E+00
  0.5060E+03  0.0000E+00
  0.5070E+03  0.0000E+00
  0.5080E+03  0.0000E+00
  0.5090E+03  0.0000E+00
  0.5100E+03  0.0000E+00
  0.5110E+03  0.0000E+00
  0.5120E+03  0.0000E+00
