  0.1000E+01  0.5726E-01
  0.2000E+01  0.7003E-01
  0.3000E+01  0.1137E+00
  0.4000E+01  0.9766E-01
  0.5000E+01  0.9771E-01
  0.6000E+01  0.1323E+00
  0.7000E+01  0.1498E+00
  0.8000E+01  0.1582E+00
  0.9000E+01  0.1518E+00
  0.1000E+02  0.1599E+00
  0.1100E+02  0.8937E-01
  0.1200E+02  0.1094E+00
  0.1300E+02  0.1410E+00
  0.1400E+02  0.1039E+00
  0.1500E+02  0.1694E+00
  0.1600E+02  0.1276E+00
  0.1700E+02  0.1304E+00
  0.1800E+02  0.1642E+00
  0.1900E+02  0.1444E+00
  0.2000E+02  0.1504E+00
  0.2100E+02  0.9963E-01
  0.2200E+02  0.1379E+00
  0.2300E+02  0.1287E+00
  0.2400E+02  0.1795E+00
  0.2500E+02  0.1471E+00
  0.2600E+02  0.2461E+00
  0.2700E+02  0.2746E+00
  0.2800E+02  0.2684E+00
  0.2900E+02  0.1776E+00
  0.3000E+02  0.1954E+00
  0.3100E+02  0.1968E+00
  0.3200E+02  0.1936E+00
  0.3300E+02  0.2013E+00
  0.3400E+02  0.1385E+00
  0.3500E+02  0.9473E-01
  0.3600E+02  0.1363E+00
  0.3700E+02  0.1249E+00
  0.3800E+02  0.1019E+00
  0.3900E+02  0.1078E+00
  0.4000E+02  0.1076E+00
  0.4100E+02  0.1110E+00
  0.4200E+02  0.1224E+00
  0.4300E+02  0.7922E-01
  0.4400E+02  0.7265E-01
  0.4500E+02  0.1298E+00
  0.4600E+02  0.1116E+00
  0.4700E+02  0.8010E-01
  0.4800E+02  0.9338E-01
  0.4900E+02  0.1252E+00
  0.5000E+02  0.1205E+00
  0.5100E+02  0.1500E+00
  0.5200E+02  0.1490E+00
  0.5300E+02  0.1278E+00
  0.5400E+02  0.1758E+00
  0.5500E+02  0.1328E+00
  0.5600E+02  0.1389E+00
  0.5700E+02  0.8372E-01
  0.5800E+02  0.1569E+00
  0.5900E+02  0.1554E+00
  0.6000E+02  0.1567E+00
  0.6100E+02  0.1532E+00
  0.6200E+02  0.1618E+00
  0.6300E+02  0.1046E+00
  0.6400E+02  0.1196E+00
  0.6500E+02  0.1831E+00
  0.6600E+02  0.1328E+00
  0.6700E+02  0.9581E-01
  0.6800E+02  0.1311E+00
  0.6900E+02  0.1441E+00
  0.7000E+02  0.1310E+00
  0.7100E+02  0.1656E+00
  0.7200E+02  0.1060E+00
  0.7300E+02  0.9064E-01
  0.7400E+02  0.1009E+00
  0.7500E+02  0.8112E-01
  0.7600E+02  0.1102E+00
  0.7700E+02  0.1304E+00
  0.7800E+02  0.1474E+00
  0.7900E+02  0.1356E+00
  0.8000E+02  0.1211E+00
  0.8100E+02  0.1324E+00
  0.8200E+02  0.1301E+00
  0.8300E+02  0.7974E-01
  0.8400E+02  0.1449E+00
  0.8500E+02  0.1645E+00
  0.8600E+02  0.1372E+00
  0.8700E+02  0.1030E+00
  0.8800E+02  0.1261E+00
  0.8900E+02  0.1020E+00
  0.9000E+02  0.1503E+00
  0.9100E+02  0.1248E+00
  0.9200E+02  0.1910E+00
  0.9300E+02  0.1048E+00
  0.9400E+02  0.1147E+00
  0.9500E+02  0.1752E+00
  0.9600E+02  0.7063E-01
  0.9700E+02  0.1184E+00
  0.9800E+02  0.9086E-01
  0.9900E+02  0.1432E+00
  0.1000E+03  0.1081E+00
  0.1010E+03  0.1467E+00
  0.1020E+03  0.1337E+00
  0.1030E+03  0.1238E+00
  0.1040E+03  0.1123E+00
  0.1050E+03  0.1115E+00
  0.1060E+03  0.9218E-01
  0.1070E+03  0.1802E+00
  0.1080E+03  0.1476E+00
  0.1090E+03  0.1666E+00
  0.1100E+03  0.1352E+00
  0.1110E+03  0.1307E+00
  0.1120E+03  0.1525E+00
  0.1130E+03  0.1477E+00
  0.1140E+03  0.1591E+00
  0.1150E+03  0.1255E+00
  0.1160E+03  0.1231E+00
  0.1170E+03  0.1292E+00
  0.1180E+03  0.1196E+00
  0.1190E+03  0.9110E-01
  0.1200E+03  0.1418E+00
  0.1210E+03  0.1246E+00
  0.1220E+03  0.1243E+00
  0.1230E+03  0.1331E+00
  0.1240E+03  0.1378E+00
  0.1250E+03  0.1268E+00
  0.1260E+03  0.1438E+00
  0.1270E+03  0.1443E+00
  0.1280E+03  0.2009E+00
  0.1290E+03  0.1523E+00
  0.1300E+03  0.1507E+00
  0.1310E+03  0.1879E+00
  0.1320E+03  0.1819E+00
  0.1330E+03  0.2517E+00
  0.1340E+03  0.1716E+00
  0.1350E+03  0.1922E+00
  0.1360E+03  0.1931E+00
  0.1370E+03  0.2580E+00
  0.1380E+03  0.2210E+00
  0.1390E+03  0.2166E+00
  0.1400E+03  0.2170E+00
  0.1410E+03  0.1932E+00
  0.1420E+03  0.2444E+00
  0.1430E+03  0.2516E+00
  0.1440E+03  0.2636E+00
  0.1450E+03  0.3076E+00
  0.1460E+03  0.3117E+00
  0.1470E+03  0.3179E+00
  0.1480E+03  0.4174E+00
  0.1490E+03  0.3032E+00
  0.1500E+03  0.4083E+00
  0.1510E+03  0.4055E+00
  0.1520E+03  0.4528E+00
  0.1530E+03  0.4644E+00
  0.1540E+03  0.5519E+00
  0.1550E+03  0.6325E+00
  0.1560E+03  0.5051E+00
  0.1570E+03  0.6796E+00
  0.1580E+03  0.6203E+00
  0.1590E+03  0.6251E+00
  0.1600E+03  0.5844E+00
  0.1610E+03  0.5581E+00
  0.1620E+03  0.5648E+00
  0.1630E+03  0.5500E+00
  0.1640E+03  0.5159E+00
  0.1650E+03  0.3881E+00
  0.1660E+03  0.3955E+00
  0.1670E+03  0.4296E+00
  0.1680E+03  0.3077E+00
  0.1690E+03  0.3539E+00
  0.1700E+03  0.3145E+00
  0.1710E+03  0.2005E+00
  0.1720E+03  0.2933E+00
  0.1730E+03  0.2604E+00
  0.1740E+03  0.2561E+00
  0.1750E+03  0.2696E+00
  0.1760E+03  0.2884E+00
  0.1770E+03  0.2036E+00
  0.1780E+03  0.2425E+00
  0.1790E+03  0.1878E+00
  0.1800E+03  0.2051E+00
  0.1810E+03  0.2047E+00
  0.1820E+03  0.1527E+00
  0.1830E+03  0.1785E+00
  0.1840E+03  0.1601E+00
  0.1850E+03  0.2022E+00
  0.1860E+03  0.2031E+00
  0.1870E+03  0.1833E+00
  0.1880E+03  0.2468E+00
  0.1890E+03  0.2500E+00
  0.1900E+03  0.2011E+00
  0.1910E+03  0.1903E+00
  0.1920E+03  0.2080E+00
  0.1930E+03  0.2524E+00
  0.1940E+03  0.1964E+00
  0.1950E+03  0.2022E+00
  0.1960E+03  0.1985E+00
  0.1970E+03  0.2170E+00
  0.1980E+03  0.1957E+00
  0.1990E+03  0.2362E+00
  0.2000E+03  0.2134E+00
  0.2010E+03  0.2151E+00
  0.2020E+03  0.2478E+00
  0.2030E+03  0.2000E+00
  0.2040E+03  0.2663E+00
  0.2050E+03  0.3187E+00
  0.2060E+03  0.1769E+00
  0.2070E+03  0.2940E+00
  0.2080E+03  0.2935E+00
  0.2090E+03  0.2159E+00
  0.2100E+03  0.2292E+00
  0.2110E+03  0.2473E+00
  0.2120E+03  0.2804E+00
  0.2130E+03  0.2683E+00
  0.2140E+03  0.2648E+00
  0.2150E+03  0.2533E+00
  0.2160E+03  0.3082E+00
  0.2170E+03  0.2899E+00
  0.2180E+03  0.3513E+00
  0.2190E+03  0.2985E+00
  0.2200E+03  0.3804E+00
  0.2210E+03  0.2429E+00
  0.2220E+03  0.1711E+00
  0.2230E+03  0.2478E+00
  0.2240E+03  0.2924E+00
  0.2250E+03  0.3711E+00
  0.2260E+03  0.3325E+00
  0.2270E+03  0.2412E+00
  0.2280E+03  0.3132E+00
  0.2290E+03  0.3549E+00
  0.2300E+03  0.2821E+00
  0.2310E+03  0.2844E+00
  0.2320E+03  0.3013E+00
  0.2330E+03  0.3582E+00
  0.2340E+03  0.3163E+00
  0.2350E+03  0.3717E+00
  0.2360E+03  0.2962E+00
  0.2370E+03  0.3342E+00
  0.2380E+03  0.3931E+00
  0.2390E+03  0.4132E+00
  0.2400E+03  0.2368E+00
  0.2410E+03  0.2917E+00
  0.2420E+03  0.3125E+00
  0.2430E+03  0.3724E+00
  0.2440E+03  0.4101E+00
  0.2450E+03  0.3474E+00
  0.2460E+03  0.4155E+00
  0.2470E+03  0.2874E+00
  0.2480E+03  0.4091E+00
  0.2490E+03  0.2904E+00
  0.2500E+03  0.3202E+00
  0.2510E+03  0.3472E+00
  0.2520E+03  0.3220E+00
  0.2530E+03  0.3623E+00
  0.2540E+03  0.3789E+00
  0.2550E+03  0.3714E+00
  0.2560E+03  0.2989E+00
  0.2570E+03  0.3933E+00
  0.2580E+03  0.4217E+00
  0.2590E+03  0.3957E+00
  0.2600E+03  0.4362E+00
  0.2610E+03  0.4158E+00
  0.2620E+03  0.4448E+00
  0.2630E+03  0.2942E+00
  0.2640E+03  0.3369E+00
  0.2650E+03  0.4072E+00
  0.2660E+03  0.3706E+00
  0.2670E+03  0.4657E+00
  0.2680E+03  0.4282E+00
  0.2690E+03  0.3926E+00
  0.2700E+03  0.4975E+00
  0.2710E+03  0.3271E+00
  0.2720E+03  0.3873E+00
  0.2730E+03  0.3967E+00
  0.2740E+03  0.4321E+00
  0.2750E+03  0.4170E+00
  0.2760E+03  0.3906E+00
  0.2770E+03  0.4545E+00
  0.2780E+03  0.4920E+00
  0.2790E+03  0.4112E+00
  0.2800E+03  0.4570E+00
  0.2810E+03  0.4803E+00
  0.2820E+03  0.4534E+00
  0.2830E+03  0.4033E+00
  0.2840E+03  0.4455E+00
  0.2850E+03  0.4416E+00
  0.2860E+03  0.4586E+00
  0.2870E+03  0.3714E+00
  0.2880E+03  0.4798E+00
  0.2890E+03  0.4710E+00
  0.2900E+03  0.4943E+00
  0.2910E+03  0.4397E+00
  0.2920E+03  0.4042E+00
  0.2930E+03  0.4952E+00
  0.2940E+03  0.4329E+00
  0.2950E+03  0.4339E+00
  0.2960E+03  0.4882E+00
  0.2970E+03  0.4015E+00
  0.2980E+03  0.4002E+00
  0.2990E+03  0.4066E+00
  0.3000E+03  0.3976E+00
  0.3010E+03  0.3658E+00
  0.3020E+03  0.4169E+00
  0.3030E+03  0.3903E+00
  0.3040E+03  0.4262E+00
  0.3050E+03  0.3939E+00
  0.3060E+03  0.5159E+00
  0.3070E+03  0.4016E+00
  0.3080E+03  0.4504E+00
  0.3090E+03  0.4555E+00
  0.3100E+03  0.4694E+00
  0.3110E+03  0.3487E+00
  0.3120E+03  0.4418E+00
  0.3130E+03  0.4554E+00
  0.3140E+03  0.5141E+00
  0.3150E+03  0.4299E+00
  0.3160E+03  0.3590E+00
  0.3170E+03  0.4342E+00
  0.3180E+03  0.4557E+00
  0.3190E+03  0.4903E+00
  0.3200E+03  0.5244E+00
  0.3210E+03  0.5648E+00
  0.3220E+03  0.4250E+00
  0.3230E+03  0.5310E+00
  0.3240E+03  0.5336E+00
  0.3250E+03  0.4589E+00
  0.3260E+03  0.5049E+00
  0.3270E+03  0.4173E+00
  0.3280E+03  0.4131E+00
  0.3290E+03  0.4767E+00
  0.3300E+03  0.5469E+00
  0.3310E+03  0.4752E+00
  0.3320E+03  0.6420E+00
  0.3330E+03  0.5995E+00
  0.3340E+03  0.4492E+00
  0.3350E+03  0.4793E+00
  0.3360E+03  0.5534E+00
  0.3370E+03  0.4608E+00
  0.3380E+03  0.5533E+00
  0.3390E+03  0.5171E+00
  0.3400E+03  0.5804E+00
  0.3410E+03  0.4034E+00
  0.3420E+03  0.5313E+00
  0.3430E+03  0.4985E+00
  0.3440E+03  0.5011E+00
  0.3450E+03  0.5031E+00
  0.3460E+03  0.4542E+00
  0.3470E+03  0.4721E+00
  0.3480E+03  0.5004E+00
  0.3490E+03  0.5457E+00
  0.3500E+03  0.4329E+00
  0.3510E+03  0.4546E+00
  0.3520E+03  0.5008E+00
  0.3530E+03  0.4574E+00
  0.3540E+03  0.4671E+00
  0.3550E+03  0.4519E+00
  0.3560E+03  0.5262E+00
  0.3570E+03  0.5248E+00
  0.3580E+03  0.4608E+00
  0.3590E+03  0.4185E+00
  0.3600E+03  0.4545E+00
  0.3610E+03  0.4598E+00
  0.3620E+03  0.5221E+00
  0.3630E+03  0.4360E+00
  0.3640E+03  0.3764E+00
  0.3650E+03  0.4708E+00
  0.3660E+03  0.3998E+00
  0.3670E+03  0.4641E+00
  0.3680E+03  0.5351E+00
  0.3690E+03  0.3734E+00
  0.3700E+03  0.4452E+00
  0.3710E+03  0.4405E+00
  0.3720E+03  0.4044E+00
  0.3730E+03  0.4530E+00
  0.3740E+03  0.4326E+00
  0.3750E+03  0.4365E+00
  0.3760E+03  0.3812E+00
  0.3770E+03  0.5445E+00
  0.3780E+03  0.3980E+00
  0.3790E+03  0.3889E+00
  0.3800E+03  0.3585E+00
  0.3810E+03  0.4772E+00
  0.3820E+03  0.5109E+00
  0.3830E+03  0.3689E+00
  0.3840E+03  0.4453E+00
  0.3850E+03  0.3648E+00
  0.3860E+03  0.4527E+00
  0.3870E+03  0.4335E+00
  0.3880E+03  0.5154E+00
  0.3890E+03  0.4567E+00
  0.3900E+03  0.3704E+00
  0.3910E+03  0.4016E+00
  0.3920E+03  0.4065E+00
  0.3930E+03  0.3892E+00
  0.3940E+03  0.4884E+00
  0.3950E+03  0.4482E+00
  0.3960E+03  0.4167E+00
  0.3970E+03  0.3423E+00
  0.3980E+03  0.4727E+00
  0.3990E+03  0.4257E+00
  0.4000E+03  0.4309E+00
  0.4010E+03  0.3401E+00
  0.4020E+03  0.4536E+00
  0.4030E+03  0.5062E+00
  0.4040E+03  0.4654E+00
  0.4050E+03  0.4042E+00
  0.4060E+03  0.4794E+00
  0.4070E+03  0.4272E+00
  0.4080E+03  0.4016E+00
  0.4090E+03  0.4005E+00
  0.4100E+03  0.4208E+00
  0.4110E+03  0.4158E+00
  0.4120E+03  0.5026E+00
  0.4130E+03  0.4690E+00
  0.4140E+03  0.3870E+00
  0.4150E+03  0.3776E+00
  0.4160E+03  0.4673E+00
  0.4170E+03  0.4553E+00
  0.4180E+03  0.5246E+00
  0.4190E+03  0.5190E+00
  0.4200E+03  0.3621E+00
  0.4210E+03  0.4256E+00
  0.4220E+03  0.4148E+00
  0.4230E+03  0.5227E+00
  0.4240E+03  0.5608E+00
  0.4250E+03  0.4762E+00
  0.4260E+03  0.4851E+00
  0.4270E+03  0.4678E+00
  0.4280E+03  0.4845E+00
  0.4290E+03  0.5326E+00
  0.4300E+03  0.4323E+00
  0.4310E+03  0.4216E+00
  0.4320E+03  0.5176E+00
  0.4330E+03  0.6052E+00
  0.4340E+03  0.4831E+00
  0.4350E+03  0.4369E+00
  0.4360E+03  0.4431E+00
  0.4370E+03  0.4294E+00
  0.4380E+03  0.5658E+00
  0.4390E+03  0.5408E+00
  0.4400E+03  0.5703E+00
  0.4410E+03  0.5565E+00
  0.4420E+03  0.4584E+00
  0.4430E+03  0.4132E+00
  0.4440E+03  0.5099E+00
  0.4450E+03  0.4195E+00
  0.4460E+03  0.4934E+00
  0.4470E+03  0.4968E+00
  0.4480E+03  0.4703E+00
  0.4490E+03  0.3726E+00
  0.4500E+03  0.4290E+00
  0.4510E+03  0.3497E+00
  0.4520E+03  0.4441E+00
  0.4530E+03  0.4937E+00
  0.4540E+03  0.4428E+00
  0.4550E+03  0.4232E+00
  0.4560E+03  0.3994E+00
  0.4570E+03  0.3683E+00
  0.4580E+03  0.3563E+00
  0.4590E+03  0.3594E+00
  0.4600E+03  0.4547E+00
  0.4610E+03  0.3446E+00
  0.4620E+03  0.3524E+00
  0.4630E+03  0.4770E+00
  0.4640E+03  0.4856E+00
  0.4650E+03  0.3852E+00
  0.4660E+03  0.3946E+00
  0.4670E+03  0.3439E+00
  0.4680E+03  0.3786E+00
  0.4690E+03  0.4205E+00
  0.4700E+03  0.3688E+00
  0.4710E+03  0.3894E+00
  0.4720E+03  0.3194E+00
  0.4730E+03  0.4009E+00
  0.4740E+03  0.3484E+00
  0.4750E+03  0.2965E+00
  0.4760E+03  0.3620E+00
  0.4770E+03  0.3386E+00
  0.4780E+03  0.4180E+00
  0.4790E+03  0.3376E+00
  0.4800E+03  0.4274E+00
  0.4810E+03  0.3690E+00
  0.4820E+03  0.3013E+00
  0.4830E+03  0.2765E+00
  0.4840E+03  0.3536E+00
  0.4850E+03  0.4157E+00
  0.4860E+03  0.4736E+00
  0.4870E+03  0.4018E+00
  0.4880E+03  0.4550E+00
  0.4890E+03  0.3991E+00
  0.4900E+03  0.4135E+00
  0.4910E+03  0.3637E+00
  0.4920E+03  0.4510E+00
  0.4930E+03  0.3900E+00
  0.4940E+03  0.4635E+00
  0.4950E+03  0.3614E+00
  0.4960E+03  0.4147E+00
  0.4970E+03  0.4605E+00
  0.4980E+03  0.4187E+00
  0.4990E+03  0.3771E+00
  0.5000E+03  0.4868E+00
  0.5010E+03  0.4399E+00
  0.5020E+03  0.5216E+00
  0.5030E+03  0.4161E+00
  0.5040E+03  0.4570E+00
  0.5050E+03  0.4611E+00
  0.5060E+03  0.4149E+00
  0.5070E+03  0.4674E+00
  0.5080E+03  0.4288E+00
  0.5090E+03  0.5094E+00
  0.5100E+03  0.4710E+00
  0.5110E+03  0.0000E+00
  0.5120E+03  0.0000E+00
