  0.1000E+01  0.2629E+00
  0.2000E+01  0.2648E+00
  0.3000E+01  0.3604E+00
  0.4000E+01  0.3285E+00
  0.5000E+01  0.3586E+00
  0.6000E+01  0.3200E+00
  0.7000E+01  0.2970E+00
  0.8000E+01  0.2745E+00
  0.9000E+01  0.3753E+00
  0.1000E+02  0.2903E+00
  0.1100E+02  0.3301E+00
  0.1200E+02  0.3220E+00
  0.1300E+02  0.2865E+00
  0.1400E+02  0.3276E+00
  0.1500E+02  0.2971E+00
  0.1600E+02  0.3587E+00
  0.1700E+02  0.3237E+00
  0.1800E+02  0.3511E+00
  0.1900E+02  0.3371E+00
  0.2000E+02  0.3228E+00
  0.2100E+02  0.2342E+00
  0.2200E+02  0.3561E+00
  0.2300E+02  0.3639E+00
  0.2400E+02  0.2833E+00
  0.2500E+02  0.3074E+00
  0.2600E+02  0.3104E+00
  0.2700E+02  0.4037E+00
  0.2800E+02  0.2932E+00
  0.2900E+02  0.3706E+00
  0.3000E+02  0.2416E+00
  0.3100E+02  0.3178E+00
  0.3200E+02  0.3238E+00
  0.3300E+02  0.3469E+00
  0.3400E+02  0.2662E+00
  0.3500E+02  0.2519E+00
  0.3600E+02  0.2439E+00
  0.3700E+02  0.3421E+00
  0.3800E+02  0.3349E+00
  0.3900E+02  0.2664E+00
  0.4000E+02  0.3305E+00
  0.4100E+02  0.2784E+00
  0.4200E+02  0.3232E+00
  0.4300E+02  0.2498E+00
  0.4400E+02  0.3324E+00
  0.4500E+02  0.2914E+00
  0.4600E+02  0.2492E+00
  0.4700E+02  0.3570E+00
  0.4800E+02  0.3707E+00
  0.4900E+02  0.3275E+00
  0.5000E+02  0.3683E+00
  0.5100E+02  0.2699E+00
  0.5200E+02  0.2983E+00
  0.5300E+02  0.3431E+00
  0.5400E+02  0.3365E+00
  0.5500E+02  0.4006E+00
  0.5600E+02  0.3766E+00
  0.5700E+02  0.3449E+00
  0.5800E+02  0.2812E+00
  0.5900E+02  0.3537E+00
  0.6000E+02  0.3147E+00
  0.6100E+02  0.4157E+00
  0.6200E+02  0.3177E+00
  0.6300E+02  0.4760E+00
  0.6400E+02  0.4245E+00
  0.6500E+02  0.3509E+00
  0.6600E+02  0.3669E+00
  0.6700E+02  0.4226E+00
  0.6800E+02  0.4672E+00
  0.6900E+02  0.4642E+00
  0.7000E+02  0.3556E+00
  0.7100E+02  0.4642E+00
  0.7200E+02  0.4234E+00
  0.7300E+02  0.4120E+00
  0.7400E+02  0.3938E+00
  0.7500E+02  0.5620E+00
  0.7600E+02  0.4141E+00
  0.7700E+02  0.4715E+00
  0.7800E+02  0.4192E+00
  0.7900E+02  0.3802E+00
  0.8000E+02  0.5450E+00
  0.8100E+02  0.4444E+00
  0.8200E+02  0.4563E+00
  0.8300E+02  0.4533E+00
  0.8400E+02  0.4505E+00
  0.8500E+02  0.4255E+00
  0.8600E+02  0.4906E+00
  0.8700E+02  0.4315E+00
  0.8800E+02  0.4297E+00
  0.8900E+02  0.4569E+00
  0.9000E+02  0.6464E+00
  0.9100E+02  0.5042E+00
  0.9200E+02  0.5620E+00
  0.9300E+02  0.5033E+00
  0.9400E+02  0.4379E+00
  0.9500E+02  0.4968E+00
  0.9600E+02  0.3824E+00
  0.9700E+02  0.4672E+00
  0.9800E+02  0.5788E+00
  0.9900E+02  0.4773E+00
  0.1000E+03  0.4730E+00
  0.1010E+03  0.5391E+00
  0.1020E+03  0.4788E+00
  0.1030E+03  0.4490E+00
  0.1040E+03  0.4023E+00
  0.1050E+03  0.4352E+00
  0.1060E+03  0.4649E+00
  0.1070E+03  0.4647E+00
  0.1080E+03  0.5226E+00
  0.1090E+03  0.5869E+00
  0.1100E+03  0.5076E+00
  0.1110E+03  0.5335E+00
  0.1120E+03  0.5373E+00
  0.1130E+03  0.4148E+00
  0.1140E+03  0.4960E+00
  0.1150E+03  0.4782E+00
  0.1160E+03  0.4490E+00
  0.1170E+03  0.4409E+00
  0.1180E+03  0.5361E+00
  0.1190E+03  0.4540E+00
  0.1200E+03  0.5001E+00
  0.1210E+03  0.5137E+00
  0.1220E+03  0.6937E+00
  0.1230E+03  0.6145E+00
  0.1240E+03  0.6545E+00
  0.1250E+03  0.5015E+00
  0.1260E+03  0.5783E+00
  0.1270E+03  0.5090E+00
  0.1280E+03  0.5341E+00
  0.1290E+03  0.5303E+00
  0.1300E+03  0.5742E+00
  0.1310E+03  0.6208E+00
  0.1320E+03  0.5331E+00
  0.1330E+03  0.5753E+00
  0.1340E+03  0.4198E+00
  0.1350E+03  0.6435E+00
  0.1360E+03  0.5871E+00
  0.1370E+03  0.6401E+00
  0.1380E+03  0.5886E+00
  0.1390E+03  0.6396E+00
  0.1400E+03  0.5401E+00
  0.1410E+03  0.6512E+00
  0.1420E+03  0.6021E+00
  0.1430E+03  0.6234E+00
  0.1440E+03  0.7602E+00
  0.1450E+03  0.6641E+00
  0.1460E+03  0.6344E+00
  0.1470E+03  0.5490E+00
  0.1480E+03  0.6243E+00
  0.1490E+03  0.6449E+00
  0.1500E+03  0.5369E+00
  0.1510E+03  0.5903E+00
  0.1520E+03  0.6145E+00
  0.1530E+03  0.5998E+00
  0.1540E+03  0.5763E+00
  0.1550E+03  0.6292E+00
  0.1560E+03  0.7809E+00
  0.1570E+03  0.6721E+00
  0.1580E+03  0.7195E+00
  0.1590E+03  0.7550E+00
  0.1600E+03  0.7652E+00
  0.1610E+03  0.7153E+00
  0.1620E+03  0.7228E+00
  0.1630E+03  0.7424E+00
  0.1640E+03  0.6696E+00
  0.1650E+03  0.7545E+00
  0.1660E+03  0.7489E+00
  0.1670E+03  0.8519E+00
  0.1680E+03  0.7746E+00
  0.1690E+03  0.7963E+00
  0.1700E+03  0.7244E+00
  0.1710E+03  0.8058E+00
  0.1720E+03  0.7658E+00
  0.1730E+03  0.7052E+00
  0.1740E+03  0.8845E+00
  0.1750E+03  0.7529E+00
  0.1760E+03  0.7602E+00
  0.1770E+03  0.7940E+00
  0.1780E+03  0.6762E+00
  0.1790E+03  0.7828E+00
  0.1800E+03  0.7237E+00
  0.1810E+03  0.7068E+00
  0.1820E+03  0.6955E+00
  0.1830E+03  0.6228E+00
  0.1840E+03  0.7178E+00
  0.1850E+03  0.6601E+00
  0.1860E+03  0.6225E+00
  0.1870E+03  0.6135E+00
  0.1880E+03  0.5618E+00
  0.1890E+03  0.6789E+00
  0.1900E+03  0.5921E+00
  0.1910E+03  0.5169E+00
  0.1920E+03  0.5431E+00
  0.1930E+03  0.5055E+00
  0.1940E+03  0.4862E+00
  0.1950E+03  0.5907E+00
  0.1960E+03  0.5449E+00
  0.1970E+03  0.5317E+00
  0.1980E+03  0.5015E+00
  0.1990E+03  0.4021E+00
  0.2000E+03  0.4540E+00
  0.2010E+03  0.5467E+00
  0.2020E+03  0.5486E+00
  0.2030E+03  0.4168E+00
  0.2040E+03  0.4413E+00
  0.2050E+03  0.4352E+00
  0.2060E+03  0.3677E+00
  0.2070E+03  0.3456E+00
  0.2080E+03  0.3824E+00
  0.2090E+03  0.3518E+00
  0.2100E+03  0.3995E+00
  0.2110E+03  0.4385E+00
  0.2120E+03  0.4112E+00
  0.2130E+03  0.4051E+00
  0.2140E+03  0.4033E+00
  0.2150E+03  0.4267E+00
  0.2160E+03  0.2880E+00
  0.2170E+03  0.3835E+00
  0.2180E+03  0.3713E+00
  0.2190E+03  0.3792E+00
  0.2200E+03  0.3872E+00
  0.2210E+03  0.3031E+00
  0.2220E+03  0.3552E+00
  0.2230E+03  0.3256E+00
  0.2240E+03  0.2853E+00
  0.2250E+03  0.3416E+00
  0.2260E+03  0.2553E+00
  0.2270E+03  0.2927E+00
  0.2280E+03  0.2950E+00
  0.2290E+03  0.2682E+00
  0.2300E+03  0.2623E+00
  0.2310E+03  0.2184E+00
  0.2320E+03  0.3258E+00
  0.2330E+03  0.3456E+00
  0.2340E+03  0.3132E+00
  0.2350E+03  0.1640E+00
  0.2360E+03  0.2743E+00
  0.2370E+03  0.2701E+00
  0.2380E+03  0.2336E+00
  0.2390E+03  0.2253E+00
  0.2400E+03  0.2224E+00
  0.2410E+03  0.2154E+00
  0.2420E+03  0.2617E+00
  0.2430E+03  0.2204E+00
  0.2440E+03  0.2422E+00
  0.2450E+03  0.2860E+00
  0.2460E+03  0.2329E+00
  0.2470E+03  0.1968E+00
  0.2480E+03  0.2523E+00
  0.2490E+03  0.2190E+00
  0.2500E+03  0.2421E+00
  0.2510E+03  0.2415E+00
  0.2520E+03  0.2156E+00
  0.2530E+03  0.2109E+00
  0.2540E+03  0.1621E+00
  0.2550E+03  0.2330E+00
  0.2560E+03  0.1509E+00
  0.2570E+03  0.1833E+00
  0.2580E+03  0.2408E+00
  0.2590E+03  0.2037E+00
  0.2600E+03  0.1922E+00
  0.2610E+03  0.2277E+00
  0.2620E+03  0.1681E+00
  0.2630E+03  0.1980E+00
  0.2640E+03  0.1524E+00
  0.2650E+03  0.1250E+00
  0.2660E+03  0.2311E+00
  0.2670E+03  0.1816E+00
  0.2680E+03  0.1666E+00
  0.2690E+03  0.2252E+00
  0.2700E+03  0.1019E+00
  0.2710E+03  0.1890E+00
  0.2720E+03  0.1673E+00
  0.2730E+03  0.1394E+00
  0.2740E+03  0.1325E+00
  0.2750E+03  0.1512E+00
  0.2760E+03  0.1761E+00
  0.2770E+03  0.1295E+00
  0.2780E+03  0.2399E+00
  0.2790E+03  0.1248E+00
  0.2800E+03  0.1509E+00
  0.2810E+03  0.1759E+00
  0.2820E+03  0.1378E+00
  0.2830E+03  0.1025E+00
  0.2840E+03  0.1066E+00
  0.2850E+03  0.1732E+00
  0.2860E+03  0.1065E+00
  0.2870E+03  0.8942E-01
  0.2880E+03  0.1438E+00
  0.2890E+03  0.1116E+00
  0.2900E+03  0.1042E+00
  0.2910E+03  0.1296E+00
  0.2920E+03  0.1396E+00
  0.2930E+03  0.1508E+00
  0.2940E+03  0.1632E+00
  0.2950E+03  0.1584E+00
  0.2960E+03  0.1341E+00
  0.2970E+03  0.1392E+00
  0.2980E+03  0.1307E+00
  0.2990E+03  0.1113E+00
  0.3000E+03  0.9467E-01
  0.3010E+03  0.1273E+00
  0.3020E+03  0.9492E-01
  0.3030E+03  0.1083E+00
  0.3040E+03  0.1349E+00
  0.3050E+03  0.5501E-01
  0.3060E+03  0.9064E-01
  0.3070E+03  0.1328E+00
  0.3080E+03  0.1127E+00
  0.3090E+03  0.1150E+00
  0.3100E+03  0.1265E+00
  0.3110E+03  0.1176E+00
  0.3120E+03  0.9653E-01
  0.3130E+03  0.7309E-01
  0.3140E+03  0.1235E+00
  0.3150E+03  0.5675E-01
  0.3160E+03  0.7538E-01
  0.3170E+03  0.9881E-01
  0.3180E+03  0.9280E-01
  0.3190E+03  0.8553E-01
  0.3200E+03  0.6813E-01
  0.3210E+03  0.1098E+00
  0.3220E+03  0.6367E-01
  0.3230E+03  0.5232E-01
  0.3240E+03  0.9081E-01
  0.3250E+03  0.1288E+00
  0.3260E+03  0.8313E-01
  0.3270E+03  0.1006E+00
  0.3280E+03  0.1671E+00
  0.3290E+03  0.9497E-01
  0.3300E+03  0.9015E-01
  0.3310E+03  0.7584E-01
  0.3320E+03  0.9418E-01
  0.3330E+03  0.7601E-01
  0.3340E+03  0.8499E-01
  0.3350E+03  0.7475E-01
  0.3360E+03  0.1091E+00
  0.3370E+03  0.8019E-01
  0.3380E+03  0.6452E-01
  0.3390E+03  0.1015E+00
  0.3400E+03  0.3151E-01
  0.3410E+03  0.1153E+00
  0.3420E+03  0.6206E-01
  0.3430E+03  0.8902E-01
  0.3440E+03  0.7873E-01
  0.3450E+03  0.1235E+00
  0.3460E+03  0.4530E-01
  0.3470E+03  0.6174E-01
  0.3480E+03  0.6648E-01
  0.3490E+03  0.2791E-01
  0.3500E+03  0.8854E-01
  0.3510E+03  0.8440E-01
  0.3520E+03  0.5245E-01
  0.3530E+03  0.2489E-01
  0.3540E+03  0.4972E-01
  0.3550E+03  0.6026E-01
  0.3560E+03  0.8171E-01
  0.3570E+03  0.7186E-01
  0.3580E+03  0.5013E-01
  0.3590E+03  0.5458E-01
  0.3600E+03  0.4361E-01
  0.3610E+03  0.6693E-01
  0.3620E+03  0.3558E-01
  0.3630E+03  0.5841E-01
  0.3640E+03  0.6683E-01
  0.3650E+03  0.2862E-01
  0.3660E+03  0.6770E-01
  0.3670E+03  0.3589E-01
  0.3680E+03  0.5843E-01
  0.3690E+03  0.5354E-01
  0.3700E+03  0.5545E-01
  0.3710E+03  0.3541E-01
  0.3720E+03  0.3707E-01
  0.3730E+03  0.8602E-01
  0.3740E+03  0.6030E-01
  0.3750E+03  0.3286E-01
  0.3760E+03  0.6027E-01
  0.3770E+03  0.5668E-01
  0.3780E+03  0.5905E-01
  0.3790E+03  0.7023E-01
  0.3800E+03  0.8574E-01
  0.3810E+03  0.3347E-01
  0.3820E+03  0.4828E-01
  0.3830E+03  0.4881E-01
  0.3840E+03  0.4647E-01
  0.3850E+03  0.6721E-01
  0.3860E+03  0.5985E-01
  0.3870E+03  0.1783E-01
  0.3880E+03  0.7333E-01
  0.3890E+03  0.2763E-01
  0.3900E+03  0.6684E-01
  0.3910E+03  0.5183E-01
  0.3920E+03  0.3853E-01
  0.3930E+03  0.2566E-01
  0.3940E+03  0.3383E-01
  0.3950E+03  0.5581E-01
  0.3960E+03  0.3097E-01
  0.3970E+03  0.3048E-01
  0.3980E+03  0.5620E-01
  0.3990E+03  0.6720E-01
  0.4000E+03  0.3860E-01
  0.4010E+03  0.2601E-01
  0.4020E+03  0.1442E-01
  0.4030E+03  0.1911E-01
  0.4040E+03  0.2561E-01
  0.4050E+03  0.2931E-01
  0.4060E+03  0.7558E-01
  0.4070E+03  0.4150E-01
  0.4080E+03  0.1667E-01
  0.4090E+03  0.6074E-01
  0.4100E+03  0.4295E-01
  0.4110E+03  0.3365E-01
  0.4120E+03  0.3952E-01
  0.4130E+03  0.3087E-01
  0.4140E+03  0.2148E-01
  0.4150E+03  0.2832E-01
  0.4160E+03  0.1003E-01
  0.4170E+03  0.3461E-01
  0.4180E+03  0.5195E-01
  0.4190E+03  0.1498E-01
  0.4200E+03  0.3885E-01
  0.4210E+03  0.8551E-02
  0.4220E+03  0.6872E-02
  0.4230E+03  0.1205E-01
  0.4240E+03  0.1278E-01
  0.4250E+03  0.1777E-01
  0.4260E+03  0.7205E-02
  0.4270E+03  0.2284E-01
  0.4280E+03  0.1698E-01
  0.4290E+03  0.2053E-01
  0.4300E+03  0.3152E-01
  0.4310E+03  0.1999E-01
  0.4320E+03  0.1217E-01
  0.4330E+03  0.3637E-01
  0.4340E+03  0.4180E-01
  0.4350E+03  0.1827E-01
  0.4360E+03  0.2190E-01
  0.4370E+03  0.1336E-01
  0.4380E+03  0.2580E-01
  0.4390E+03  0.1584E-01
  0.4400E+03  0.4011E-01
  0.4410E+03  0.2732E-01
  0.4420E+03  0.5369E-02
  0.4430E+03  0.1453E-01
  0.4440E+03  0.2516E-01
  0.4450E+03  0.1375E-02
  0.4460E+03  0.3764E-01
  0.4470E+03  0.7842E-02
  0.4480E+03  0.8569E-02
  0.4490E+03  0.1085E-01
  0.4500E+03  0.0000E+00
  0.4510E+03  0.7903E-02
  0.4520E+03  0.2087E-01
  0.4530E+03  0.1900E-01
  0.4540E+03  0.3560E-01
  0.4550E+03  0.1169E-01
  0.4560E+03  0.2863E-01
  0.4570E+03  0.7401E-02
  0.4580E+03  0.1539E-01
  0.4590E+03  0.1907E-01
  0.4600E+03  0.1422E-01
  0.4610E+03  0.5570E-02
  0.4620E+03  0.2599E-01
  0.4630E+03  0.2448E-03
  0.4640E+03  0.3357E-01
  0.4650E+03  0.7667E-02
  0.4660E+03  0.2912E-01
  0.4670E+03  0.2297E-01
  0.4680E+03  0.9524E-02
  0.4690E+03  0.6236E-03
  0.4700E+03  0.2699E-01
  0.4710E+03  0.5847E-02
  0.4720E+03  0.0000E+00
  0.4730E+03  0.2836E-01
  0.4740E+03  0.1290E-01
  0.4750E+03  0.2722E-01
  0.4760E+03  0.1902E-01
  0.4770E+03  0.2138E-01
  0.4780E+03  0.2698E-01
  0.4790E+03  0.6800E-02
  0.4800E+03  0.1036E-01
  0.4810E+03  0.1433E-01
  0.4820E+03  0.1031E-01
  0.4830E+03  0.1312E-01
  0.4840E+03  0.2399E-01
  0.4850E+03  0.6896E-02
  0.4860E+03  0.0000E+00
  0.4870E+03  0.1843E-01
  0.4880E+03  0.1099E-01
  0.4890E+03  0.3000E-01
  0.4900E+03  0.7239E-02
  0.4910E+03  0.1577E-01
  0.4920E+03  0.3532E-01
  0.4930E+03  0.1711E-01
  0.4940E+03  0.0000E+00
  0.4950E+03  0.0000E+00
  0.4960E+03  0.1117E-01
  0.4970E+03  0.1326E-01
  0.4980E+03  0.1043E-01
  0.4990E+03  0.1224E-01
  0.5000E+03  0.7111E-02
  0.5010E+03  0.2229E-01
  0.5020E+03  0.2091E-01
  0.5030E+03  0.7337E-02
  0.5040E+03  0.8685E-02
  0.5050E+03  0.2033E-02
  0.5060E+03  0.1919E-01
  0.5070E+03  0.6189E-02
  0.5080E+03  0.1584E-01
  0.5090E+03  0.2162E-02
  0.5100E+03  0.1306E-01
  0.5110E+03  0.0000E+00
  0.5120E+03  0.0000E+00
