  0.1000E+01  0.1336E+01
  0.2000E+01  0.1418E+01
  0.3000E+01  0.1668E+01
  0.4000E+01  0.1637E+01
  0.5000E+01  0.1778E+01
  0.6000E+01  0.1775E+01
  0.7000E+01  0.1666E+01
  0.8000E+01  0.1712E+01
  0.9000E+01  0.1807E+01
  0.1000E+02  0.1578E+01
  0.1100E+02  0.1646E+01
  0.1200E+02  0.1662E+01
  0.1300E+02  0.1568E+01
  0.1400E+02  0.1688E+01
  0.1500E+02  0.1619E+01
  0.1600E+02  0.1662E+01
  0.1700E+02  0.1668E+01
  0.1800E+02  0.1750E+01
  0.1900E+02  0.1674E+01
  0.2000E+02  0.1606E+01
  0.2100E+02  0.1570E+01
  0.2200E+02  0.2121E+01
  0.2300E+02  0.2849E+01
  0.2400E+02  0.4545E+01
  0.2500E+02  0.7193E+01
  0.2600E+02  0.1044E+02
  0.2700E+02  0.1293E+02
  0.2800E+02  0.1304E+02
  0.2900E+02  0.1111E+02
  0.3000E+02  0.8406E+01
  0.3100E+02  0.6484E+01
  0.3200E+02  0.4985E+01
  0.3300E+02  0.3772E+01
  0.3400E+02  0.2844E+01
  0.3500E+02  0.2126E+01
  0.3600E+02  0.1827E+01
  0.3700E+02  0.1716E+01
  0.3800E+02  0.1560E+01
  0.3900E+02  0.1639E+01
  0.4000E+02  0.1570E+01
  0.4100E+02  0.1660E+01
  0.4200E+02  0.1783E+01
  0.4300E+02  0.1897E+01
  0.4400E+02  0.1712E+01
  0.4500E+02  0.2014E+01
  0.4600E+02  0.1853E+01
  0.4700E+02  0.2044E+01
  0.4800E+02  0.1905E+01
  0.4900E+02  0.1743E+01
  0.5000E+02  0.1885E+01
  0.5100E+02  0.1750E+01
  0.5200E+02  0.1821E+01
  0.5300E+02  0.2027E+01
  0.5400E+02  0.1981E+01
  0.5500E+02  0.1924E+01
  0.5600E+02  0.2095E+01
  0.5700E+02  0.1956E+01
  0.5800E+02  0.2000E+01
  0.5900E+02  0.2226E+01
  0.6000E+02  0.2064E+01
  0.6100E+02  0.2182E+01
  0.6200E+02  0.2144E+01
  0.6300E+02  0.2165E+01
  0.6400E+02  0.2185E+01
  0.6500E+02  0.2413E+01
  0.6600E+02  0.2511E+01
  0.6700E+02  0.2967E+01
  0.6800E+02  0.3144E+01
  0.6900E+02  0.3813E+01
  0.7000E+02  0.3930E+01
  0.7100E+02  0.4638E+01
  0.7200E+02  0.4629E+01
  0.7300E+02  0.4901E+01
  0.7400E+02  0.5141E+01
  0.7500E+02  0.5429E+01
  0.7600E+02  0.5330E+01
  0.7700E+02  0.5004E+01
  0.7800E+02  0.4494E+01
  0.7900E+02  0.3997E+01
  0.8000E+02  0.4097E+01
  0.8100E+02  0.3752E+01
  0.8200E+02  0.3953E+01
  0.8300E+02  0.3698E+01
  0.8400E+02  0.3825E+01
  0.8500E+02  0.3905E+01
  0.8600E+02  0.3676E+01
  0.8700E+02  0.3540E+01
  0.8800E+02  0.3211E+01
  0.8900E+02  0.3228E+01
  0.9000E+02  0.3432E+01
  0.9100E+02  0.2977E+01
  0.9200E+02  0.3055E+01
  0.9300E+02  0.2603E+01
  0.9400E+02  0.2360E+01
  0.9500E+02  0.2627E+01
  0.9600E+02  0.2212E+01
  0.9700E+02  0.2446E+01
  0.9800E+02  0.2365E+01
  0.9900E+02  0.2387E+01
  0.1000E+03  0.2371E+01
  0.1010E+03  0.2494E+01
  0.1020E+03  0.2520E+01
  0.1030E+03  0.2294E+01
  0.1040E+03  0.2270E+01
  0.1050E+03  0.2460E+01
  0.1060E+03  0.2247E+01
  0.1070E+03  0.2380E+01
  0.1080E+03  0.2565E+01
  0.1090E+03  0.2494E+01
  0.1100E+03  0.2322E+01
  0.1110E+03  0.2434E+01
  0.1120E+03  0.2288E+01
  0.1130E+03  0.2224E+01
  0.1140E+03  0.2402E+01
  0.1150E+03  0.2296E+01
  0.1160E+03  0.2458E+01
  0.1170E+03  0.2179E+01
  0.1180E+03  0.2294E+01
  0.1190E+03  0.2433E+01
  0.1200E+03  0.2270E+01
  0.1210E+03  0.2434E+01
  0.1220E+03  0.2531E+01
  0.1230E+03  0.2578E+01
  0.1240E+03  0.2639E+01
  0.1250E+03  0.2136E+01
  0.1260E+03  0.2552E+01
  0.1270E+03  0.2357E+01
  0.1280E+03  0.2574E+01
  0.1290E+03  0.2598E+01
  0.1300E+03  0.2634E+01
  0.1310E+03  0.2811E+01
  0.1320E+03  0.2666E+01
  0.1330E+03  0.2806E+01
  0.1340E+03  0.2451E+01
  0.1350E+03  0.2680E+01
  0.1360E+03  0.2738E+01
  0.1370E+03  0.2824E+01
  0.1380E+03  0.2849E+01
  0.1390E+03  0.2834E+01
  0.1400E+03  0.2847E+01
  0.1410E+03  0.2744E+01
  0.1420E+03  0.2913E+01
  0.1430E+03  0.3187E+01
  0.1440E+03  0.3267E+01
  0.1450E+03  0.3409E+01
  0.1460E+03  0.3711E+01
  0.1470E+03  0.3895E+01
  0.1480E+03  0.4433E+01
  0.1490E+03  0.4695E+01
  0.1500E+03  0.5102E+01
  0.1510E+03  0.5483E+01
  0.1520E+03  0.6437E+01
  0.1530E+03  0.6564E+01
  0.1540E+03  0.6932E+01
  0.1550E+03  0.7735E+01
  0.1560E+03  0.7867E+01
  0.1570E+03  0.8338E+01
  0.1580E+03  0.8612E+01
  0.1590E+03  0.8569E+01
  0.1600E+03  0.8446E+01
  0.1610E+03  0.8295E+01
  0.1620E+03  0.8224E+01
  0.1630E+03  0.7709E+01
  0.1640E+03  0.7394E+01
  0.1650E+03  0.6999E+01
  0.1660E+03  0.6379E+01
  0.1670E+03  0.6238E+01
  0.1680E+03  0.5771E+01
  0.1690E+03  0.5407E+01
  0.1700E+03  0.5065E+01
  0.1710E+03  0.4650E+01
  0.1720E+03  0.4173E+01
  0.1730E+03  0.4209E+01
  0.1740E+03  0.4452E+01
  0.1750E+03  0.4148E+01
  0.1760E+03  0.4147E+01
  0.1770E+03  0.3889E+01
  0.1780E+03  0.3936E+01
  0.1790E+03  0.3689E+01
  0.1800E+03  0.3733E+01
  0.1810E+03  0.3570E+01
  0.1820E+03  0.3415E+01
  0.1830E+03  0.3532E+01
  0.1840E+03  0.3677E+01
  0.1850E+03  0.3432E+01
  0.1860E+03  0.3277E+01
  0.1870E+03  0.3210E+01
  0.1880E+03  0.3379E+01
  0.1890E+03  0.3327E+01
  0.1900E+03  0.3357E+01
  0.1910E+03  0.3083E+01
  0.1920E+03  0.3140E+01
  0.1930E+03  0.3180E+01
  0.1940E+03  0.3121E+01
  0.1950E+03  0.2993E+01
  0.1960E+03  0.2891E+01
  0.1970E+03  0.2941E+01
  0.1980E+03  0.2459E+01
  0.1990E+03  0.2755E+01
  0.2000E+03  0.2716E+01
  0.2010E+03  0.2722E+01
  0.2020E+03  0.2976E+01
  0.2030E+03  0.2448E+01
  0.2040E+03  0.2846E+01
  0.2050E+03  0.2572E+01
  0.2060E+03  0.2295E+01
  0.2070E+03  0.2544E+01
  0.2080E+03  0.2448E+01
  0.2090E+03  0.2347E+01
  0.2100E+03  0.2297E+01
  0.2110E+03  0.2416E+01
  0.2120E+03  0.2607E+01
  0.2130E+03  0.2281E+01
  0.2140E+03  0.2238E+01
  0.2150E+03  0.2275E+01
  0.2160E+03  0.2143E+01
  0.2170E+03  0.2287E+01
  0.2180E+03  0.2250E+01
  0.2190E+03  0.2120E+01
  0.2200E+03  0.2406E+01
  0.2210E+03  0.2183E+01
  0.2220E+03  0.1986E+01
  0.2230E+03  0.1894E+01
  0.2240E+03  0.2010E+01
  0.2250E+03  0.2184E+01
  0.2260E+03  0.2020E+01
  0.2270E+03  0.1973E+01
  0.2280E+03  0.2205E+01
  0.2290E+03  0.2185E+01
  0.2300E+03  0.1789E+01
  0.2310E+03  0.1955E+01
  0.2320E+03  0.1999E+01
  0.2330E+03  0.2106E+01
  0.2340E+03  0.1923E+01
  0.2350E+03  0.2010E+01
  0.2360E+03  0.1924E+01
  0.2370E+03  0.1854E+01
  0.2380E+03  0.2032E+01
  0.2390E+03  0.1910E+01
  0.2400E+03  0.1920E+01
  0.2410E+03  0.1756E+01
  0.2420E+03  0.1931E+01
  0.2430E+03  0.1837E+01
  0.2440E+03  0.1890E+01
  0.2450E+03  0.1852E+01
  0.2460E+03  0.2030E+01
  0.2470E+03  0.1589E+01
  0.2480E+03  0.2005E+01
  0.2490E+03  0.1679E+01
  0.2500E+03  0.1716E+01
  0.2510E+03  0.1874E+01
  0.2520E+03  0.1801E+01
  0.2530E+03  0.1852E+01
  0.2540E+03  0.1819E+01
  0.2550E+03  0.1626E+01
  0.2560E+03  0.1640E+01
  0.2570E+03  0.1766E+01
  0.2580E+03  0.1830E+01
  0.2590E+03  0.1856E+01
  0.2600E+03  0.1790E+01
  0.2610E+03  0.1926E+01
  0.2620E+03  0.1699E+01
  0.2630E+03  0.1625E+01
  0.2640E+03  0.1592E+01
  0.2650E+03  0.1638E+01
  0.2660E+03  0.1683E+01
  0.2670E+03  0.1855E+01
  0.2680E+03  0.1604E+01
  0.2690E+03  0.1831E+01
  0.2700E+03  0.1669E+01
  0.2710E+03  0.1583E+01
  0.2720E+03  0.1535E+01
  0.2730E+03  0.1796E+01
  0.2740E+03  0.1778E+01
  0.2750E+03  0.1528E+01
  0.2760E+03  0.1742E+01
  0.2770E+03  0.1668E+01
  0.2780E+03  0.1831E+01
  0.2790E+03  0.1577E+01
  0.2800E+03  0.1745E+01
  0.2810E+03  0.1702E+01
  0.2820E+03  0.1719E+01
  0.2830E+03  0.1623E+01
  0.2840E+03  0.1580E+01
  0.2850E+03  0.1636E+01
  0.2860E+03  0.1536E+01
  0.2870E+03  0.1435E+01
  0.2880E+03  0.1637E+01
  0.2890E+03  0.1627E+01
  0.2900E+03  0.1774E+01
  0.2910E+03  0.1538E+01
  0.2920E+03  0.1483E+01
  0.2930E+03  0.1791E+01
  0.2940E+03  0.1492E+01
  0.2950E+03  0.1599E+01
  0.2960E+03  0.1510E+01
  0.2970E+03  0.1682E+01
  0.2980E+03  0.1494E+01
  0.2990E+03  0.1460E+01
  0.3000E+03  0.1370E+01
  0.3010E+03  0.1421E+01
  0.3020E+03  0.1518E+01
  0.3030E+03  0.1505E+01
  0.3040E+03  0.1515E+01
  0.3050E+03  0.1408E+01
  0.3060E+03  0.1512E+01
  0.3070E+03  0.1533E+01
  0.3080E+03  0.1516E+01
  0.3090E+03  0.1600E+01
  0.3100E+03  0.1644E+01
  0.3110E+03  0.1412E+01
  0.3120E+03  0.1420E+01
  0.3130E+03  0.1595E+01
  0.3140E+03  0.1646E+01
  0.3150E+03  0.1378E+01
  0.3160E+03  0.1317E+01
  0.3170E+03  0.1542E+01
  0.3180E+03  0.1593E+01
  0.3190E+03  0.1712E+01
  0.3200E+03  0.1657E+01
  0.3210E+03  0.1641E+01
  0.3220E+03  0.1571E+01
  0.3230E+03  0.1632E+01
  0.3240E+03  0.1571E+01
  0.3250E+03  0.1599E+01
  0.3260E+03  0.1543E+01
  0.3270E+03  0.1734E+01
  0.3280E+03  0.1690E+01
  0.3290E+03  0.1559E+01
  0.3300E+03  0.1835E+01
  0.3310E+03  0.1747E+01
  0.3320E+03  0.1770E+01
  0.3330E+03  0.1774E+01
  0.3340E+03  0.1876E+01
  0.3350E+03  0.1790E+01
  0.3360E+03  0.1750E+01
  0.3370E+03  0.1782E+01
  0.3380E+03  0.1914E+01
  0.3390E+03  0.1832E+01
  0.3400E+03  0.1915E+01
  0.3410E+03  0.1810E+01
  0.3420E+03  0.1864E+01
  0.3430E+03  0.1837E+01
  0.3440E+03  0.1761E+01
  0.3450E+03  0.1817E+01
  0.3460E+03  0.1734E+01
  0.3470E+03  0.1683E+01
  0.3480E+03  0.1819E+01
  0.3490E+03  0.1684E+01
  0.3500E+03  0.1757E+01
  0.3510E+03  0.1732E+01
  0.3520E+03  0.1637E+01
  0.3530E+03  0.1519E+01
  0.3540E+03  0.1585E+01
  0.3550E+03  0.1469E+01
  0.3560E+03  0.1560E+01
  0.3570E+03  0.1505E+01
  0.3580E+03  0.1451E+01
  0.3590E+03  0.1520E+01
  0.3600E+03  0.1322E+01
  0.3610E+03  0.1418E+01
  0.3620E+03  0.1349E+01
  0.3630E+03  0.1263E+01
  0.3640E+03  0.1124E+01
  0.3650E+03  0.1279E+01
  0.3660E+03  0.1228E+01
  0.3670E+03  0.1261E+01
  0.3680E+03  0.1161E+01
  0.3690E+03  0.1006E+01
  0.3700E+03  0.1138E+01
  0.3710E+03  0.1032E+01
  0.3720E+03  0.1006E+01
  0.3730E+03  0.1145E+01
  0.3740E+03  0.9896E+00
  0.3750E+03  0.9750E+00
  0.3760E+03  0.8233E+00
  0.3770E+03  0.9813E+00
  0.3780E+03  0.8562E+00
  0.3790E+03  0.8242E+00
  0.3800E+03  0.9033E+00
  0.3810E+03  0.9015E+00
  0.3820E+03  0.9647E+00
  0.3830E+03  0.8251E+00
  0.3840E+03  0.9865E+00
  0.3850E+03  0.7868E+00
  0.3860E+03  0.9774E+00
  0.3870E+03  0.8263E+00
  0.3880E+03  0.8998E+00
  0.3890E+03  0.8881E+00
  0.3900E+03  0.8228E+00
  0.3910E+03  0.7766E+00
  0.3920E+03  0.8920E+00
  0.3930E+03  0.7104E+00
  0.3940E+03  0.9613E+00
  0.3950E+03  0.8682E+00
  0.3960E+03  0.7984E+00
  0.3970E+03  0.7734E+00
  0.3980E+03  0.7895E+00
  0.3990E+03  0.7930E+00
  0.4000E+03  0.7569E+00
  0.4010E+03  0.8233E+00
  0.4020E+03  0.8445E+00
  0.4030E+03  0.8979E+00
  0.4040E+03  0.7555E+00
  0.4050E+03  0.8340E+00
  0.4060E+03  0.8961E+00
  0.4070E+03  0.8001E+00
  0.4080E+03  0.8798E+00
  0.4090E+03  0.8932E+00
  0.4100E+03  0.8535E+00
  0.4110E+03  0.9240E+00
  0.4120E+03  0.9954E+00
  0.4130E+03  0.9445E+00
  0.4140E+03  0.1016E+01
  0.4150E+03  0.9813E+00
  0.4160E+03  0.1031E+01
  0.4170E+03  0.1038E+01
  0.4180E+03  0.1137E+01
  0.4190E+03  0.1135E+01
  0.4200E+03  0.1079E+01
  0.4210E+03  0.1220E+01
  0.4220E+03  0.1170E+01
  0.4230E+03  0.1288E+01
  0.4240E+03  0.1324E+01
  0.4250E+03  0.1321E+01
  0.4260E+03  0.1327E+01
  0.4270E+03  0.1339E+01
  0.4280E+03  0.1396E+01
  0.4290E+03  0.1513E+01
  0.4300E+03  0.1232E+01
  0.4310E+03  0.1604E+01
  0.4320E+03  0.1489E+01
  0.4330E+03  0.1568E+01
  0.4340E+03  0.1604E+01
  0.4350E+03  0.1434E+01
  0.4360E+03  0.1641E+01
  0.4370E+03  0.1562E+01
  0.4380E+03  0.1752E+01
  0.4390E+03  0.1618E+01
  0.4400E+03  0.1691E+01
  0.4410E+03  0.1792E+01
  0.4420E+03  0.1436E+01
  0.4430E+03  0.1495E+01
  0.4440E+03  0.1476E+01
  0.4450E+03  0.1526E+01
  0.4460E+03  0.1591E+01
  0.4470E+03  0.1587E+01
  0.4480E+03  0.1533E+01
  0.4490E+03  0.1384E+01
  0.4500E+03  0.1518E+01
  0.4510E+03  0.1297E+01
  0.4520E+03  0.1216E+01
  0.4530E+03  0.1375E+01
  0.4540E+03  0.1351E+01
  0.4550E+03  0.1150E+01
  0.4560E+03  0.1198E+01
  0.4570E+03  0.1000E+01
  0.4580E+03  0.1098E+01
  0.4590E+03  0.1006E+01
  0.4600E+03  0.1103E+01
  0.4610E+03  0.9202E+00
  0.4620E+03  0.8277E+00
  0.4630E+03  0.1047E+01
  0.4640E+03  0.1073E+01
  0.4650E+03  0.9191E+00
  0.4660E+03  0.9244E+00
  0.4670E+03  0.8527E+00
  0.4680E+03  0.8570E+00
  0.4690E+03  0.7806E+00
  0.4700E+03  0.7948E+00
  0.4710E+03  0.8794E+00
  0.4720E+03  0.6952E+00
  0.4730E+03  0.8474E+00
  0.4740E+03  0.7466E+00
  0.4750E+03  0.6929E+00
  0.4760E+03  0.7938E+00
  0.4770E+03  0.8367E+00
  0.4780E+03  0.9440E+00
  0.4790E+03  0.7649E+00
  0.4800E+03  0.9391E+00
  0.4810E+03  0.7783E+00
  0.4820E+03  0.8321E+00
  0.4830E+03  0.8737E+00
  0.4840E+03  0.9808E+00
  0.4850E+03  0.1052E+01
  0.4860E+03  0.1154E+01
  0.4870E+03  0.1109E+01
  0.4880E+03  0.1270E+01
  0.4890E+03  0.1201E+01
  0.4900E+03  0.1275E+01
  0.4910E+03  0.1375E+01
  0.4920E+03  0.1477E+01
  0.4930E+03  0.1567E+01
  0.4940E+03  0.1555E+01
  0.4950E+03  0.1459E+01
  0.4960E+03  0.1596E+01
  0.4970E+03  0.1732E+01
  0.4980E+03  0.1744E+01
  0.4990E+03  0.1795E+01
  0.5000E+03  0.1881E+01
  0.5010E+03  0.2246E+01
  0.5020E+03  0.2205E+01
  0.5030E+03  0.2255E+01
  0.5040E+03  0.2242E+01
  0.5050E+03  0.2486E+01
  0.5060E+03  0.2372E+01
  0.5070E+03  0.2649E+01
  0.5080E+03  0.2521E+01
  0.5090E+03  0.2893E+01
  0.5100E+03  0.2984E+01
  0.5110E+03  0.0000E+00
  0.5120E+03  0.0000E+00
