  0.1000E+01  0.2879E-01
  0.2000E+01  0.9709E-01
  0.3000E+01  0.7552E-01
  0.4000E+01  0.2656E-01
  0.5000E+01  0.1935E-01
  0.6000E+01  0.1667E-01
  0.7000E+01  0.2259E-01
  0.8000E+01  0.1416E-01
  0.9000E+01  0.1207E-01
  0.1000E+02  0.1290E-01
  0.1100E+02  0.1272E-01
  0.1200E+02  0.9739E-02
  0.1300E+02  0.9288E-02
  0.1400E+02  0.6355E-02
  0.1500E+02  0.8102E-02
  0.1600E+02  0.9051E-02
  0.1700E+02  0.5619E-02
  0.1800E+02  0.5586E-02
  0.1900E+02  0.5079E-02
  0.2000E+02  0.2247E-01
  0.2100E+02  0.1002E+00
  0.2200E+02  0.3915E+00
  0.2300E+02  0.1115E+01
  0.2400E+02  0.2854E+01
  0.2500E+02  0.5589E+01
  0.2600E+02  0.8769E+01
  0.2700E+02  0.1090E+02
  0.2800E+02  0.1112E+02
  0.2900E+02  0.9368E+01
  0.3000E+02  0.6908E+01
  0.3100E+02  0.4833E+01
  0.3200E+02  0.3186E+01
  0.3300E+02  0.2060E+01
  0.3400E+02  0.1234E+01
  0.3500E+02  0.6084E+00
  0.3600E+02  0.2597E+00
  0.3700E+02  0.9807E-01
  0.3800E+02  0.3838E-01
  0.3900E+02  0.1858E-01
  0.4000E+02  0.1694E-01
  0.4100E+02  0.1794E-01
  0.4200E+02  0.1924E-01
  0.4300E+02  0.2786E-01
  0.4400E+02  0.2906E-01
  0.4500E+02  0.3396E-01
  0.4600E+02  0.3676E-01
  0.4700E+02  0.4615E-01
  0.4800E+02  0.4848E-01
  0.4900E+02  0.5566E-01
  0.5000E+02  0.6025E-01
  0.5100E+02  0.6496E-01
  0.5200E+02  0.6351E-01
  0.5300E+02  0.7711E-01
  0.5400E+02  0.7499E-01
  0.5500E+02  0.7411E-01
  0.5600E+02  0.8043E-01
  0.5700E+02  0.8107E-01
  0.5800E+02  0.7337E-01
  0.5900E+02  0.7108E-01
  0.6000E+02  0.6323E-01
  0.6100E+02  0.5066E-01
  0.6200E+02  0.4277E-01
  0.6300E+02  0.3139E-01
  0.6400E+02  0.2276E-01
  0.6500E+02  0.1275E-01
  0.6600E+02  0.1031E-01
  0.6700E+02  0.1055E-01
  0.6800E+02  0.4081E-02
  0.6900E+02  0.4352E-02
  0.7000E+02  0.3158E-02
  0.7100E+02  0.3336E-02
  0.7200E+02  0.4188E-02
  0.7300E+02  0.1472E-02
  0.7400E+02  0.1797E-02
  0.7500E+02  0.3143E-02
  0.7600E+02  0.1064E-02
  0.7700E+02  0.3020E-02
  0.7800E+02  0.2328E-02
  0.7900E+02  0.2572E-02
  0.8000E+02  0.1810E-02
  0.8100E+02  0.2848E-02
  0.8200E+02  0.2722E-02
  0.8300E+02  0.3049E-02
  0.8400E+02  0.2100E-02
  0.8500E+02  0.4519E-02
  0.8600E+02  0.3152E-02
  0.8700E+02  0.3169E-02
  0.8800E+02  0.3950E-02
  0.8900E+02  0.3524E-02
  0.9000E+02  0.4313E-02
  0.9100E+02  0.3523E-02
  0.9200E+02  0.3498E-02
  0.9300E+02  0.4173E-02
  0.9400E+02  0.4546E-02
  0.9500E+02  0.4705E-02
  0.9600E+02  0.4699E-02
  0.9700E+02  0.5606E-02
  0.9800E+02  0.3325E-02
  0.9900E+02  0.4550E-02
  0.1000E+03  0.4535E-02
  0.1010E+03  0.4949E-02
  0.1020E+03  0.4685E-02
  0.1030E+03  0.4988E-02
  0.1040E+03  0.4231E-02
  0.1050E+03  0.4162E-02
  0.1060E+03  0.5761E-02
  0.1070E+03  0.4520E-02
  0.1080E+03  0.4212E-02
  0.1090E+03  0.4489E-02
  0.1100E+03  0.5847E-02
  0.1110E+03  0.4095E-02
  0.1120E+03  0.6586E-02
  0.1130E+03  0.5943E-02
  0.1140E+03  0.5435E-02
  0.1150E+03  0.9834E-02
  0.1160E+03  0.1163E-01
  0.1170E+03  0.1897E-01
  0.1180E+03  0.2258E-01
  0.1190E+03  0.2539E-01
  0.1200E+03  0.3637E-01
  0.1210E+03  0.4676E-01
  0.1220E+03  0.5259E-01
  0.1230E+03  0.6071E-01
  0.1240E+03  0.7003E-01
  0.1250E+03  0.7226E-01
  0.1260E+03  0.8742E-01
  0.1270E+03  0.8649E-01
  0.1280E+03  0.9398E-01
  0.1290E+03  0.1018E+00
  0.1300E+03  0.1045E+00
  0.1310E+03  0.1011E+00
  0.1320E+03  0.1018E+00
  0.1330E+03  0.9673E-01
  0.1340E+03  0.1024E+00
  0.1350E+03  0.1018E+00
  0.1360E+03  0.9898E-01
  0.1370E+03  0.9905E-01
  0.1380E+03  0.1146E+00
  0.1390E+03  0.1145E+00
  0.1400E+03  0.1552E+00
  0.1410E+03  0.1803E+00
  0.1420E+03  0.2508E+00
  0.1430E+03  0.3353E+00
  0.1440E+03  0.4408E+00
  0.1450E+03  0.5625E+00
  0.1460E+03  0.7225E+00
  0.1470E+03  0.9161E+00
  0.1480E+03  0.1212E+01
  0.1490E+03  0.1482E+01
  0.1500E+03  0.1803E+01
  0.1510E+03  0.2177E+01
  0.1520E+03  0.2519E+01
  0.1530E+03  0.2870E+01
  0.1540E+03  0.3227E+01
  0.1550E+03  0.3572E+01
  0.1560E+03  0.3821E+01
  0.1570E+03  0.3989E+01
  0.1580E+03  0.4133E+01
  0.1590E+03  0.4161E+01
  0.1600E+03  0.4129E+01
  0.1610E+03  0.3964E+01
  0.1620E+03  0.3744E+01
  0.1630E+03  0.3525E+01
  0.1640E+03  0.3189E+01
  0.1650E+03  0.2774E+01
  0.1660E+03  0.2431E+01
  0.1670E+03  0.2090E+01
  0.1680E+03  0.1785E+01
  0.1690E+03  0.1437E+01
  0.1700E+03  0.1111E+01
  0.1710E+03  0.9215E+00
  0.1720E+03  0.6924E+00
  0.1730E+03  0.5194E+00
  0.1740E+03  0.3802E+00
  0.1750E+03  0.2687E+00
  0.1760E+03  0.1848E+00
  0.1770E+03  0.1387E+00
  0.1780E+03  0.8556E-01
  0.1790E+03  0.6011E-01
  0.1800E+03  0.4333E-01
  0.1810E+03  0.2606E-01
  0.1820E+03  0.1440E-01
  0.1830E+03  0.1095E-01
  0.1840E+03  0.7583E-02
  0.1850E+03  0.4652E-02
  0.1860E+03  0.3644E-02
  0.1870E+03  0.1538E-02
  0.1880E+03  0.2620E-02
  0.1890E+03  0.1740E-02
  0.1900E+03  0.1759E-02
  0.1910E+03  0.2055E-02
  0.1920E+03  0.5035E-03
  0.1930E+03  0.1510E-02
  0.1940E+03  0.9016E-03
  0.1950E+03  0.6200E-03
  0.1960E+03  0.4269E-03
  0.1970E+03  0.1621E-02
  0.1980E+03  0.5905E-03
  0.1990E+03  0.6584E-03
  0.2000E+03  0.5544E-03
  0.2010E+03  0.1131E-03
  0.2020E+03  0.1407E-03
  0.2030E+03  0.1051E-02
  0.2040E+03  0.2486E-03
  0.2050E+03  0.8509E-03
  0.2060E+03  0.3070E-03
  0.2070E+03  0.1575E-03
  0.2080E+03  0.3346E-03
  0.2090E+03  0.8350E-03
  0.2100E+03  0.1586E-03
  0.2110E+03  0.1574E-03
  0.2120E+03  0.8662E-03
  0.2130E+03  0.0000E+00
  0.2140E+03  0.1319E-03
  0.2150E+03  0.0000E+00
  0.2160E+03  0.4653E-03
  0.2170E+03  0.3972E-03
  0.2180E+03  0.4227E-03
  0.2190E+03  0.8300E-03
  0.2200E+03  0.0000E+00
  0.2210E+03  0.0000E+00
  0.2220E+03  0.6298E-03
  0.2230E+03  0.7812E-04
  0.2240E+03  0.3921E-03
  0.2250E+03  0.3496E-03
  0.2260E+03  0.3229E-03
  0.2270E+03  0.8032E-04
  0.2280E+03  0.4052E-03
  0.2290E+03  0.3512E-03
  0.2300E+03  0.6746E-03
  0.2310E+03  0.3197E-03
  0.2320E+03  0.7658E-03
  0.2330E+03  0.9956E-03
  0.2340E+03  0.9814E-03
  0.2350E+03  0.1191E-02
  0.2360E+03  0.7091E-03
  0.2370E+03  0.9212E-03
  0.2380E+03  0.1024E-02
  0.2390E+03  0.3573E-03
  0.2400E+03  0.1511E-02
  0.2410E+03  0.1136E-02
  0.2420E+03  0.1054E-02
  0.2430E+03  0.2172E-02
  0.2440E+03  0.1134E-02
  0.2450E+03  0.1750E-02
  0.2460E+03  0.1133E-02
  0.2470E+03  0.1451E-02
  0.2480E+03  0.1863E-02
  0.2490E+03  0.1041E-02
  0.2500E+03  0.1178E-02
  0.2510E+03  0.1554E-02
  0.2520E+03  0.1344E-02
  0.2530E+03  0.1781E-02
  0.2540E+03  0.1418E-02
  0.2550E+03  0.5789E-03
  0.2560E+03  0.1435E-02
  0.2570E+03  0.1310E-02
  0.2580E+03  0.1702E-02
  0.2590E+03  0.1445E-02
  0.2600E+03  0.1383E-02
  0.2610E+03  0.7900E-03
  0.2620E+03  0.5209E-03
  0.2630E+03  0.1283E-02
  0.2640E+03  0.1133E-02
  0.2650E+03  0.1031E-02
  0.2660E+03  0.4635E-03
  0.2670E+03  0.1524E-02
  0.2680E+03  0.2148E-02
  0.2690E+03  0.1497E-02
  0.2700E+03  0.8990E-03
  0.2710E+03  0.1066E-02
  0.2720E+03  0.1898E-02
  0.2730E+03  0.1164E-02
  0.2740E+03  0.2454E-02
  0.2750E+03  0.2243E-02
  0.2760E+03  0.9080E-03
  0.2770E+03  0.2782E-02
  0.2780E+03  0.2080E-02
  0.2790E+03  0.8778E-03
  0.2800E+03  0.2111E-02
  0.2810E+03  0.2281E-02
  0.2820E+03  0.2798E-02
  0.2830E+03  0.1771E-02
  0.2840E+03  0.2500E-02
  0.2850E+03  0.2211E-02
  0.2860E+03  0.2286E-02
  0.2870E+03  0.1673E-02
  0.2880E+03  0.8149E-03
  0.2890E+03  0.2123E-02
  0.2900E+03  0.2485E-02
  0.2910E+03  0.2157E-02
  0.2920E+03  0.2696E-02
  0.2930E+03  0.2109E-02
  0.2940E+03  0.9409E-03
  0.2950E+03  0.6380E-03
  0.2960E+03  0.8707E-03
  0.2970E+03  0.7867E-03
  0.2980E+03  0.1936E-02
  0.2990E+03  0.1280E-02
  0.3000E+03  0.6814E-03
  0.3010E+03  0.1603E-02
  0.3020E+03  0.4120E-03
  0.3030E+03  0.5527E-03
  0.3040E+03  0.7299E-03
  0.3050E+03  0.1346E-02
  0.3060E+03  0.7216E-03
  0.3070E+03  0.3565E-03
  0.3080E+03  0.8385E-03
  0.3090E+03  0.9881E-03
  0.3100E+03  0.8410E-03
  0.3110E+03  0.9982E-03
  0.3120E+03  0.6262E-03
  0.3130E+03  0.6069E-03
  0.3140E+03  0.2280E-02
  0.3150E+03  0.1065E-02
  0.3160E+03  0.8132E-03
  0.3170E+03  0.1682E-02
  0.3180E+03  0.2628E-02
  0.3190E+03  0.1193E-02
  0.3200E+03  0.8395E-03
  0.3210E+03  0.4340E-03
  0.3220E+03  0.1674E-02
  0.3230E+03  0.1317E-02
  0.3240E+03  0.1346E-02
  0.3250E+03  0.1067E-02
  0.3260E+03  0.1640E-02
  0.3270E+03  0.1116E-02
  0.3280E+03  0.9766E-03
  0.3290E+03  0.1840E-02
  0.3300E+03  0.1289E-02
  0.3310E+03  0.1185E-02
  0.3320E+03  0.2545E-02
  0.3330E+03  0.1708E-02
  0.3340E+03  0.2118E-02
  0.3350E+03  0.1864E-02
  0.3360E+03  0.2210E-02
  0.3370E+03  0.1576E-02
  0.3380E+03  0.1683E-02
  0.3390E+03  0.2483E-02
  0.3400E+03  0.3862E-02
  0.3410E+03  0.3284E-02
  0.3420E+03  0.1402E-02
  0.3430E+03  0.1852E-02
  0.3440E+03  0.2849E-02
  0.3450E+03  0.2989E-02
  0.3460E+03  0.2408E-02
  0.3470E+03  0.3543E-02
  0.3480E+03  0.2762E-02
  0.3490E+03  0.2688E-02
  0.3500E+03  0.3021E-02
  0.3510E+03  0.3674E-02
  0.3520E+03  0.3930E-02
  0.3530E+03  0.2313E-02
  0.3540E+03  0.3384E-03
  0.3550E+03  0.1625E-02
  0.3560E+03  0.1299E-02
  0.3570E+03  0.2127E-02
  0.3580E+03  0.9386E-03
  0.3590E+03  0.1310E-02
  0.3600E+03  0.2513E-02
  0.3610E+03  0.1205E-02
  0.3620E+03  0.1967E-02
  0.3630E+03  0.9261E-03
  0.3640E+03  0.8577E-03
  0.3650E+03  0.2222E-02
  0.3660E+03  0.5614E-03
  0.3670E+03  0.1184E-02
  0.3680E+03  0.7367E-03
  0.3690E+03  0.1550E-03
  0.3700E+03  0.9722E-03
  0.3710E+03  0.1489E-02
  0.3720E+03  0.7799E-03
  0.3730E+03  0.4880E-03
  0.3740E+03  0.1135E-02
  0.3750E+03  0.7922E-03
  0.3760E+03  0.1654E-03
  0.3770E+03  0.3963E-03
  0.3780E+03  0.4460E-03
  0.3790E+03  0.8126E-04
  0.3800E+03  0.5278E-03
  0.3810E+03  0.1778E-03
  0.3820E+03  0.3741E-03
  0.3830E+03  0.2449E-03
  0.3840E+03  0.8155E-03
  0.3850E+03  0.3842E-03
  0.3860E+03  0.0000E+00
  0.3870E+03  0.1301E-04
  0.3880E+03  0.3739E-03
  0.3890E+03  0.4532E-03
  0.3900E+03  0.3832E-04
  0.3910E+03  0.3958E-04
  0.3920E+03  0.0000E+00
  0.3930E+03  0.2799E-03
  0.3940E+03  0.1590E-03
  0.3950E+03  0.3529E-03
  0.3960E+03  0.9500E-03
  0.3970E+03  0.1570E-03
  0.3980E+03  0.2144E-03
  0.3990E+03  0.4822E-04
  0.4000E+03  0.4812E-03
  0.4010E+03  0.0000E+00
  0.4020E+03  0.1153E-03
  0.4030E+03  0.2977E-03
  0.4040E+03  0.2907E-03
  0.4050E+03  0.4281E-03
  0.4060E+03  0.4067E-03
  0.4070E+03  0.4590E-03
  0.4080E+03  0.1073E-02
  0.4090E+03  0.2291E-03
  0.4100E+03  0.8156E-03
  0.4110E+03  0.5467E-03
  0.4120E+03  0.5709E-03
  0.4130E+03  0.1560E-02
  0.4140E+03  0.7922E-03
  0.4150E+03  0.1011E-02
  0.4160E+03  0.5746E-03
  0.4170E+03  0.1093E-02
  0.4180E+03  0.1002E-02
  0.4190E+03  0.1603E-02
  0.4200E+03  0.1151E-02
  0.4210E+03  0.1716E-02
  0.4220E+03  0.1163E-02
  0.4230E+03  0.2147E-02
  0.4240E+03  0.9022E-03
  0.4250E+03  0.1577E-02
  0.4260E+03  0.1022E-02
  0.4270E+03  0.1309E-02
  0.4280E+03  0.1897E-02
  0.4290E+03  0.1591E-02
  0.4300E+03  0.1760E-02
  0.4310E+03  0.1872E-02
  0.4320E+03  0.1878E-02
  0.4330E+03  0.1592E-02
  0.4340E+03  0.1626E-02
  0.4350E+03  0.2650E-02
  0.4360E+03  0.1806E-02
  0.4370E+03  0.1702E-02
  0.4380E+03  0.2338E-02
  0.4390E+03  0.2936E-02
  0.4400E+03  0.1713E-02
  0.4410E+03  0.1708E-02
  0.4420E+03  0.2327E-02
  0.4430E+03  0.2887E-02
  0.4440E+03  0.2925E-02
  0.4450E+03  0.2495E-02
  0.4460E+03  0.1272E-02
  0.4470E+03  0.1877E-02
  0.4480E+03  0.2292E-02
  0.4490E+03  0.1993E-02
  0.4500E+03  0.2311E-02
  0.4510E+03  0.1734E-02
  0.4520E+03  0.1166E-02
  0.4530E+03  0.1740E-02
  0.4540E+03  0.4959E-03
  0.4550E+03  0.7409E-03
  0.4560E+03  0.1258E-02
  0.4570E+03  0.8188E-03
  0.4580E+03  0.2631E-02
  0.4590E+03  0.1048E-02
  0.4600E+03  0.1725E-02
  0.4610E+03  0.2424E-02
  0.4620E+03  0.1004E-02
  0.4630E+03  0.8465E-03
  0.4640E+03  0.1362E-02
  0.4650E+03  0.6720E-03
  0.4660E+03  0.9204E-03
  0.4670E+03  0.1274E-02
  0.4680E+03  0.3645E-03
  0.4690E+03  0.1810E-03
  0.4700E+03  0.7000E-03
  0.4710E+03  0.3183E-03
  0.4720E+03  0.6500E-03
  0.4730E+03  0.3587E-03
  0.4740E+03  0.0000E+00
  0.4750E+03  0.5093E-03
  0.4760E+03  0.4117E-04
  0.4770E+03  0.9133E-03
  0.4780E+03  0.5891E-03
  0.4790E+03  0.9139E-03
  0.4800E+03  0.3072E-03
  0.4810E+03  0.3561E-04
  0.4820E+03  0.8770E-03
  0.4830E+03  0.5645E-03
  0.4840E+03  0.4780E-04
  0.4850E+03  0.1194E-02
  0.4860E+03  0.1430E-02
  0.4870E+03  0.2020E-02
  0.4880E+03  0.1286E-02
  0.4890E+03  0.9007E-03
  0.4900E+03  0.1953E-02
  0.4910E+03  0.6885E-03
  0.4920E+03  0.2162E-02
  0.4930E+03  0.1710E-02
  0.4940E+03  0.1393E-02
  0.4950E+03  0.1306E-02
  0.4960E+03  0.2104E-02
  0.4970E+03  0.2658E-02
  0.4980E+03  0.1841E-02
  0.4990E+03  0.2084E-02
  0.5000E+03  0.2234E-02
  0.5010E+03  0.1835E-02
  0.5020E+03  0.2666E-02
  0.5030E+03  0.2523E-02
  0.5040E+03  0.3773E-02
  0.5050E+03  0.2638E-02
  0.5060E+03  0.3399E-02
  0.5070E+03  0.2252E-02
  0.5080E+03  0.2466E-02
  0.5090E+03  0.3387E-02
  0.5100E+03  0.5660E-02
  0.5110E+03  0.0000E+00
  0.5120E+03  0.0000E+00
