  0.1000E+01  0.6840E+00
  0.2000E+01  0.7290E+00
  0.3000E+01  0.8536E+00
  0.4000E+01  0.8044E+00
  0.5000E+01  0.7811E+00
  0.6000E+01  0.7329E+00
  0.7000E+01  0.8302E+00
  0.8000E+01  0.7743E+00
  0.9000E+01  0.6824E+00
  0.1000E+02  0.8216E+00
  0.1100E+02  0.7304E+00
  0.1200E+02  0.1018E+01
  0.1300E+02  0.8667E+00
  0.1400E+02  0.7178E+00
  0.1500E+02  0.8774E+00
  0.1600E+02  0.9127E+00
  0.1700E+02  0.1038E+01
  0.1800E+02  0.7921E+00
  0.1900E+02  0.7843E+00
  0.2000E+02  0.8089E+00
  0.2100E+02  0.7445E+00
  0.2200E+02  0.8234E+00
  0.2300E+02  0.8331E+00
  0.2400E+02  0.8011E+00
  0.2500E+02  0.7530E+00
  0.2600E+02  0.7730E+00
  0.2700E+02  0.7858E+00
  0.2800E+02  0.7940E+00
  0.2900E+02  0.7890E+00
  0.3000E+02  0.7888E+00
  0.3100E+02  0.7157E+00
  0.3200E+02  0.7422E+00
  0.3300E+02  0.6535E+00
  0.3400E+02  0.7856E+00
  0.3500E+02  0.8287E+00
  0.3600E+02  0.6899E+00
  0.3700E+02  0.7694E+00
  0.3800E+02  0.6863E+00
  0.3900E+02  0.7963E+00
  0.4000E+02  0.8790E+00
  0.4100E+02  0.9095E+00
  0.4200E+02  0.6984E+00
  0.4300E+02  0.7305E+00
  0.4400E+02  0.7318E+00
  0.4500E+02  0.7299E+00
  0.4600E+02  0.7483E+00
  0.4700E+02  0.9846E+00
  0.4800E+02  0.9081E+00
  0.4900E+02  0.8323E+00
  0.5000E+02  0.7933E+00
  0.5100E+02  0.7235E+00
  0.5200E+02  0.8134E+00
  0.5300E+02  0.8987E+00
  0.5400E+02  0.8226E+00
  0.5500E+02  0.9081E+00
  0.5600E+02  0.1035E+01
  0.5700E+02  0.8710E+00
  0.5800E+02  0.1079E+01
  0.5900E+02  0.1007E+01
  0.6000E+02  0.9995E+00
  0.6100E+02  0.1093E+01
  0.6200E+02  0.1036E+01
  0.6300E+02  0.1171E+01
  0.6400E+02  0.9825E+00
  0.6500E+02  0.1099E+01
  0.6600E+02  0.1142E+01
  0.6700E+02  0.1143E+01
  0.6800E+02  0.1176E+01
  0.6900E+02  0.1273E+01
  0.7000E+02  0.1281E+01
  0.7100E+02  0.1197E+01
  0.7200E+02  0.1301E+01
  0.7300E+02  0.1324E+01
  0.7400E+02  0.1345E+01
  0.7500E+02  0.1274E+01
  0.7600E+02  0.1339E+01
  0.7700E+02  0.1391E+01
  0.7800E+02  0.1445E+01
  0.7900E+02  0.1440E+01
  0.8000E+02  0.1293E+01
  0.8100E+02  0.1367E+01
  0.8200E+02  0.1413E+01
  0.8300E+02  0.1404E+01
  0.8400E+02  0.1327E+01
  0.8500E+02  0.1339E+01
  0.8600E+02  0.1287E+01
  0.8700E+02  0.1387E+01
  0.8800E+02  0.1388E+01
  0.8900E+02  0.1280E+01
  0.9000E+02  0.1540E+01
  0.9100E+02  0.1486E+01
  0.9200E+02  0.1447E+01
  0.9300E+02  0.1552E+01
  0.9400E+02  0.1509E+01
  0.9500E+02  0.1376E+01
  0.9600E+02  0.1329E+01
  0.9700E+02  0.1373E+01
  0.9800E+02  0.1236E+01
  0.9900E+02  0.1560E+01
  0.1000E+03  0.1449E+01
  0.1010E+03  0.1542E+01
  0.1020E+03  0.1380E+01
  0.1030E+03  0.1427E+01
  0.1040E+03  0.1504E+01
  0.1050E+03  0.1455E+01
  0.1060E+03  0.1260E+01
  0.1070E+03  0.1432E+01
  0.1080E+03  0.1333E+01
  0.1090E+03  0.1414E+01
  0.1100E+03  0.1473E+01
  0.1110E+03  0.1454E+01
  0.1120E+03  0.1456E+01
  0.1130E+03  0.1251E+01
  0.1140E+03  0.1206E+01
  0.1150E+03  0.1348E+01
  0.1160E+03  0.1392E+01
  0.1170E+03  0.1523E+01
  0.1180E+03  0.1424E+01
  0.1190E+03  0.1479E+01
  0.1200E+03  0.1383E+01
  0.1210E+03  0.1284E+01
  0.1220E+03  0.1445E+01
  0.1230E+03  0.1380E+01
  0.1240E+03  0.1545E+01
  0.1250E+03  0.1423E+01
  0.1260E+03  0.1373E+01
  0.1270E+03  0.1426E+01
  0.1280E+03  0.1457E+01
  0.1290E+03  0.1516E+01
  0.1300E+03  0.1436E+01
  0.1310E+03  0.1458E+01
  0.1320E+03  0.1465E+01
  0.1330E+03  0.1439E+01
  0.1340E+03  0.1528E+01
  0.1350E+03  0.1618E+01
  0.1360E+03  0.1571E+01
  0.1370E+03  0.1298E+01
  0.1380E+03  0.1484E+01
  0.1390E+03  0.1537E+01
  0.1400E+03  0.1543E+01
  0.1410E+03  0.1512E+01
  0.1420E+03  0.1463E+01
  0.1430E+03  0.1612E+01
  0.1440E+03  0.1540E+01
  0.1450E+03  0.1628E+01
  0.1460E+03  0.1623E+01
  0.1470E+03  0.1403E+01
  0.1480E+03  0.1566E+01
  0.1490E+03  0.1591E+01
  0.1500E+03  0.1686E+01
  0.1510E+03  0.1651E+01
  0.1520E+03  0.1514E+01
  0.1530E+03  0.1623E+01
  0.1540E+03  0.1734E+01
  0.1550E+03  0.1604E+01
  0.1560E+03  0.1539E+01
  0.1570E+03  0.1761E+01
  0.1580E+03  0.1620E+01
  0.1590E+03  0.1747E+01
  0.1600E+03  0.1608E+01
  0.1610E+03  0.1783E+01
  0.1620E+03  0.1642E+01
  0.1630E+03  0.1801E+01
  0.1640E+03  0.1906E+01
  0.1650E+03  0.2031E+01
  0.1660E+03  0.2088E+01
  0.1670E+03  0.1934E+01
  0.1680E+03  0.2029E+01
  0.1690E+03  0.2069E+01
  0.1700E+03  0.2287E+01
  0.1710E+03  0.2244E+01
  0.1720E+03  0.2334E+01
  0.1730E+03  0.2183E+01
  0.1740E+03  0.2290E+01
  0.1750E+03  0.2124E+01
  0.1760E+03  0.2501E+01
  0.1770E+03  0.2472E+01
  0.1780E+03  0.2447E+01
  0.1790E+03  0.2256E+01
  0.1800E+03  0.2544E+01
  0.1810E+03  0.2542E+01
  0.1820E+03  0.2310E+01
  0.1830E+03  0.2075E+01
  0.1840E+03  0.2349E+01
  0.1850E+03  0.2226E+01
  0.1860E+03  0.2351E+01
  0.1870E+03  0.2063E+01
  0.1880E+03  0.2092E+01
  0.1890E+03  0.2201E+01
  0.1900E+03  0.2122E+01
  0.1910E+03  0.2155E+01
  0.1920E+03  0.2150E+01
  0.1930E+03  0.2013E+01
  0.1940E+03  0.2094E+01
  0.1950E+03  0.2055E+01
  0.1960E+03  0.1872E+01
  0.1970E+03  0.1879E+01
  0.1980E+03  0.1910E+01
  0.1990E+03  0.1697E+01
  0.2000E+03  0.1648E+01
  0.2010E+03  0.1740E+01
  0.2020E+03  0.1656E+01
  0.2030E+03  0.1655E+01
  0.2040E+03  0.1602E+01
  0.2050E+03  0.1443E+01
  0.2060E+03  0.1499E+01
  0.2070E+03  0.1409E+01
  0.2080E+03  0.1482E+01
  0.2090E+03  0.1504E+01
  0.2100E+03  0.1407E+01
  0.2110E+03  0.1522E+01
  0.2120E+03  0.1519E+01
  0.2130E+03  0.1213E+01
  0.2140E+03  0.1344E+01
  0.2150E+03  0.1275E+01
  0.2160E+03  0.1371E+01
  0.2170E+03  0.1305E+01
  0.2180E+03  0.1304E+01
  0.2190E+03  0.1182E+01
  0.2200E+03  0.1280E+01
  0.2210E+03  0.1248E+01
  0.2220E+03  0.1056E+01
  0.2230E+03  0.1074E+01
  0.2240E+03  0.1135E+01
  0.2250E+03  0.1087E+01
  0.2260E+03  0.1020E+01
  0.2270E+03  0.1080E+01
  0.2280E+03  0.9419E+00
  0.2290E+03  0.1042E+01
  0.2300E+03  0.1033E+01
  0.2310E+03  0.9227E+00
  0.2320E+03  0.1103E+01
  0.2330E+03  0.9774E+00
  0.2340E+03  0.9230E+00
  0.2350E+03  0.1008E+01
  0.2360E+03  0.8734E+00
  0.2370E+03  0.9610E+00
  0.2380E+03  0.8307E+00
  0.2390E+03  0.8801E+00
  0.2400E+03  0.8974E+00
  0.2410E+03  0.8447E+00
  0.2420E+03  0.7438E+00
  0.2430E+03  0.7944E+00
  0.2440E+03  0.8947E+00
  0.2450E+03  0.8982E+00
  0.2460E+03  0.7948E+00
  0.2470E+03  0.7340E+00
  0.2480E+03  0.8114E+00
  0.2490E+03  0.8233E+00
  0.2500E+03  0.7129E+00
  0.2510E+03  0.7718E+00
  0.2520E+03  0.7282E+00
  0.2530E+03  0.7310E+00
  0.2540E+03  0.7089E+00
  0.2550E+03  0.6434E+00
  0.2560E+03  0.6421E+00
  0.2570E+03  0.7730E+00
  0.2580E+03  0.7220E+00
  0.2590E+03  0.7091E+00
  0.2600E+03  0.5778E+00
  0.2610E+03  0.5539E+00
  0.2620E+03  0.6227E+00
  0.2630E+03  0.6387E+00
  0.2640E+03  0.6458E+00
  0.2650E+03  0.6145E+00
  0.2660E+03  0.5784E+00
  0.2670E+03  0.5989E+00
  0.2680E+03  0.6222E+00
  0.2690E+03  0.5930E+00
  0.2700E+03  0.5741E+00
  0.2710E+03  0.5878E+00
  0.2720E+03  0.5509E+00
  0.2730E+03  0.5733E+00
  0.2740E+03  0.4947E+00
  0.2750E+03  0.5036E+00
  0.2760E+03  0.5771E+00
  0.2770E+03  0.5700E+00
  0.2780E+03  0.6095E+00
  0.2790E+03  0.5131E+00
  0.2800E+03  0.5474E+00
  0.2810E+03  0.5251E+00
  0.2820E+03  0.5822E+00
  0.2830E+03  0.4411E+00
  0.2840E+03  0.4802E+00
  0.2850E+03  0.4600E+00
  0.2860E+03  0.5275E+00
  0.2870E+03  0.4667E+00
  0.2880E+03  0.4771E+00
  0.2890E+03  0.4716E+00
  0.2900E+03  0.3978E+00
  0.2910E+03  0.5344E+00
  0.2920E+03  0.5058E+00
  0.2930E+03  0.5502E+00
  0.2940E+03  0.5774E+00
  0.2950E+03  0.5110E+00
  0.2960E+03  0.3780E+00
  0.2970E+03  0.3562E+00
  0.2980E+03  0.4502E+00
  0.2990E+03  0.4119E+00
  0.3000E+03  0.4908E+00
  0.3010E+03  0.3953E+00
  0.3020E+03  0.4082E+00
  0.3030E+03  0.3841E+00
  0.3040E+03  0.4093E+00
  0.3050E+03  0.4470E+00
  0.3060E+03  0.3006E+00
  0.3070E+03  0.4336E+00
  0.3080E+03  0.3207E+00
  0.3090E+03  0.3634E+00
  0.3100E+03  0.4766E+00
  0.3110E+03  0.3525E+00
  0.3120E+03  0.3236E+00
  0.3130E+03  0.4436E+00
  0.3140E+03  0.3793E+00
  0.3150E+03  0.3473E+00
  0.3160E+03  0.2916E+00
  0.3170E+03  0.2555E+00
  0.3180E+03  0.4007E+00
  0.3190E+03  0.4011E+00
  0.3200E+03  0.3486E+00
  0.3210E+03  0.4222E+00
  0.3220E+03  0.2927E+00
  0.3230E+03  0.4432E+00
  0.3240E+03  0.3872E+00
  0.3250E+03  0.3009E+00
  0.3260E+03  0.2950E+00
  0.3270E+03  0.3519E+00
  0.3280E+03  0.3179E+00
  0.3290E+03  0.3467E+00
  0.3300E+03  0.2684E+00
  0.3310E+03  0.2943E+00
  0.3320E+03  0.2976E+00
  0.3330E+03  0.3102E+00
  0.3340E+03  0.2419E+00
  0.3350E+03  0.2323E+00
  0.3360E+03  0.2454E+00
  0.3370E+03  0.2569E+00
  0.3380E+03  0.2975E+00
  0.3390E+03  0.3610E+00
  0.3400E+03  0.2673E+00
  0.3410E+03  0.3640E+00
  0.3420E+03  0.2711E+00
  0.3430E+03  0.3326E+00
  0.3440E+03  0.1942E+00
  0.3450E+03  0.2737E+00
  0.3460E+03  0.3231E+00
  0.3470E+03  0.3029E+00
  0.3480E+03  0.2605E+00
  0.3490E+03  0.3064E+00
  0.3500E+03  0.2599E+00
  0.3510E+03  0.2486E+00
  0.3520E+03  0.2689E+00
  0.3530E+03  0.2892E+00
  0.3540E+03  0.2934E+00
  0.3550E+03  0.2939E+00
  0.3560E+03  0.2097E+00
  0.3570E+03  0.2009E+00
  0.3580E+03  0.2606E+00
  0.3590E+03  0.2391E+00
  0.3600E+03  0.3291E+00
  0.3610E+03  0.1869E+00
  0.3620E+03  0.2457E+00
  0.3630E+03  0.1952E+00
  0.3640E+03  0.1803E+00
  0.3650E+03  0.1988E+00
  0.3660E+03  0.2094E+00
  0.3670E+03  0.2542E+00
  0.3680E+03  0.2112E+00
  0.3690E+03  0.2766E+00
  0.3700E+03  0.2141E+00
  0.3710E+03  0.2269E+00
  0.3720E+03  0.1843E+00
  0.3730E+03  0.2260E+00
  0.3740E+03  0.2451E+00
  0.3750E+03  0.1936E+00
  0.3760E+03  0.2335E+00
  0.3770E+03  0.2153E+00
  0.3780E+03  0.2149E+00
  0.3790E+03  0.2515E+00
  0.3800E+03  0.2353E+00
  0.3810E+03  0.1897E+00
  0.3820E+03  0.2441E+00
  0.3830E+03  0.1983E+00
  0.3840E+03  0.1453E+00
  0.3850E+03  0.2071E+00
  0.3860E+03  0.2705E+00
  0.3870E+03  0.1694E+00
  0.3880E+03  0.2276E+00
  0.3890E+03  0.1727E+00
  0.3900E+03  0.1803E+00
  0.3910E+03  0.1647E+00
  0.3920E+03  0.2278E+00
  0.3930E+03  0.1467E+00
  0.3940E+03  0.1762E+00
  0.3950E+03  0.1716E+00
  0.3960E+03  0.1585E+00
  0.3970E+03  0.2006E+00
  0.3980E+03  0.2048E+00
  0.3990E+03  0.1657E+00
  0.4000E+03  0.1455E+00
  0.4010E+03  0.1327E+00
  0.4020E+03  0.1956E+00
  0.4030E+03  0.2633E+00
  0.4040E+03  0.1735E+00
  0.4050E+03  0.1332E+00
  0.4060E+03  0.2163E+00
  0.4070E+03  0.1327E+00
  0.4080E+03  0.1558E+00
  0.4090E+03  0.1427E+00
  0.4100E+03  0.1528E+00
  0.4110E+03  0.1338E+00
  0.4120E+03  0.8815E-01
  0.4130E+03  0.1982E+00
  0.4140E+03  0.2029E+00
  0.4150E+03  0.1424E+00
  0.4160E+03  0.1297E+00
  0.4170E+03  0.2103E+00
  0.4180E+03  0.1205E+00
  0.4190E+03  0.1325E+00
  0.4200E+03  0.1862E+00
  0.4210E+03  0.9479E-01
  0.4220E+03  0.1378E+00
  0.4230E+03  0.1543E+00
  0.4240E+03  0.1449E+00
  0.4250E+03  0.1232E+00
  0.4260E+03  0.1634E+00
  0.4270E+03  0.1488E+00
  0.4280E+03  0.1468E+00
  0.4290E+03  0.8770E-01
  0.4300E+03  0.1224E+00
  0.4310E+03  0.1587E+00
  0.4320E+03  0.1154E+00
  0.4330E+03  0.1433E+00
  0.4340E+03  0.1151E+00
  0.4350E+03  0.1167E+00
  0.4360E+03  0.1261E+00
  0.4370E+03  0.1597E+00
  0.4380E+03  0.9019E-01
  0.4390E+03  0.1137E+00
  0.4400E+03  0.1225E+00
  0.4410E+03  0.7343E-01
  0.4420E+03  0.1019E+00
  0.4430E+03  0.7789E-01
  0.4440E+03  0.1233E+00
  0.4450E+03  0.9752E-01
  0.4460E+03  0.1278E+00
  0.4470E+03  0.5120E-01
  0.4480E+03  0.1066E+00
  0.4490E+03  0.1172E+00
  0.4500E+03  0.1004E+00
  0.4510E+03  0.1093E+00
  0.4520E+03  0.9417E-01
  0.4530E+03  0.1051E+00
  0.4540E+03  0.9536E-01
  0.4550E+03  0.1077E+00
  0.4560E+03  0.7971E-01
  0.4570E+03  0.8240E-01
  0.4580E+03  0.6437E-01
  0.4590E+03  0.1163E+00
  0.4600E+03  0.1138E+00
  0.4610E+03  0.1107E+00
  0.4620E+03  0.7807E-01
  0.4630E+03  0.1461E+00
  0.4640E+03  0.5898E-01
  0.4650E+03  0.9123E-01
  0.4660E+03  0.1098E+00
  0.4670E+03  0.5186E-01
  0.4680E+03  0.6567E-01
  0.4690E+03  0.5371E-01
  0.4700E+03  0.1312E+00
  0.4710E+03  0.8565E-01
  0.4720E+03  0.9747E-01
  0.4730E+03  0.8338E-01
  0.4740E+03  0.9855E-01
  0.4750E+03  0.7507E-01
  0.4760E+03  0.9610E-01
  0.4770E+03  0.4288E-01
  0.4780E+03  0.8000E-01
  0.4790E+03  0.9080E-01
  0.4800E+03  0.7645E-01
  0.4810E+03  0.5657E-01
  0.4820E+03  0.3296E-01
  0.4830E+03  0.9786E-01
  0.4840E+03  0.5612E-01
  0.4850E+03  0.7917E-01
  0.4860E+03  0.7984E-01
  0.4870E+03  0.5864E-01
  0.4880E+03  0.7875E-01
  0.4890E+03  0.1070E+00
  0.4900E+03  0.8634E-01
  0.4910E+03  0.5804E-01
  0.4920E+03  0.9196E-01
  0.4930E+03  0.8050E-01
  0.4940E+03  0.1121E+00
  0.4950E+03  0.7399E-01
  0.4960E+03  0.4898E-01
  0.4970E+03  0.8420E-01
  0.4980E+03  0.6572E-01
  0.4990E+03  0.1013E+00
  0.5000E+03  0.8560E-01
  0.5010E+03  0.8177E-01
  0.5020E+03  0.5112E-01
  0.5030E+03  0.7864E-01
  0.5040E+03  0.7601E-01
  0.5050E+03  0.4162E-01
  0.5060E+03  0.6645E-01
  0.5070E+03  0.7419E-01
  0.5080E+03  0.6094E-01
  0.5090E+03  0.4226E-01
  0.5100E+03  0.3317E-01
  0.5110E+03  0.0000E+00
  0.5120E+03  0.0000E+00
