  0.1000E+01  0.1392E+01
  0.2000E+01  0.1449E+01
  0.3000E+01  0.1721E+01
  0.4000E+01  0.1591E+01
  0.5000E+01  0.1501E+01
  0.6000E+01  0.1539E+01
  0.7000E+01  0.1765E+01
  0.8000E+01  0.1664E+01
  0.9000E+01  0.1532E+01
  0.1000E+02  0.1605E+01
  0.1100E+02  0.1631E+01
  0.1200E+02  0.1928E+01
  0.1300E+02  0.1860E+01
  0.1400E+02  0.1537E+01
  0.1500E+02  0.1686E+01
  0.1600E+02  0.1803E+01
  0.1700E+02  0.1779E+01
  0.1800E+02  0.1703E+01
  0.1900E+02  0.1712E+01
  0.2000E+02  0.1660E+01
  0.2100E+02  0.1669E+01
  0.2200E+02  0.2042E+01
  0.2300E+02  0.2729E+01
  0.2400E+02  0.4632E+01
  0.2500E+02  0.7202E+01
  0.2600E+02  0.1047E+02
  0.2700E+02  0.1277E+02
  0.2800E+02  0.1281E+02
  0.2900E+02  0.1117E+02
  0.3000E+02  0.8582E+01
  0.3100E+02  0.6391E+01
  0.3200E+02  0.4739E+01
  0.3300E+02  0.3571E+01
  0.3400E+02  0.2752E+01
  0.3500E+02  0.2140E+01
  0.3600E+02  0.1669E+01
  0.3700E+02  0.1622E+01
  0.3800E+02  0.1529E+01
  0.3900E+02  0.1684E+01
  0.4000E+02  0.1876E+01
  0.4100E+02  0.1912E+01
  0.4200E+02  0.1673E+01
  0.4300E+02  0.1844E+01
  0.4400E+02  0.1964E+01
  0.4500E+02  0.1839E+01
  0.4600E+02  0.2027E+01
  0.4700E+02  0.2099E+01
  0.4800E+02  0.2105E+01
  0.4900E+02  0.2018E+01
  0.5000E+02  0.1773E+01
  0.5100E+02  0.1609E+01
  0.5200E+02  0.1566E+01
  0.5300E+02  0.1793E+01
  0.5400E+02  0.1920E+01
  0.5500E+02  0.1962E+01
  0.5600E+02  0.2072E+01
  0.5700E+02  0.1802E+01
  0.5800E+02  0.2141E+01
  0.5900E+02  0.2071E+01
  0.6000E+02  0.2032E+01
  0.6100E+02  0.2179E+01
  0.6200E+02  0.1997E+01
  0.6300E+02  0.2286E+01
  0.6400E+02  0.2195E+01
  0.6500E+02  0.2311E+01
  0.6600E+02  0.2549E+01
  0.6700E+02  0.2769E+01
  0.6800E+02  0.2959E+01
  0.6900E+02  0.3591E+01
  0.7000E+02  0.4066E+01
  0.7100E+02  0.4366E+01
  0.7200E+02  0.5050E+01
  0.7300E+02  0.5298E+01
  0.7400E+02  0.5279E+01
  0.7500E+02  0.5526E+01
  0.7600E+02  0.5174E+01
  0.7700E+02  0.5059E+01
  0.7800E+02  0.4706E+01
  0.7900E+02  0.4333E+01
  0.8000E+02  0.3986E+01
  0.8100E+02  0.3937E+01
  0.8200E+02  0.3689E+01
  0.8300E+02  0.3856E+01
  0.8400E+02  0.3618E+01
  0.8500E+02  0.3812E+01
  0.8600E+02  0.3486E+01
  0.8700E+02  0.3534E+01
  0.8800E+02  0.3435E+01
  0.8900E+02  0.3132E+01
  0.9000E+02  0.3392E+01
  0.9100E+02  0.3003E+01
  0.9200E+02  0.2977E+01
  0.9300E+02  0.2745E+01
  0.9400E+02  0.2646E+01
  0.9500E+02  0.2462E+01
  0.9600E+02  0.2381E+01
  0.9700E+02  0.2607E+01
  0.9800E+02  0.2250E+01
  0.9900E+02  0.2564E+01
  0.1000E+03  0.2514E+01
  0.1010E+03  0.2641E+01
  0.1020E+03  0.2470E+01
  0.1030E+03  0.2387E+01
  0.1040E+03  0.2516E+01
  0.1050E+03  0.2382E+01
  0.1060E+03  0.2314E+01
  0.1070E+03  0.2558E+01
  0.1080E+03  0.2440E+01
  0.1090E+03  0.2425E+01
  0.1100E+03  0.2332E+01
  0.1110E+03  0.2418E+01
  0.1120E+03  0.2499E+01
  0.1130E+03  0.2252E+01
  0.1140E+03  0.2172E+01
  0.1150E+03  0.2378E+01
  0.1160E+03  0.2345E+01
  0.1170E+03  0.2447E+01
  0.1180E+03  0.2544E+01
  0.1190E+03  0.2475E+01
  0.1200E+03  0.2436E+01
  0.1210E+03  0.2285E+01
  0.1220E+03  0.2407E+01
  0.1230E+03  0.2427E+01
  0.1240E+03  0.2495E+01
  0.1250E+03  0.2591E+01
  0.1260E+03  0.2314E+01
  0.1270E+03  0.2607E+01
  0.1280E+03  0.2494E+01
  0.1290E+03  0.2620E+01
  0.1300E+03  0.2476E+01
  0.1310E+03  0.2479E+01
  0.1320E+03  0.2483E+01
  0.1330E+03  0.2496E+01
  0.1340E+03  0.2753E+01
  0.1350E+03  0.2755E+01
  0.1360E+03  0.2684E+01
  0.1370E+03  0.2481E+01
  0.1380E+03  0.2633E+01
  0.1390E+03  0.2842E+01
  0.1400E+03  0.2806E+01
  0.1410E+03  0.2832E+01
  0.1420E+03  0.2960E+01
  0.1430E+03  0.3034E+01
  0.1440E+03  0.3300E+01
  0.1450E+03  0.3472E+01
  0.1460E+03  0.3692E+01
  0.1470E+03  0.3771E+01
  0.1480E+03  0.4324E+01
  0.1490E+03  0.4553E+01
  0.1500E+03  0.5299E+01
  0.1510E+03  0.5733E+01
  0.1520E+03  0.6114E+01
  0.1530E+03  0.6697E+01
  0.1540E+03  0.7585E+01
  0.1550E+03  0.7463E+01
  0.1560E+03  0.7790E+01
  0.1570E+03  0.8311E+01
  0.1580E+03  0.8375E+01
  0.1590E+03  0.8726E+01
  0.1600E+03  0.8444E+01
  0.1610E+03  0.8678E+01
  0.1620E+03  0.7975E+01
  0.1630E+03  0.7833E+01
  0.1640E+03  0.7268E+01
  0.1650E+03  0.7028E+01
  0.1660E+03  0.6720E+01
  0.1670E+03  0.6158E+01
  0.1680E+03  0.5745E+01
  0.1690E+03  0.4967E+01
  0.1700E+03  0.5066E+01
  0.1710E+03  0.4665E+01
  0.1720E+03  0.4449E+01
  0.1730E+03  0.4058E+01
  0.1740E+03  0.3986E+01
  0.1750E+03  0.3744E+01
  0.1760E+03  0.3943E+01
  0.1770E+03  0.3950E+01
  0.1780E+03  0.3645E+01
  0.1790E+03  0.3457E+01
  0.1800E+03  0.3732E+01
  0.1810E+03  0.3779E+01
  0.1820E+03  0.3625E+01
  0.1830E+03  0.3323E+01
  0.1840E+03  0.3631E+01
  0.1850E+03  0.3239E+01
  0.1860E+03  0.3483E+01
  0.1870E+03  0.3169E+01
  0.1880E+03  0.3333E+01
  0.1890E+03  0.3326E+01
  0.1900E+03  0.3195E+01
  0.1910E+03  0.3306E+01
  0.1920E+03  0.3251E+01
  0.1930E+03  0.2921E+01
  0.1940E+03  0.3139E+01
  0.1950E+03  0.3242E+01
  0.1960E+03  0.2906E+01
  0.1970E+03  0.2772E+01
  0.1980E+03  0.2939E+01
  0.1990E+03  0.2626E+01
  0.2000E+03  0.2667E+01
  0.2010E+03  0.2753E+01
  0.2020E+03  0.2575E+01
  0.2030E+03  0.2573E+01
  0.2040E+03  0.2463E+01
  0.2050E+03  0.2336E+01
  0.2060E+03  0.2483E+01
  0.2070E+03  0.2519E+01
  0.2080E+03  0.2445E+01
  0.2090E+03  0.2527E+01
  0.2100E+03  0.2446E+01
  0.2110E+03  0.2516E+01
  0.2120E+03  0.2524E+01
  0.2130E+03  0.2192E+01
  0.2140E+03  0.2199E+01
  0.2150E+03  0.2153E+01
  0.2160E+03  0.2357E+01
  0.2170E+03  0.2163E+01
  0.2180E+03  0.2331E+01
  0.2190E+03  0.2045E+01
  0.2200E+03  0.2157E+01
  0.2210E+03  0.2283E+01
  0.2220E+03  0.1900E+01
  0.2230E+03  0.1934E+01
  0.2240E+03  0.2180E+01
  0.2250E+03  0.2025E+01
  0.2260E+03  0.2029E+01
  0.2270E+03  0.2055E+01
  0.2280E+03  0.1833E+01
  0.2290E+03  0.1870E+01
  0.2300E+03  0.1955E+01
  0.2310E+03  0.1969E+01
  0.2320E+03  0.2075E+01
  0.2330E+03  0.1983E+01
  0.2340E+03  0.1865E+01
  0.2350E+03  0.1987E+01
  0.2360E+03  0.1803E+01
  0.2370E+03  0.1930E+01
  0.2380E+03  0.1922E+01
  0.2390E+03  0.1885E+01
  0.2400E+03  0.1863E+01
  0.2410E+03  0.1696E+01
  0.2420E+03  0.1681E+01
  0.2430E+03  0.1934E+01
  0.2440E+03  0.1912E+01
  0.2450E+03  0.1969E+01
  0.2460E+03  0.1846E+01
  0.2470E+03  0.1743E+01
  0.2480E+03  0.1759E+01
  0.2490E+03  0.1783E+01
  0.2500E+03  0.1740E+01
  0.2510E+03  0.1811E+01
  0.2520E+03  0.1903E+01
  0.2530E+03  0.1741E+01
  0.2540E+03  0.1875E+01
  0.2550E+03  0.1644E+01
  0.2560E+03  0.1637E+01
  0.2570E+03  0.1773E+01
  0.2580E+03  0.1652E+01
  0.2590E+03  0.1702E+01
  0.2600E+03  0.1670E+01
  0.2610E+03  0.1668E+01
  0.2620E+03  0.1651E+01
  0.2630E+03  0.1729E+01
  0.2640E+03  0.1511E+01
  0.2650E+03  0.1711E+01
  0.2660E+03  0.1608E+01
  0.2670E+03  0.1549E+01
  0.2680E+03  0.1828E+01
  0.2690E+03  0.1797E+01
  0.2700E+03  0.1731E+01
  0.2710E+03  0.1773E+01
  0.2720E+03  0.1766E+01
  0.2730E+03  0.1621E+01
  0.2740E+03  0.1559E+01
  0.2750E+03  0.1662E+01
  0.2760E+03  0.1669E+01
  0.2770E+03  0.1612E+01
  0.2780E+03  0.1680E+01
  0.2790E+03  0.1688E+01
  0.2800E+03  0.1724E+01
  0.2810E+03  0.1655E+01
  0.2820E+03  0.1669E+01
  0.2830E+03  0.1521E+01
  0.2840E+03  0.1544E+01
  0.2850E+03  0.1547E+01
  0.2860E+03  0.1585E+01
  0.2870E+03  0.1601E+01
  0.2880E+03  0.1618E+01
  0.2890E+03  0.1637E+01
  0.2900E+03  0.1507E+01
  0.2910E+03  0.1628E+01
  0.2920E+03  0.1720E+01
  0.2930E+03  0.1550E+01
  0.2940E+03  0.1568E+01
  0.2950E+03  0.1552E+01
  0.2960E+03  0.1379E+01
  0.2970E+03  0.1423E+01
  0.2980E+03  0.1551E+01
  0.2990E+03  0.1506E+01
  0.3000E+03  0.1530E+01
  0.3010E+03  0.1547E+01
  0.3020E+03  0.1404E+01
  0.3030E+03  0.1404E+01
  0.3040E+03  0.1570E+01
  0.3050E+03  0.1452E+01
  0.3060E+03  0.1441E+01
  0.3070E+03  0.1630E+01
  0.3080E+03  0.1478E+01
  0.3090E+03  0.1427E+01
  0.3100E+03  0.1631E+01
  0.3110E+03  0.1364E+01
  0.3120E+03  0.1352E+01
  0.3130E+03  0.1629E+01
  0.3140E+03  0.1526E+01
  0.3150E+03  0.1481E+01
  0.3160E+03  0.1580E+01
  0.3170E+03  0.1485E+01
  0.3180E+03  0.1419E+01
  0.3190E+03  0.1696E+01
  0.3200E+03  0.1626E+01
  0.3210E+03  0.1758E+01
  0.3220E+03  0.1611E+01
  0.3230E+03  0.1740E+01
  0.3240E+03  0.1507E+01
  0.3250E+03  0.1613E+01
  0.3260E+03  0.1631E+01
  0.3270E+03  0.1730E+01
  0.3280E+03  0.1849E+01
  0.3290E+03  0.1641E+01
  0.3300E+03  0.1682E+01
  0.3310E+03  0.1758E+01
  0.3320E+03  0.1573E+01
  0.3330E+03  0.1840E+01
  0.3340E+03  0.1722E+01
  0.3350E+03  0.1626E+01
  0.3360E+03  0.1654E+01
  0.3370E+03  0.1711E+01
  0.3380E+03  0.1876E+01
  0.3390E+03  0.1891E+01
  0.3400E+03  0.1742E+01
  0.3410E+03  0.1965E+01
  0.3420E+03  0.1646E+01
  0.3430E+03  0.1641E+01
  0.3440E+03  0.1700E+01
  0.3450E+03  0.1631E+01
  0.3460E+03  0.1725E+01
  0.3470E+03  0.1735E+01
  0.3480E+03  0.1580E+01
  0.3490E+03  0.1740E+01
  0.3500E+03  0.1745E+01
  0.3510E+03  0.1607E+01
  0.3520E+03  0.1727E+01
  0.3530E+03  0.1742E+01
  0.3540E+03  0.1512E+01
  0.3550E+03  0.1606E+01
  0.3560E+03  0.1529E+01
  0.3570E+03  0.1401E+01
  0.3580E+03  0.1391E+01
  0.3590E+03  0.1295E+01
  0.3600E+03  0.1502E+01
  0.3610E+03  0.1343E+01
  0.3620E+03  0.1353E+01
  0.3630E+03  0.1230E+01
  0.3640E+03  0.1101E+01
  0.3650E+03  0.1012E+01
  0.3660E+03  0.1194E+01
  0.3670E+03  0.1136E+01
  0.3680E+03  0.1091E+01
  0.3690E+03  0.1121E+01
  0.3700E+03  0.9643E+00
  0.3710E+03  0.1124E+01
  0.3720E+03  0.9119E+00
  0.3730E+03  0.9497E+00
  0.3740E+03  0.1057E+01
  0.3750E+03  0.9535E+00
  0.3760E+03  0.9299E+00
  0.3770E+03  0.8735E+00
  0.3780E+03  0.8905E+00
  0.3790E+03  0.8380E+00
  0.3800E+03  0.8267E+00
  0.3810E+03  0.7773E+00
  0.3820E+03  0.1004E+01
  0.3830E+03  0.7637E+00
  0.3840E+03  0.8026E+00
  0.3850E+03  0.8131E+00
  0.3860E+03  0.8643E+00
  0.3870E+03  0.8084E+00
  0.3880E+03  0.7403E+00
  0.3890E+03  0.7606E+00
  0.3900E+03  0.7530E+00
  0.3910E+03  0.6860E+00
  0.3920E+03  0.8538E+00
  0.3930E+03  0.7651E+00
  0.3940E+03  0.8562E+00
  0.3950E+03  0.8241E+00
  0.3960E+03  0.8425E+00
  0.3970E+03  0.9672E+00
  0.3980E+03  0.8906E+00
  0.3990E+03  0.7505E+00
  0.4000E+03  0.7497E+00
  0.4010E+03  0.8310E+00
  0.4020E+03  0.8636E+00
  0.4030E+03  0.9111E+00
  0.4040E+03  0.9523E+00
  0.4050E+03  0.8033E+00
  0.4060E+03  0.9209E+00
  0.4070E+03  0.8418E+00
  0.4080E+03  0.8360E+00
  0.4090E+03  0.7920E+00
  0.4100E+03  0.8812E+00
  0.4110E+03  0.8314E+00
  0.4120E+03  0.8413E+00
  0.4130E+03  0.9643E+00
  0.4140E+03  0.1024E+01
  0.4150E+03  0.1025E+01
  0.4160E+03  0.1026E+01
  0.4170E+03  0.1028E+01
  0.4180E+03  0.1159E+01
  0.4190E+03  0.1052E+01
  0.4200E+03  0.1097E+01
  0.4210E+03  0.1192E+01
  0.4220E+03  0.1086E+01
  0.4230E+03  0.1184E+01
  0.4240E+03  0.1248E+01
  0.4250E+03  0.1351E+01
  0.4260E+03  0.1501E+01
  0.4270E+03  0.1416E+01
  0.4280E+03  0.1383E+01
  0.4290E+03  0.1380E+01
  0.4300E+03  0.1487E+01
  0.4310E+03  0.1495E+01
  0.4320E+03  0.1364E+01
  0.4330E+03  0.1657E+01
  0.4340E+03  0.1562E+01
  0.4350E+03  0.1449E+01
  0.4360E+03  0.1697E+01
  0.4370E+03  0.1692E+01
  0.4380E+03  0.1530E+01
  0.4390E+03  0.1711E+01
  0.4400E+03  0.1694E+01
  0.4410E+03  0.1572E+01
  0.4420E+03  0.1596E+01
  0.4430E+03  0.1647E+01
  0.4440E+03  0.1455E+01
  0.4450E+03  0.1640E+01
  0.4460E+03  0.1655E+01
  0.4470E+03  0.1400E+01
  0.4480E+03  0.1559E+01
  0.4490E+03  0.1484E+01
  0.4500E+03  0.1360E+01
  0.4510E+03  0.1439E+01
  0.4520E+03  0.1397E+01
  0.4530E+03  0.1370E+01
  0.4540E+03  0.1231E+01
  0.4550E+03  0.1092E+01
  0.4560E+03  0.1084E+01
  0.4570E+03  0.1111E+01
  0.4580E+03  0.1219E+01
  0.4590E+03  0.1083E+01
  0.4600E+03  0.1088E+01
  0.4610E+03  0.1008E+01
  0.4620E+03  0.9882E+00
  0.4630E+03  0.1015E+01
  0.4640E+03  0.7291E+00
  0.4650E+03  0.8750E+00
  0.4660E+03  0.8454E+00
  0.4670E+03  0.8130E+00
  0.4680E+03  0.9170E+00
  0.4690E+03  0.7670E+00
  0.4700E+03  0.8924E+00
  0.4710E+03  0.9200E+00
  0.4720E+03  0.7720E+00
  0.4730E+03  0.7483E+00
  0.4740E+03  0.7102E+00
  0.4750E+03  0.7418E+00
  0.4760E+03  0.9081E+00
  0.4770E+03  0.8316E+00
  0.4780E+03  0.8190E+00
  0.4790E+03  0.8302E+00
  0.4800E+03  0.9784E+00
  0.4810E+03  0.9802E+00
  0.4820E+03  0.9504E+00
  0.4830E+03  0.9762E+00
  0.4840E+03  0.9112E+00
  0.4850E+03  0.9729E+00
  0.4860E+03  0.9494E+00
  0.4870E+03  0.1120E+01
  0.4880E+03  0.1021E+01
  0.4890E+03  0.1206E+01
  0.4900E+03  0.1284E+01
  0.4910E+03  0.1269E+01
  0.4920E+03  0.1375E+01
  0.4930E+03  0.1533E+01
  0.4940E+03  0.1623E+01
  0.4950E+03  0.1654E+01
  0.4960E+03  0.1606E+01
  0.4970E+03  0.1697E+01
  0.4980E+03  0.1742E+01
  0.4990E+03  0.1834E+01
  0.5000E+03  0.1948E+01
  0.5010E+03  0.2046E+01
  0.5020E+03  0.1883E+01
  0.5030E+03  0.2254E+01
  0.5040E+03  0.2203E+01
  0.5050E+03  0.2336E+01
  0.5060E+03  0.2676E+01
  0.5070E+03  0.2447E+01
  0.5080E+03  0.2700E+01
  0.5090E+03  0.2818E+01
  0.5100E+03  0.2842E+01
  0.5110E+03  0.0000E+00
  0.5120E+03  0.0000E+00
