  0.1000E+01  0.5134E-01
  0.2000E+01  0.5156E-01
  0.3000E+01  0.5556E-01
  0.4000E+01  0.5628E-01
  0.5000E+01  0.5778E-01
  0.6000E+01  0.5751E-01
  0.7000E+01  0.4926E-01
  0.8000E+01  0.5005E-01
  0.9000E+01  0.5098E-01
  0.1000E+02  0.4773E-01
  0.1100E+02  0.4231E-01
  0.1200E+02  0.3186E-01
  0.1300E+02  0.3382E-01
  0.1400E+02  0.4006E-01
  0.1500E+02  0.3069E-01
  0.1600E+02  0.2754E-01
  0.1700E+02  0.2805E-01
  0.1800E+02  0.2882E-01
  0.1900E+02  0.2431E-01
  0.2000E+02  0.2219E-01
  0.2100E+02  0.2489E-01
  0.2200E+02  0.1904E-01
  0.2300E+02  0.2305E-01
  0.2400E+02  0.1797E-01
  0.2500E+02  0.1784E-01
  0.2600E+02  0.1448E-01
  0.2700E+02  0.1366E-01
  0.2800E+02  0.1096E-01
  0.2900E+02  0.1092E-01
  0.3000E+02  0.1396E-01
  0.3100E+02  0.1092E-01
  0.3200E+02  0.8569E-02
  0.3300E+02  0.1047E-01
  0.3400E+02  0.8670E-02
  0.3500E+02  0.5343E-02
  0.3600E+02  0.7638E-02
  0.3700E+02  0.7997E-02
  0.3800E+02  0.6291E-02
  0.3900E+02  0.7510E-02
  0.4000E+02  0.4961E-02
  0.4100E+02  0.6007E-02
  0.4200E+02  0.6048E-02
  0.4300E+02  0.9206E-02
  0.4400E+02  0.8531E-02
  0.4500E+02  0.7618E-02
  0.4600E+02  0.9683E-02
  0.4700E+02  0.9539E-02
  0.4800E+02  0.9225E-02
  0.4900E+02  0.1294E-01
  0.5000E+02  0.1140E-01
  0.5100E+02  0.1364E-01
  0.5200E+02  0.1361E-01
  0.5300E+02  0.1799E-01
  0.5400E+02  0.1766E-01
  0.5500E+02  0.2285E-01
  0.5600E+02  0.2244E-01
  0.5700E+02  0.2270E-01
  0.5800E+02  0.1955E-01
  0.5900E+02  0.2770E-01
  0.6000E+02  0.2896E-01
  0.6100E+02  0.2990E-01
  0.6200E+02  0.3090E-01
  0.6300E+02  0.3679E-01
  0.6400E+02  0.3267E-01
  0.6500E+02  0.3331E-01
  0.6600E+02  0.3073E-01
  0.6700E+02  0.3911E-01
  0.6800E+02  0.3397E-01
  0.6900E+02  0.3998E-01
  0.7000E+02  0.4020E-01
  0.7100E+02  0.3974E-01
  0.7200E+02  0.4370E-01
  0.7300E+02  0.4474E-01
  0.7400E+02  0.5015E-01
  0.7500E+02  0.4631E-01
  0.7600E+02  0.4745E-01
  0.7700E+02  0.4097E-01
  0.7800E+02  0.4611E-01
  0.7900E+02  0.4324E-01
  0.8000E+02  0.4721E-01
  0.8100E+02  0.4837E-01
  0.8200E+02  0.5219E-01
  0.8300E+02  0.4789E-01
  0.8400E+02  0.5942E-01
  0.8500E+02  0.5761E-01
  0.8600E+02  0.6342E-01
  0.8700E+02  0.6754E-01
  0.8800E+02  0.7229E-01
  0.8900E+02  0.6958E-01
  0.9000E+02  0.7460E-01
  0.9100E+02  0.8386E-01
  0.9200E+02  0.8996E-01
  0.9300E+02  0.8574E-01
  0.9400E+02  0.1045E+00
  0.9500E+02  0.1159E+00
  0.9600E+02  0.1223E+00
  0.9700E+02  0.1396E+00
  0.9800E+02  0.1440E+00
  0.9900E+02  0.1574E+00
  0.1000E+03  0.1508E+00
  0.1010E+03  0.1701E+00
  0.1020E+03  0.1605E+00
  0.1030E+03  0.1674E+00
  0.1040E+03  0.1566E+00
  0.1050E+03  0.1533E+00
  0.1060E+03  0.1556E+00
  0.1070E+03  0.1410E+00
  0.1080E+03  0.1320E+00
  0.1090E+03  0.1207E+00
  0.1100E+03  0.1093E+00
  0.1110E+03  0.1035E+00
  0.1120E+03  0.9735E-01
  0.1130E+03  0.8618E-01
  0.1140E+03  0.8751E-01
  0.1150E+03  0.7287E-01
  0.1160E+03  0.5928E-01
  0.1170E+03  0.5112E-01
  0.1180E+03  0.5502E-01
  0.1190E+03  0.4230E-01
  0.1200E+03  0.4344E-01
  0.1210E+03  0.3725E-01
  0.1220E+03  0.3077E-01
  0.1230E+03  0.3367E-01
  0.1240E+03  0.3322E-01
  0.1250E+03  0.3103E-01
  0.1260E+03  0.2540E-01
  0.1270E+03  0.2745E-01
  0.1280E+03  0.2860E-01
  0.1290E+03  0.2623E-01
  0.1300E+03  0.2635E-01
  0.1310E+03  0.2568E-01
  0.1320E+03  0.2509E-01
  0.1330E+03  0.1995E-01
  0.1340E+03  0.2312E-01
  0.1350E+03  0.2196E-01
  0.1360E+03  0.1183E-01
  0.1370E+03  0.1418E-01
  0.1380E+03  0.1371E-01
  0.1390E+03  0.1262E-01
  0.1400E+03  0.1031E-01
  0.1410E+03  0.6844E-02
  0.1420E+03  0.5663E-02
  0.1430E+03  0.8389E-02
  0.1440E+03  0.8032E-02
  0.1450E+03  0.7016E-02
  0.1460E+03  0.4479E-02
  0.1470E+03  0.6318E-02
  0.1480E+03  0.5006E-02
  0.1490E+03  0.4682E-02
  0.1500E+03  0.4070E-02
  0.1510E+03  0.3815E-02
  0.1520E+03  0.4438E-02
  0.1530E+03  0.5112E-02
  0.1540E+03  0.4320E-02
  0.1550E+03  0.2670E-02
  0.1560E+03  0.5726E-02
  0.1570E+03  0.6915E-02
  0.1580E+03  0.3589E-02
  0.1590E+03  0.3236E-02
  0.1600E+03  0.3927E-02
  0.1610E+03  0.4029E-02
  0.1620E+03  0.3862E-02
  0.1630E+03  0.4231E-02
  0.1640E+03  0.4224E-02
  0.1650E+03  0.5616E-02
  0.1660E+03  0.5592E-02
  0.1670E+03  0.6277E-02
  0.1680E+03  0.4123E-02
  0.1690E+03  0.5425E-02
  0.1700E+03  0.4388E-02
  0.1710E+03  0.6284E-02
  0.1720E+03  0.5462E-02
  0.1730E+03  0.3469E-02
  0.1740E+03  0.5539E-02
  0.1750E+03  0.4571E-02
  0.1760E+03  0.4417E-02
  0.1770E+03  0.3829E-02
  0.1780E+03  0.4293E-02
  0.1790E+03  0.6726E-02
  0.1800E+03  0.4401E-02
  0.1810E+03  0.5582E-02
  0.1820E+03  0.4109E-02
  0.1830E+03  0.6426E-02
  0.1840E+03  0.7528E-02
  0.1850E+03  0.4760E-02
  0.1860E+03  0.4534E-02
  0.1870E+03  0.4144E-02
  0.1880E+03  0.4821E-02
  0.1890E+03  0.6518E-02
  0.1900E+03  0.4747E-02
  0.1910E+03  0.4374E-02
  0.1920E+03  0.2464E-02
  0.1930E+03  0.3395E-02
  0.1940E+03  0.5299E-02
  0.1950E+03  0.4229E-02
  0.1960E+03  0.5495E-02
  0.1970E+03  0.3060E-02
  0.1980E+03  0.4878E-02
  0.1990E+03  0.3963E-02
  0.2000E+03  0.3045E-02
  0.2010E+03  0.4467E-02
  0.2020E+03  0.3875E-02
  0.2030E+03  0.4480E-02
  0.2040E+03  0.3008E-02
  0.2050E+03  0.3477E-02
  0.2060E+03  0.4400E-02
  0.2070E+03  0.2907E-02
  0.2080E+03  0.4206E-02
  0.2090E+03  0.3085E-02
  0.2100E+03  0.1132E-02
  0.2110E+03  0.3289E-02
  0.2120E+03  0.1800E-02
  0.2130E+03  0.2748E-02
  0.2140E+03  0.3120E-02
  0.2150E+03  0.2702E-02
  0.2160E+03  0.2457E-02
  0.2170E+03  0.5181E-02
  0.2180E+03  0.2587E-02
  0.2190E+03  0.3344E-02
  0.2200E+03  0.2438E-02
  0.2210E+03  0.3217E-02
  0.2220E+03  0.2404E-02
  0.2230E+03  0.2634E-02
  0.2240E+03  0.1884E-02
  0.2250E+03  0.3313E-02
  0.2260E+03  0.2422E-02
  0.2270E+03  0.1265E-02
  0.2280E+03  0.2154E-02
  0.2290E+03  0.1632E-02
  0.2300E+03  0.2225E-02
  0.2310E+03  0.2829E-02
  0.2320E+03  0.1388E-02
  0.2330E+03  0.1250E-02
  0.2340E+03  0.7485E-03
  0.2350E+03  0.8873E-03
  0.2360E+03  0.2452E-02
  0.2370E+03  0.2248E-02
  0.2380E+03  0.8880E-03
  0.2390E+03  0.2340E-02
  0.2400E+03  0.2239E-02
  0.2410E+03  0.1302E-02
  0.2420E+03  0.6387E-03
  0.2430E+03  0.1493E-02
  0.2440E+03  0.1765E-02
  0.2450E+03  0.1045E-02
  0.2460E+03  0.1290E-02
  0.2470E+03  0.1143E-02
  0.2480E+03  0.2186E-02
  0.2490E+03  0.4339E-03
  0.2500E+03  0.1238E-02
  0.2510E+03  0.4091E-03
  0.2520E+03  0.9408E-03
  0.2530E+03  0.9363E-03
  0.2540E+03  0.7498E-03
  0.2550E+03  0.7422E-03
  0.2560E+03  0.4772E-03
  0.2570E+03  0.1034E-02
  0.2580E+03  0.1174E-02
  0.2590E+03  0.1584E-04
  0.2600E+03  0.1563E-02
  0.2610E+03  0.1492E-03
  0.2620E+03  0.3818E-03
  0.2630E+03  0.1688E-02
  0.2640E+03  0.2393E-03
  0.2650E+03  0.5163E-03
  0.2660E+03  0.7889E-03
  0.2670E+03  0.4284E-03
  0.2680E+03  0.6689E-03
  0.2690E+03  0.6963E-03
  0.2700E+03  0.9808E-03
  0.2710E+03  0.8721E-03
  0.2720E+03  0.1487E-02
  0.2730E+03  0.0000E+00
  0.2740E+03  0.4809E-03
  0.2750E+03  0.1678E-02
  0.2760E+03  0.9962E-03
  0.2770E+03  0.5044E-03
  0.2780E+03  0.5937E-03
  0.2790E+03  0.9410E-03
  0.2800E+03  0.1145E-02
  0.2810E+03  0.7691E-04
  0.2820E+03  0.1336E-03
  0.2830E+03  0.4213E-03
  0.2840E+03  0.3011E-03
  0.2850E+03  0.4922E-03
  0.2860E+03  0.3097E-03
  0.2870E+03  0.3497E-03
  0.2880E+03  0.7263E-03
  0.2890E+03  0.2742E-03
  0.2900E+03  0.5561E-03
  0.2910E+03  0.7637E-03
  0.2920E+03  0.3729E-03
  0.2930E+03  0.1010E-03
  0.2940E+03  0.1088E-02
  0.2950E+03  0.4032E-03
  0.2960E+03  0.1066E-02
  0.2970E+03  0.9076E-03
  0.2980E+03  0.1398E-02
  0.2990E+03  0.0000E+00
  0.3000E+03  0.4526E-03
  0.3010E+03  0.9721E-03
  0.3020E+03  0.0000E+00
  0.3030E+03  0.2005E-03
  0.3040E+03  0.4300E-03
  0.3050E+03  0.4013E-03
  0.3060E+03  0.8992E-03
  0.3070E+03  0.5714E-03
  0.3080E+03  0.0000E+00
  0.3090E+03  0.4174E-03
  0.3100E+03  0.8226E-03
  0.3110E+03  0.4256E-03
  0.3120E+03  0.3189E-04
  0.3130E+03  0.2815E-03
  0.3140E+03  0.4136E-03
  0.3150E+03  0.2632E-03
  0.3160E+03  0.1371E-03
  0.3170E+03  0.7342E-04
  0.3180E+03  0.2525E-04
  0.3190E+03  0.4598E-03
  0.3200E+03  0.3763E-03
  0.3210E+03  0.4164E-03
  0.3220E+03  0.0000E+00
  0.3230E+03  0.3077E-03
  0.3240E+03  0.2744E-03
  0.3250E+03  0.1023E-02
  0.3260E+03  0.4295E-03
  0.3270E+03  0.2888E-03
  0.3280E+03  0.2100E-03
  0.3290E+03  0.7582E-03
  0.3300E+03  0.3563E-03
  0.3310E+03  0.6470E-03
  0.3320E+03  0.4306E-03
  0.3330E+03  0.5520E-03
  0.3340E+03  0.2855E-03
  0.3350E+03  0.1256E-03
  0.3360E+03  0.7931E-04
  0.3370E+03  0.3050E-04
  0.3380E+03  0.9093E-03
  0.3390E+03  0.2498E-03
  0.3400E+03  0.8055E-03
  0.3410E+03  0.4083E-04
  0.3420E+03  0.4243E-03
  0.3430E+03  0.0000E+00
  0.3440E+03  0.8267E-03
  0.3450E+03  0.0000E+00
  0.3460E+03  0.2155E-03
  0.3470E+03  0.0000E+00
  0.3480E+03  0.3810E-03
  0.3490E+03  0.1129E-03
  0.3500E+03  0.6038E-03
  0.3510E+03  0.3624E-04
  0.3520E+03  0.4547E-03
  0.3530E+03  0.2809E-03
  0.3540E+03  0.1579E-03
  0.3550E+03  0.2734E-03
  0.3560E+03  0.2060E-04
  0.3570E+03  0.3003E-03
  0.3580E+03  0.6987E-03
  0.3590E+03  0.5968E-03
  0.3600E+03  0.4694E-03
  0.3610E+03  0.3635E-03
  0.3620E+03  0.1561E-03
  0.3630E+03  0.2616E-03
  0.3640E+03  0.0000E+00
  0.3650E+03  0.4974E-03
  0.3660E+03  0.7519E-03
  0.3670E+03  0.5215E-03
  0.3680E+03  0.3166E-03
  0.3690E+03  0.4672E-03
  0.3700E+03  0.7379E-03
  0.3710E+03  0.1437E-03
  0.3720E+03  0.2917E-03
  0.3730E+03  0.1067E-03
  0.3740E+03  0.1206E-03
  0.3750E+03  0.7506E-03
  0.3760E+03  0.5214E-03
  0.3770E+03  0.3683E-03
  0.3780E+03  0.3182E-03
  0.3790E+03  0.4827E-03
  0.3800E+03  0.1671E-03
  0.3810E+03  0.2727E-03
  0.3820E+03  0.6314E-03
  0.3830E+03  0.7257E-03
  0.3840E+03  0.3140E-04
  0.3850E+03  0.6778E-03
  0.3860E+03  0.3915E-03
  0.3870E+03  0.8105E-03
  0.3880E+03  0.3102E-03
  0.3890E+03  0.1276E-04
  0.3900E+03  0.0000E+00
  0.3910E+03  0.1557E-03
  0.3920E+03  0.2697E-03
  0.3930E+03  0.3818E-03
  0.3940E+03  0.1965E-03
  0.3950E+03  0.2500E-03
  0.3960E+03  0.1657E-03
  0.3970E+03  0.4640E-05
  0.3980E+03  0.3644E-03
  0.3990E+03  0.1411E-03
  0.4000E+03  0.2084E-03
  0.4010E+03  0.4489E-03
  0.4020E+03  0.5522E-03
  0.4030E+03  0.3760E-03
  0.4040E+03  0.3126E-03
  0.4050E+03  0.8280E-04
  0.4060E+03  0.6214E-03
  0.4070E+03  0.0000E+00
  0.4080E+03  0.1891E-03
  0.4090E+03  0.2189E-04
  0.4100E+03  0.3648E-03
  0.4110E+03  0.2122E-03
  0.4120E+03  0.2004E-03
  0.4130E+03  0.2024E-04
  0.4140E+03  0.0000E+00
  0.4150E+03  0.4366E-04
  0.4160E+03  0.2502E-03
  0.4170E+03  0.7595E-03
  0.4180E+03  0.0000E+00
  0.4190E+03  0.0000E+00
  0.4200E+03  0.2351E-03
  0.4210E+03  0.2177E-03
  0.4220E+03  0.0000E+00
  0.4230E+03  0.0000E+00
  0.4240E+03  0.1119E-02
  0.4250E+03  0.9260E-04
  0.4260E+03  0.1919E-03
  0.4270E+03  0.5615E-03
  0.4280E+03  0.8841E-04
  0.4290E+03  0.4520E-03
  0.4300E+03  0.0000E+00
  0.4310E+03  0.2031E-03
  0.4320E+03  0.0000E+00
  0.4330E+03  0.2447E-04
  0.4340E+03  0.7911E-05
  0.4350E+03  0.2061E-03
  0.4360E+03  0.0000E+00
  0.4370E+03  0.3310E-03
  0.4380E+03  0.0000E+00
  0.4390E+03  0.0000E+00
  0.4400E+03  0.0000E+00
  0.4410E+03  0.0000E+00
  0.4420E+03  0.0000E+00
  0.4430E+03  0.0000E+00
  0.4440E+03  0.3180E-03
  0.4450E+03  0.9861E-04
  0.4460E+03  0.0000E+00
  0.4470E+03  0.0000E+00
  0.4480E+03  0.2928E-03
  0.4490E+03  0.2246E-04
  0.4500E+03  0.0000E+00
  0.4510E+03  0.5076E-03
  0.4520E+03  0.1981E-04
  0.4530E+03  0.7522E-04
  0.4540E+03  0.0000E+00
  0.4550E+03  0.0000E+00
  0.4560E+03  0.0000E+00
  0.4570E+03  0.8641E-04
  0.4580E+03  0.2680E-03
  0.4590E+03  0.0000E+00
  0.4600E+03  0.2055E-03
  0.4610E+03  0.7933E-05
  0.4620E+03  0.2134E-03
  0.4630E+03  0.5289E-04
  0.4640E+03  0.0000E+00
  0.4650E+03  0.0000E+00
  0.4660E+03  0.5518E-04
  0.4670E+03  0.3478E-03
  0.4680E+03  0.0000E+00
  0.4690E+03  0.3289E-03
  0.4700E+03  0.0000E+00
  0.4710E+03  0.3202E-03
  0.4720E+03  0.2106E-03
  0.4730E+03  0.5047E-03
  0.4740E+03  0.4783E-03
  0.4750E+03  0.0000E+00
  0.4760E+03  0.1358E-03
  0.4770E+03  0.0000E+00
  0.4780E+03  0.0000E+00
  0.4790E+03  0.0000E+00
  0.4800E+03  0.5768E-04
  0.4810E+03  0.9719E-04
  0.4820E+03  0.6479E-04
  0.4830E+03  0.0000E+00
  0.4840E+03  0.3963E-05
  0.4850E+03  0.0000E+00
  0.4860E+03  0.0000E+00
  0.4870E+03  0.3965E-03
  0.4880E+03  0.0000E+00
  0.4890E+03  0.1021E-03
  0.4900E+03  0.1991E-04
  0.4910E+03  0.1038E-03
  0.4920E+03  0.0000E+00
  0.4930E+03  0.0000E+00
  0.4940E+03  0.0000E+00
  0.4950E+03  0.0000E+00
  0.4960E+03  0.0000E+00
  0.4970E+03  0.0000E+00
  0.4980E+03  0.6467E-03
  0.4990E+03  0.0000E+00
  0.5000E+03  0.1760E-03
  0.5010E+03  0.0000E+00
  0.5020E+03  0.0000E+00
  0.5030E+03  0.1928E-05
  0.5040E+03  0.5545E-04
  0.5050E+03  0.0000E+00
  0.5060E+03  0.2167E-03
  0.5070E+03  0.0000E+00
  0.5080E+03  0.0000E+00
  0.5090E+03  0.0000E+00
  0.5100E+03  0.0000E+00
  0.5110E+03  0.0000E+00
  0.5120E+03  0.0000E+00
