  0.1000E+01  0.2388E+00
  0.2000E+01  0.2224E+00
  0.3000E+01  0.3382E+00
  0.4000E+01  0.3254E+00
  0.5000E+01  0.2453E+00
  0.6000E+01  0.3009E+00
  0.7000E+01  0.2795E+00
  0.8000E+01  0.2814E+00
  0.9000E+01  0.3562E+00
  0.1000E+02  0.3272E+00
  0.1100E+02  0.3166E+00
  0.1200E+02  0.3610E+00
  0.1300E+02  0.3788E+00
  0.1400E+02  0.3088E+00
  0.1500E+02  0.3258E+00
  0.1600E+02  0.3117E+00
  0.1700E+02  0.2988E+00
  0.1800E+02  0.3622E+00
  0.1900E+02  0.3827E+00
  0.2000E+02  0.3979E+00
  0.2100E+02  0.3582E+00
  0.2200E+02  0.3601E+00
  0.2300E+02  0.3466E+00
  0.2400E+02  0.3858E+00
  0.2500E+02  0.4115E+00
  0.2600E+02  0.3912E+00
  0.2700E+02  0.4611E+00
  0.2800E+02  0.3507E+00
  0.2900E+02  0.3879E+00
  0.3000E+02  0.3699E+00
  0.3100E+02  0.2979E+00
  0.3200E+02  0.3440E+00
  0.3300E+02  0.3685E+00
  0.3400E+02  0.3124E+00
  0.3500E+02  0.3211E+00
  0.3600E+02  0.3192E+00
  0.3700E+02  0.2913E+00
  0.3800E+02  0.3335E+00
  0.3900E+02  0.3163E+00
  0.4000E+02  0.2841E+00
  0.4100E+02  0.3285E+00
  0.4200E+02  0.2915E+00
  0.4300E+02  0.3422E+00
  0.4400E+02  0.3475E+00
  0.4500E+02  0.2950E+00
  0.4600E+02  0.3573E+00
  0.4700E+02  0.3198E+00
  0.4800E+02  0.3164E+00
  0.4900E+02  0.3629E+00
  0.5000E+02  0.3450E+00
  0.5100E+02  0.2424E+00
  0.5200E+02  0.2196E+00
  0.5300E+02  0.2866E+00
  0.5400E+02  0.3155E+00
  0.5500E+02  0.3151E+00
  0.5600E+02  0.2842E+00
  0.5700E+02  0.2804E+00
  0.5800E+02  0.2979E+00
  0.5900E+02  0.3430E+00
  0.6000E+02  0.3302E+00
  0.6100E+02  0.3163E+00
  0.6200E+02  0.3333E+00
  0.6300E+02  0.2685E+00
  0.6400E+02  0.2627E+00
  0.6500E+02  0.3284E+00
  0.6600E+02  0.2359E+00
  0.6700E+02  0.2134E+00
  0.6800E+02  0.1631E+00
  0.6900E+02  0.2654E+00
  0.7000E+02  0.2980E+00
  0.7100E+02  0.2766E+00
  0.7200E+02  0.3519E+00
  0.7300E+02  0.3035E+00
  0.7400E+02  0.2825E+00
  0.7500E+02  0.3255E+00
  0.7600E+02  0.2109E+00
  0.7700E+02  0.3098E+00
  0.7800E+02  0.2558E+00
  0.7900E+02  0.2119E+00
  0.8000E+02  0.2822E+00
  0.8100E+02  0.3051E+00
  0.8200E+02  0.2352E+00
  0.8300E+02  0.3499E+00
  0.8400E+02  0.2303E+00
  0.8500E+02  0.2231E+00
  0.8600E+02  0.2143E+00
  0.8700E+02  0.1789E+00
  0.8800E+02  0.2838E+00
  0.8900E+02  0.2482E+00
  0.9000E+02  0.2495E+00
  0.9100E+02  0.2413E+00
  0.9200E+02  0.3043E+00
  0.9300E+02  0.2606E+00
  0.9400E+02  0.1901E+00
  0.9500E+02  0.2710E+00
  0.9600E+02  0.2713E+00
  0.9700E+02  0.2577E+00
  0.9800E+02  0.2302E+00
  0.9900E+02  0.2061E+00
  0.1000E+03  0.2819E+00
  0.1010E+03  0.2430E+00
  0.1020E+03  0.2888E+00
  0.1030E+03  0.1694E+00
  0.1040E+03  0.2550E+00
  0.1050E+03  0.2026E+00
  0.1060E+03  0.2544E+00
  0.1070E+03  0.3195E+00
  0.1080E+03  0.2206E+00
  0.1090E+03  0.2296E+00
  0.1100E+03  0.1788E+00
  0.1110E+03  0.2418E+00
  0.1120E+03  0.2298E+00
  0.1130E+03  0.2709E+00
  0.1140E+03  0.2614E+00
  0.1150E+03  0.2965E+00
  0.1160E+03  0.2303E+00
  0.1170E+03  0.2824E+00
  0.1180E+03  0.2382E+00
  0.1190E+03  0.2636E+00
  0.1200E+03  0.2948E+00
  0.1210E+03  0.1909E+00
  0.1220E+03  0.2507E+00
  0.1230E+03  0.2883E+00
  0.1240E+03  0.2252E+00
  0.1250E+03  0.2982E+00
  0.1260E+03  0.2496E+00
  0.1270E+03  0.3094E+00
  0.1280E+03  0.2357E+00
  0.1290E+03  0.2738E+00
  0.1300E+03  0.2772E+00
  0.1310E+03  0.2276E+00
  0.1320E+03  0.1961E+00
  0.1330E+03  0.2351E+00
  0.1340E+03  0.2623E+00
  0.1350E+03  0.3047E+00
  0.1360E+03  0.2834E+00
  0.1370E+03  0.2798E+00
  0.1380E+03  0.2756E+00
  0.1390E+03  0.3744E+00
  0.1400E+03  0.2417E+00
  0.1410E+03  0.2707E+00
  0.1420E+03  0.3749E+00
  0.1430E+03  0.3348E+00
  0.1440E+03  0.3640E+00
  0.1450E+03  0.3658E+00
  0.1460E+03  0.4027E+00
  0.1470E+03  0.4778E+00
  0.1480E+03  0.5846E+00
  0.1490E+03  0.5965E+00
  0.1500E+03  0.7740E+00
  0.1510E+03  0.8196E+00
  0.1520E+03  0.9590E+00
  0.1530E+03  0.9853E+00
  0.1540E+03  0.1150E+01
  0.1550E+03  0.1165E+01
  0.1560E+03  0.1197E+01
  0.1570E+03  0.1274E+01
  0.1580E+03  0.1256E+01
  0.1590E+03  0.1314E+01
  0.1600E+03  0.1368E+01
  0.1610E+03  0.1420E+01
  0.1620E+03  0.1168E+01
  0.1630E+03  0.1182E+01
  0.1640E+03  0.9848E+00
  0.1650E+03  0.1023E+01
  0.1660E+03  0.8999E+00
  0.1670E+03  0.7700E+00
  0.1680E+03  0.8241E+00
  0.1690E+03  0.5238E+00
  0.1700E+03  0.5332E+00
  0.1710E+03  0.4516E+00
  0.1720E+03  0.4001E+00
  0.1730E+03  0.3627E+00
  0.1740E+03  0.3255E+00
  0.1750E+03  0.2982E+00
  0.1760E+03  0.3194E+00
  0.1770E+03  0.3324E+00
  0.1780E+03  0.2326E+00
  0.1790E+03  0.2419E+00
  0.1800E+03  0.2340E+00
  0.1810E+03  0.2788E+00
  0.1820E+03  0.3280E+00
  0.1830E+03  0.2089E+00
  0.1840E+03  0.2955E+00
  0.1850E+03  0.1974E+00
  0.1860E+03  0.3219E+00
  0.1870E+03  0.2080E+00
  0.1880E+03  0.3582E+00
  0.1890E+03  0.3186E+00
  0.1900E+03  0.2896E+00
  0.1910E+03  0.2696E+00
  0.1920E+03  0.2733E+00
  0.1930E+03  0.2497E+00
  0.1940E+03  0.3053E+00
  0.1950E+03  0.2740E+00
  0.1960E+03  0.2550E+00
  0.1970E+03  0.2016E+00
  0.1980E+03  0.2847E+00
  0.1990E+03  0.2884E+00
  0.2000E+03  0.2936E+00
  0.2010E+03  0.3005E+00
  0.2020E+03  0.2313E+00
  0.2030E+03  0.2451E+00
  0.2040E+03  0.2511E+00
  0.2050E+03  0.2157E+00
  0.2060E+03  0.3509E+00
  0.2070E+03  0.3428E+00
  0.2080E+03  0.2782E+00
  0.2090E+03  0.3377E+00
  0.2100E+03  0.3249E+00
  0.2110E+03  0.3273E+00
  0.2120E+03  0.2864E+00
  0.2130E+03  0.3914E+00
  0.2140E+03  0.2314E+00
  0.2150E+03  0.2542E+00
  0.2160E+03  0.2229E+00
  0.2170E+03  0.3236E+00
  0.2180E+03  0.2819E+00
  0.2190E+03  0.3467E+00
  0.2200E+03  0.2660E+00
  0.2210E+03  0.3168E+00
  0.2220E+03  0.2623E+00
  0.2230E+03  0.2927E+00
  0.2240E+03  0.3701E+00
  0.2250E+03  0.3997E+00
  0.2260E+03  0.3702E+00
  0.2270E+03  0.3707E+00
  0.2280E+03  0.3449E+00
  0.2290E+03  0.2888E+00
  0.2300E+03  0.3165E+00
  0.2310E+03  0.4061E+00
  0.2320E+03  0.4046E+00
  0.2330E+03  0.4674E+00
  0.2340E+03  0.3427E+00
  0.2350E+03  0.3824E+00
  0.2360E+03  0.3227E+00
  0.2370E+03  0.3899E+00
  0.2380E+03  0.4031E+00
  0.2390E+03  0.3485E+00
  0.2400E+03  0.4167E+00
  0.2410E+03  0.3496E+00
  0.2420E+03  0.3545E+00
  0.2430E+03  0.5825E+00
  0.2440E+03  0.3791E+00
  0.2450E+03  0.4209E+00
  0.2460E+03  0.4979E+00
  0.2470E+03  0.4353E+00
  0.2480E+03  0.4359E+00
  0.2490E+03  0.3716E+00
  0.2500E+03  0.5416E+00
  0.2510E+03  0.4870E+00
  0.2520E+03  0.5457E+00
  0.2530E+03  0.4044E+00
  0.2540E+03  0.5303E+00
  0.2550E+03  0.4258E+00
  0.2560E+03  0.4631E+00
  0.2570E+03  0.4491E+00
  0.2580E+03  0.4447E+00
  0.2590E+03  0.4453E+00
  0.2600E+03  0.3723E+00
  0.2610E+03  0.4818E+00
  0.2620E+03  0.4701E+00
  0.2630E+03  0.5408E+00
  0.2640E+03  0.3217E+00
  0.2650E+03  0.4181E+00
  0.2660E+03  0.4879E+00
  0.2670E+03  0.4364E+00
  0.2680E+03  0.5598E+00
  0.2690E+03  0.5974E+00
  0.2700E+03  0.5082E+00
  0.2710E+03  0.5669E+00
  0.2720E+03  0.5922E+00
  0.2730E+03  0.4799E+00
  0.2740E+03  0.5110E+00
  0.2750E+03  0.5552E+00
  0.2760E+03  0.5274E+00
  0.2770E+03  0.4627E+00
  0.2780E+03  0.4774E+00
  0.2790E+03  0.5579E+00
  0.2800E+03  0.5306E+00
  0.2810E+03  0.5479E+00
  0.2820E+03  0.5712E+00
  0.2830E+03  0.5188E+00
  0.2840E+03  0.5683E+00
  0.2850E+03  0.5103E+00
  0.2860E+03  0.5072E+00
  0.2870E+03  0.6524E+00
  0.2880E+03  0.5092E+00
  0.2890E+03  0.5582E+00
  0.2900E+03  0.4573E+00
  0.2910E+03  0.6394E+00
  0.2920E+03  0.5477E+00
  0.2930E+03  0.4698E+00
  0.2940E+03  0.5525E+00
  0.2950E+03  0.4864E+00
  0.2960E+03  0.5026E+00
  0.2970E+03  0.5372E+00
  0.2980E+03  0.4977E+00
  0.2990E+03  0.5001E+00
  0.3000E+03  0.4589E+00
  0.3010E+03  0.5164E+00
  0.3020E+03  0.5574E+00
  0.3030E+03  0.5415E+00
  0.3040E+03  0.5140E+00
  0.3050E+03  0.5467E+00
  0.3060E+03  0.5993E+00
  0.3070E+03  0.6474E+00
  0.3080E+03  0.5579E+00
  0.3090E+03  0.5206E+00
  0.3100E+03  0.5404E+00
  0.3110E+03  0.5610E+00
  0.3120E+03  0.5716E+00
  0.3130E+03  0.6272E+00
  0.3140E+03  0.6381E+00
  0.3150E+03  0.6353E+00
  0.3160E+03  0.7070E+00
  0.3170E+03  0.6101E+00
  0.3180E+03  0.6003E+00
  0.3190E+03  0.6863E+00
  0.3200E+03  0.7782E+00
  0.3210E+03  0.8429E+00
  0.3220E+03  0.7763E+00
  0.3230E+03  0.7615E+00
  0.3240E+03  0.6618E+00
  0.3250E+03  0.7659E+00
  0.3260E+03  0.7651E+00
  0.3270E+03  0.8356E+00
  0.3280E+03  0.8841E+00
  0.3290E+03  0.7388E+00
  0.3300E+03  0.9020E+00
  0.3310E+03  0.8690E+00
  0.3320E+03  0.7529E+00
  0.3330E+03  0.8834E+00
  0.3340E+03  0.8666E+00
  0.3350E+03  0.8335E+00
  0.3360E+03  0.8996E+00
  0.3370E+03  0.8755E+00
  0.3380E+03  0.1005E+01
  0.3390E+03  0.9931E+00
  0.3400E+03  0.8864E+00
  0.3410E+03  0.9986E+00
  0.3420E+03  0.8662E+00
  0.3430E+03  0.7532E+00
  0.3440E+03  0.9327E+00
  0.3450E+03  0.8782E+00
  0.3460E+03  0.8897E+00
  0.3470E+03  0.8973E+00
  0.3480E+03  0.8613E+00
  0.3490E+03  0.8081E+00
  0.3500E+03  0.9373E+00
  0.3510E+03  0.9392E+00
  0.3520E+03  0.8293E+00
  0.3530E+03  0.8692E+00
  0.3540E+03  0.6451E+00
  0.3550E+03  0.8148E+00
  0.3560E+03  0.8449E+00
  0.3570E+03  0.6873E+00
  0.3580E+03  0.6554E+00
  0.3590E+03  0.5379E+00
  0.3600E+03  0.5538E+00
  0.3610E+03  0.6404E+00
  0.3620E+03  0.5791E+00
  0.3630E+03  0.5421E+00
  0.3640E+03  0.5225E+00
  0.3650E+03  0.4338E+00
  0.3660E+03  0.4813E+00
  0.3670E+03  0.3823E+00
  0.3680E+03  0.3546E+00
  0.3690E+03  0.4301E+00
  0.3700E+03  0.3617E+00
  0.3710E+03  0.4029E+00
  0.3720E+03  0.2696E+00
  0.3730E+03  0.2434E+00
  0.3740E+03  0.3496E+00
  0.3750E+03  0.3291E+00
  0.3760E+03  0.2656E+00
  0.3770E+03  0.2183E+00
  0.3780E+03  0.2000E+00
  0.3790E+03  0.1918E+00
  0.3800E+03  0.1258E+00
  0.3810E+03  0.1598E+00
  0.3820E+03  0.2411E+00
  0.3830E+03  0.1934E+00
  0.3840E+03  0.1628E+00
  0.3850E+03  0.1206E+00
  0.3860E+03  0.1201E+00
  0.3870E+03  0.2237E+00
  0.3880E+03  0.1519E+00
  0.3890E+03  0.1820E+00
  0.3900E+03  0.1268E+00
  0.3910E+03  0.1406E+00
  0.3920E+03  0.1519E+00
  0.3930E+03  0.9094E-01
  0.3940E+03  0.2188E+00
  0.3950E+03  0.1645E+00
  0.3960E+03  0.1595E+00
  0.3970E+03  0.1646E+00
  0.3980E+03  0.1353E+00
  0.3990E+03  0.1564E+00
  0.4000E+03  0.1859E+00
  0.4010E+03  0.1655E+00
  0.4020E+03  0.1576E+00
  0.4030E+03  0.2201E+00
  0.4040E+03  0.2702E+00
  0.4050E+03  0.2279E+00
  0.4060E+03  0.1732E+00
  0.4070E+03  0.2483E+00
  0.4080E+03  0.2333E+00
  0.4090E+03  0.2709E+00
  0.4100E+03  0.2442E+00
  0.4110E+03  0.2471E+00
  0.4120E+03  0.2897E+00
  0.4130E+03  0.2848E+00
  0.4140E+03  0.3117E+00
  0.4150E+03  0.3349E+00
  0.4160E+03  0.4220E+00
  0.4170E+03  0.3635E+00
  0.4180E+03  0.5214E+00
  0.4190E+03  0.3889E+00
  0.4200E+03  0.4532E+00
  0.4210E+03  0.5812E+00
  0.4220E+03  0.5229E+00
  0.4230E+03  0.5407E+00
  0.4240E+03  0.6654E+00
  0.4250E+03  0.6410E+00
  0.4260E+03  0.7684E+00
  0.4270E+03  0.7202E+00
  0.4280E+03  0.7707E+00
  0.4290E+03  0.7886E+00
  0.4300E+03  0.7846E+00
  0.4310E+03  0.8283E+00
  0.4320E+03  0.8116E+00
  0.4330E+03  0.9675E+00
  0.4340E+03  0.7956E+00
  0.4350E+03  0.9264E+00
  0.4360E+03  0.9791E+00
  0.4370E+03  0.1080E+01
  0.4380E+03  0.8835E+00
  0.4390E+03  0.1031E+01
  0.4400E+03  0.1041E+01
  0.4410E+03  0.9526E+00
  0.4420E+03  0.9912E+00
  0.4430E+03  0.9992E+00
  0.4440E+03  0.8637E+00
  0.4450E+03  0.9715E+00
  0.4460E+03  0.9927E+00
  0.4470E+03  0.8837E+00
  0.4480E+03  0.8781E+00
  0.4490E+03  0.8490E+00
  0.4500E+03  0.8026E+00
  0.4510E+03  0.8260E+00
  0.4520E+03  0.8064E+00
  0.4530E+03  0.7591E+00
  0.4540E+03  0.7002E+00
  0.4550E+03  0.5442E+00
  0.4560E+03  0.6436E+00
  0.4570E+03  0.6451E+00
  0.4580E+03  0.6549E+00
  0.4590E+03  0.5117E+00
  0.4600E+03  0.5373E+00
  0.4610E+03  0.4654E+00
  0.4620E+03  0.4318E+00
  0.4630E+03  0.4366E+00
  0.4640E+03  0.3028E+00
  0.4650E+03  0.4695E+00
  0.4660E+03  0.3655E+00
  0.4670E+03  0.3667E+00
  0.4680E+03  0.3436E+00
  0.4690E+03  0.3020E+00
  0.4700E+03  0.3315E+00
  0.4710E+03  0.4467E+00
  0.4720E+03  0.2858E+00
  0.4730E+03  0.3333E+00
  0.4740E+03  0.2935E+00
  0.4750E+03  0.3014E+00
  0.4760E+03  0.3436E+00
  0.4770E+03  0.3690E+00
  0.4780E+03  0.3739E+00
  0.4790E+03  0.3349E+00
  0.4800E+03  0.4479E+00
  0.4810E+03  0.4506E+00
  0.4820E+03  0.4418E+00
  0.4830E+03  0.4970E+00
  0.4840E+03  0.4998E+00
  0.4850E+03  0.4881E+00
  0.4860E+03  0.5332E+00
  0.4870E+03  0.7058E+00
  0.4880E+03  0.5479E+00
  0.4890E+03  0.6290E+00
  0.4900E+03  0.7350E+00
  0.4910E+03  0.7636E+00
  0.4920E+03  0.9130E+00
  0.4930E+03  0.9413E+00
  0.4940E+03  0.1039E+01
  0.4950E+03  0.1044E+01
  0.4960E+03  0.1068E+01
  0.4970E+03  0.1172E+01
  0.4980E+03  0.1330E+01
  0.4990E+03  0.1295E+01
  0.5000E+03  0.1427E+01
  0.5010E+03  0.1479E+01
  0.5020E+03  0.1484E+01
  0.5030E+03  0.1744E+01
  0.5040E+03  0.1667E+01
  0.5050E+03  0.1868E+01
  0.5060E+03  0.2114E+01
  0.5070E+03  0.1914E+01
  0.5080E+03  0.2101E+01
  0.5090E+03  0.2298E+01
  0.5100E+03  0.2287E+01
  0.5110E+03  0.0000E+00
  0.5120E+03  0.0000E+00
