  0.1000E+01  0.2866E+00
  0.2000E+01  0.2485E+00
  0.3000E+01  0.2572E+00
  0.4000E+01  0.2935E+00
  0.5000E+01  0.2692E+00
  0.6000E+01  0.2987E+00
  0.7000E+01  0.4418E+00
  0.8000E+01  0.4281E+00
  0.9000E+01  0.2970E+00
  0.1000E+02  0.2426E+00
  0.1100E+02  0.4071E+00
  0.1200E+02  0.3576E+00
  0.1300E+02  0.3923E+00
  0.1400E+02  0.3129E+00
  0.1500E+02  0.2959E+00
  0.1600E+02  0.3723E+00
  0.1700E+02  0.2703E+00
  0.1800E+02  0.3301E+00
  0.1900E+02  0.3722E+00
  0.2000E+02  0.3041E+00
  0.2100E+02  0.3364E+00
  0.2200E+02  0.3040E+00
  0.2300E+02  0.2739E+00
  0.2400E+02  0.3757E+00
  0.2500E+02  0.2688E+00
  0.2600E+02  0.3012E+00
  0.2700E+02  0.3383E+00
  0.2800E+02  0.3059E+00
  0.2900E+02  0.3164E+00
  0.3000E+02  0.2581E+00
  0.3100E+02  0.3134E+00
  0.3200E+02  0.2831E+00
  0.3300E+02  0.2697E+00
  0.3400E+02  0.2493E+00
  0.3500E+02  0.2682E+00
  0.3600E+02  0.2485E+00
  0.3700E+02  0.2820E+00
  0.3800E+02  0.3119E+00
  0.3900E+02  0.3042E+00
  0.4000E+02  0.3566E+00
  0.4100E+02  0.2258E+00
  0.4200E+02  0.2675E+00
  0.4300E+02  0.3535E+00
  0.4400E+02  0.2970E+00
  0.4500E+02  0.2826E+00
  0.4600E+02  0.3159E+00
  0.4700E+02  0.3227E+00
  0.4800E+02  0.3816E+00
  0.4900E+02  0.3831E+00
  0.5000E+02  0.2536E+00
  0.5100E+02  0.3066E+00
  0.5200E+02  0.2545E+00
  0.5300E+02  0.3247E+00
  0.5400E+02  0.3641E+00
  0.5500E+02  0.3763E+00
  0.5600E+02  0.3337E+00
  0.5700E+02  0.3313E+00
  0.5800E+02  0.3936E+00
  0.5900E+02  0.3667E+00
  0.6000E+02  0.3598E+00
  0.6100E+02  0.4214E+00
  0.6200E+02  0.2806E+00
  0.6300E+02  0.3960E+00
  0.6400E+02  0.5166E+00
  0.6500E+02  0.3911E+00
  0.6600E+02  0.4375E+00
  0.6700E+02  0.4671E+00
  0.6800E+02  0.3832E+00
  0.6900E+02  0.3519E+00
  0.7000E+02  0.4315E+00
  0.7100E+02  0.4020E+00
  0.7200E+02  0.3780E+00
  0.7300E+02  0.4571E+00
  0.7400E+02  0.5002E+00
  0.7500E+02  0.5384E+00
  0.7600E+02  0.4059E+00
  0.7700E+02  0.4223E+00
  0.7800E+02  0.4594E+00
  0.7900E+02  0.3227E+00
  0.8000E+02  0.5361E+00
  0.8100E+02  0.5438E+00
  0.8200E+02  0.4121E+00
  0.8300E+02  0.4877E+00
  0.8400E+02  0.4625E+00
  0.8500E+02  0.5053E+00
  0.8600E+02  0.4701E+00
  0.8700E+02  0.4878E+00
  0.8800E+02  0.5536E+00
  0.8900E+02  0.5238E+00
  0.9000E+02  0.5626E+00
  0.9100E+02  0.4713E+00
  0.9200E+02  0.5543E+00
  0.9300E+02  0.4075E+00
  0.9400E+02  0.4906E+00
  0.9500E+02  0.4498E+00
  0.9600E+02  0.5075E+00
  0.9700E+02  0.6227E+00
  0.9800E+02  0.4594E+00
  0.9900E+02  0.4852E+00
  0.1000E+03  0.4391E+00
  0.1010E+03  0.5295E+00
  0.1020E+03  0.5122E+00
  0.1030E+03  0.5231E+00
  0.1040E+03  0.4764E+00
  0.1050E+03  0.4215E+00
  0.1060E+03  0.5012E+00
  0.1070E+03  0.5684E+00
  0.1080E+03  0.6169E+00
  0.1090E+03  0.5082E+00
  0.1100E+03  0.4092E+00
  0.1110E+03  0.5053E+00
  0.1120E+03  0.5952E+00
  0.1130E+03  0.5197E+00
  0.1140E+03  0.5127E+00
  0.1150E+03  0.5276E+00
  0.1160E+03  0.4996E+00
  0.1170E+03  0.4467E+00
  0.1180E+03  0.6380E+00
  0.1190E+03  0.4981E+00
  0.1200E+03  0.5398E+00
  0.1210E+03  0.5632E+00
  0.1220E+03  0.5125E+00
  0.1230E+03  0.5490E+00
  0.1240E+03  0.4573E+00
  0.1250E+03  0.6026E+00
  0.1260E+03  0.4343E+00
  0.1270E+03  0.5668E+00
  0.1280E+03  0.5174E+00
  0.1290E+03  0.5235E+00
  0.1300E+03  0.5383E+00
  0.1310E+03  0.5109E+00
  0.1320E+03  0.5292E+00
  0.1330E+03  0.5401E+00
  0.1340E+03  0.6439E+00
  0.1350E+03  0.5212E+00
  0.1360E+03  0.5715E+00
  0.1370E+03  0.6022E+00
  0.1380E+03  0.5647E+00
  0.1390E+03  0.6209E+00
  0.1400E+03  0.6113E+00
  0.1410E+03  0.6395E+00
  0.1420E+03  0.6554E+00
  0.1430E+03  0.4949E+00
  0.1440E+03  0.6745E+00
  0.1450E+03  0.6472E+00
  0.1460E+03  0.5894E+00
  0.1470E+03  0.6472E+00
  0.1480E+03  0.5935E+00
  0.1490E+03  0.5492E+00
  0.1500E+03  0.6296E+00
  0.1510E+03  0.6782E+00
  0.1520E+03  0.6718E+00
  0.1530E+03  0.6730E+00
  0.1540E+03  0.8330E+00
  0.1550E+03  0.6155E+00
  0.1560E+03  0.6109E+00
  0.1570E+03  0.6927E+00
  0.1580E+03  0.7077E+00
  0.1590E+03  0.7270E+00
  0.1600E+03  0.7752E+00
  0.1610E+03  0.8473E+00
  0.1620E+03  0.7172E+00
  0.1630E+03  0.7507E+00
  0.1640E+03  0.7483E+00
  0.1650E+03  0.7286E+00
  0.1660E+03  0.8570E+00
  0.1670E+03  0.8506E+00
  0.1680E+03  0.7398E+00
  0.1690E+03  0.6048E+00
  0.1700E+03  0.8429E+00
  0.1710E+03  0.8117E+00
  0.1720E+03  0.8002E+00
  0.1730E+03  0.7743E+00
  0.1740E+03  0.7961E+00
  0.1750E+03  0.8167E+00
  0.1760E+03  0.7671E+00
  0.1770E+03  0.7838E+00
  0.1780E+03  0.7190E+00
  0.1790E+03  0.6018E+00
  0.1800E+03  0.6688E+00
  0.1810E+03  0.6681E+00
  0.1820E+03  0.7401E+00
  0.1830E+03  0.8201E+00
  0.1840E+03  0.7664E+00
  0.1850E+03  0.5653E+00
  0.1860E+03  0.6346E+00
  0.1870E+03  0.7500E+00
  0.1880E+03  0.6924E+00
  0.1890E+03  0.5153E+00
  0.1900E+03  0.5163E+00
  0.1910E+03  0.7136E+00
  0.1920E+03  0.6167E+00
  0.1930E+03  0.4516E+00
  0.1940E+03  0.5789E+00
  0.1950E+03  0.5973E+00
  0.1960E+03  0.5163E+00
  0.1970E+03  0.4749E+00
  0.1980E+03  0.4736E+00
  0.1990E+03  0.4863E+00
  0.2000E+03  0.4735E+00
  0.2010E+03  0.4999E+00
  0.2020E+03  0.4109E+00
  0.2030E+03  0.4485E+00
  0.2040E+03  0.4175E+00
  0.2050E+03  0.3747E+00
  0.2060E+03  0.4055E+00
  0.2070E+03  0.5154E+00
  0.2080E+03  0.4573E+00
  0.2090E+03  0.3796E+00
  0.2100E+03  0.3937E+00
  0.2110E+03  0.3930E+00
  0.2120E+03  0.3633E+00
  0.2130E+03  0.3951E+00
  0.2140E+03  0.3534E+00
  0.2150E+03  0.3879E+00
  0.2160E+03  0.4314E+00
  0.2170E+03  0.3456E+00
  0.2180E+03  0.3912E+00
  0.2190E+03  0.2411E+00
  0.2200E+03  0.3776E+00
  0.2210E+03  0.3534E+00
  0.2220E+03  0.2751E+00
  0.2230E+03  0.2046E+00
  0.2240E+03  0.3047E+00
  0.2250E+03  0.2811E+00
  0.2260E+03  0.3722E+00
  0.2270E+03  0.2669E+00
  0.2280E+03  0.2485E+00
  0.2290E+03  0.3281E+00
  0.2300E+03  0.2158E+00
  0.2310E+03  0.3006E+00
  0.2320E+03  0.2306E+00
  0.2330E+03  0.2447E+00
  0.2340E+03  0.2441E+00
  0.2350E+03  0.3123E+00
  0.2360E+03  0.2601E+00
  0.2370E+03  0.2318E+00
  0.2380E+03  0.2696E+00
  0.2390E+03  0.2417E+00
  0.2400E+03  0.1769E+00
  0.2410E+03  0.2280E+00
  0.2420E+03  0.2734E+00
  0.2430E+03  0.1856E+00
  0.2440E+03  0.2637E+00
  0.2450E+03  0.1921E+00
  0.2460E+03  0.2370E+00
  0.2470E+03  0.2215E+00
  0.2480E+03  0.1606E+00
  0.2490E+03  0.1984E+00
  0.2500E+03  0.1489E+00
  0.2510E+03  0.2608E+00
  0.2520E+03  0.2226E+00
  0.2530E+03  0.2253E+00
  0.2540E+03  0.1849E+00
  0.2550E+03  0.1942E+00
  0.2560E+03  0.1781E+00
  0.2570E+03  0.2250E+00
  0.2580E+03  0.1827E+00
  0.2590E+03  0.1929E+00
  0.2600E+03  0.2191E+00
  0.2610E+03  0.1816E+00
  0.2620E+03  0.2278E+00
  0.2630E+03  0.1938E+00
  0.2640E+03  0.1910E+00
  0.2650E+03  0.1967E+00
  0.2660E+03  0.1293E+00
  0.2670E+03  0.1546E+00
  0.2680E+03  0.1978E+00
  0.2690E+03  0.2037E+00
  0.2700E+03  0.1569E+00
  0.2710E+03  0.1845E+00
  0.2720E+03  0.1323E+00
  0.2730E+03  0.2232E+00
  0.2740E+03  0.1905E+00
  0.2750E+03  0.1419E+00
  0.2760E+03  0.9973E-01
  0.2770E+03  0.1863E+00
  0.2780E+03  0.1719E+00
  0.2790E+03  0.1583E+00
  0.2800E+03  0.1630E+00
  0.2810E+03  0.1467E+00
  0.2820E+03  0.1365E+00
  0.2830E+03  0.1147E+00
  0.2840E+03  0.1022E+00
  0.2850E+03  0.1455E+00
  0.2860E+03  0.1050E+00
  0.2870E+03  0.1182E+00
  0.2880E+03  0.1613E+00
  0.2890E+03  0.1067E+00
  0.2900E+03  0.1306E+00
  0.2910E+03  0.1079E+00
  0.2920E+03  0.1376E+00
  0.2930E+03  0.1293E+00
  0.2940E+03  0.1045E+00
  0.2950E+03  0.1200E+00
  0.2960E+03  0.1180E+00
  0.2970E+03  0.1125E+00
  0.2980E+03  0.1190E+00
  0.2990E+03  0.1607E+00
  0.3000E+03  0.1546E+00
  0.3010E+03  0.1477E+00
  0.3020E+03  0.8323E-01
  0.3030E+03  0.6178E-01
  0.3040E+03  0.1047E+00
  0.3050E+03  0.8632E-01
  0.3060E+03  0.8461E-01
  0.3070E+03  0.8283E-01
  0.3080E+03  0.1083E+00
  0.3090E+03  0.1327E+00
  0.3100E+03  0.1063E+00
  0.3110E+03  0.1396E+00
  0.3120E+03  0.7592E-01
  0.3130E+03  0.1344E+00
  0.3140E+03  0.1014E+00
  0.3150E+03  0.7661E-01
  0.3160E+03  0.1056E+00
  0.3170E+03  0.6271E-01
  0.3180E+03  0.7536E-01
  0.3190E+03  0.7998E-01
  0.3200E+03  0.5740E-01
  0.3210E+03  0.7418E-01
  0.3220E+03  0.5124E-01
  0.3230E+03  0.8115E-01
  0.3240E+03  0.9123E-01
  0.3250E+03  0.1088E+00
  0.3260E+03  0.1104E+00
  0.3270E+03  0.8518E-01
  0.3280E+03  0.8659E-01
  0.3290E+03  0.6795E-01
  0.3300E+03  0.8340E-01
  0.3310E+03  0.5452E-01
  0.3320E+03  0.6898E-01
  0.3330E+03  0.1017E+00
  0.3340E+03  0.9484E-01
  0.3350E+03  0.8015E-01
  0.3360E+03  0.7745E-01
  0.3370E+03  0.9264E-01
  0.3380E+03  0.9350E-01
  0.3390E+03  0.5900E-01
  0.3400E+03  0.6537E-01
  0.3410E+03  0.8331E-01
  0.3420E+03  0.5766E-01
  0.3430E+03  0.4217E-01
  0.3440E+03  0.4823E-01
  0.3450E+03  0.6765E-01
  0.3460E+03  0.4799E-01
  0.3470E+03  0.4227E-01
  0.3480E+03  0.2614E-01
  0.3490E+03  0.1110E+00
  0.3500E+03  0.6379E-01
  0.3510E+03  0.7951E-01
  0.3520E+03  0.7988E-01
  0.3530E+03  0.9728E-01
  0.3540E+03  0.6990E-01
  0.3550E+03  0.4096E-01
  0.3560E+03  0.5445E-01
  0.3570E+03  0.1015E+00
  0.3580E+03  0.3191E-01
  0.3590E+03  0.5023E-01
  0.3600E+03  0.8133E-01
  0.3610E+03  0.4466E-01
  0.3620E+03  0.2423E-01
  0.3630E+03  0.5799E-01
  0.3640E+03  0.5525E-01
  0.3650E+03  0.5564E-01
  0.3660E+03  0.4150E-01
  0.3670E+03  0.6752E-01
  0.3680E+03  0.4857E-01
  0.3690E+03  0.3447E-01
  0.3700E+03  0.8307E-01
  0.3710E+03  0.6679E-01
  0.3720E+03  0.6625E-01
  0.3730E+03  0.8731E-01
  0.3740E+03  0.4930E-01
  0.3750E+03  0.5737E-01
  0.3760E+03  0.4809E-01
  0.3770E+03  0.5581E-01
  0.3780E+03  0.3512E-01
  0.3790E+03  0.4686E-01
  0.3800E+03  0.1923E-01
  0.3810E+03  0.3907E-01
  0.3820E+03  0.4590E-01
  0.3830E+03  0.2590E-01
  0.3840E+03  0.2992E-01
  0.3850E+03  0.5417E-01
  0.3860E+03  0.5237E-01
  0.3870E+03  0.2663E-01
  0.3880E+03  0.3311E-01
  0.3890E+03  0.5304E-01
  0.3900E+03  0.2856E-01
  0.3910E+03  0.4075E-01
  0.3920E+03  0.6675E-01
  0.3930E+03  0.4487E-01
  0.3940E+03  0.3746E-01
  0.3950E+03  0.5975E-01
  0.3960E+03  0.2777E-01
  0.3970E+03  0.6118E-01
  0.3980E+03  0.8408E-01
  0.3990E+03  0.2907E-01
  0.4000E+03  0.3717E-01
  0.4010E+03  0.2565E-01
  0.4020E+03  0.2156E-01
  0.4030E+03  0.2517E-01
  0.4040E+03  0.4309E-01
  0.4050E+03  0.2079E-01
  0.4060E+03  0.4492E-01
  0.4070E+03  0.3665E-01
  0.4080E+03  0.4554E-01
  0.4090E+03  0.4413E-01
  0.4100E+03  0.6776E-01
  0.4110E+03  0.3315E-01
  0.4120E+03  0.2280E-01
  0.4130E+03  0.3430E-01
  0.4140E+03  0.4274E-01
  0.4150E+03  0.3504E-01
  0.4160E+03  0.3687E-01
  0.4170E+03  0.2733E-01
  0.4180E+03  0.2500E-01
  0.4190E+03  0.2856E-01
  0.4200E+03  0.4513E-01
  0.4210E+03  0.3267E-01
  0.4220E+03  0.2583E-01
  0.4230E+03  0.3420E-01
  0.4240E+03  0.1106E-01
  0.4250E+03  0.4235E-01
  0.4260E+03  0.7312E-02
  0.4270E+03  0.2522E-01
  0.4280E+03  0.1960E-01
  0.4290E+03  0.1816E-01
  0.4300E+03  0.2546E-01
  0.4310E+03  0.1988E-01
  0.4320E+03  0.2426E-01
  0.4330E+03  0.1366E-01
  0.4340E+03  0.2806E-01
  0.4350E+03  0.1185E-01
  0.4360E+03  0.1522E-01
  0.4370E+03  0.2009E-01
  0.4380E+03  0.3296E-01
  0.4390E+03  0.1688E-01
  0.4400E+03  0.2374E-01
  0.4410E+03  0.1534E-01
  0.4420E+03  0.5738E-01
  0.4430E+03  0.2081E-01
  0.4440E+03  0.0000E+00
  0.4450E+03  0.1626E-01
  0.4460E+03  0.3898E-01
  0.4470E+03  0.2599E-01
  0.4480E+03  0.2135E-01
  0.4490E+03  0.2398E-01
  0.4500E+03  0.1889E-01
  0.4510E+03  0.5389E-02
  0.4520E+03  0.4150E-01
  0.4530E+03  0.2928E-01
  0.4540E+03  0.1826E-01
  0.4550E+03  0.1157E-01
  0.4560E+03  0.1841E-01
  0.4570E+03  0.1892E-01
  0.4580E+03  0.4759E-02
  0.4590E+03  0.1577E-01
  0.4600E+03  0.2933E-01
  0.4610E+03  0.7928E-02
  0.4620E+03  0.3026E-02
  0.4630E+03  0.4309E-01
  0.4640E+03  0.1671E-01
  0.4650E+03  0.1165E-01
  0.4660E+03  0.1260E-01
  0.4670E+03  0.8597E-02
  0.4680E+03  0.1680E-01
  0.4690E+03  0.2610E-02
  0.4700E+03  0.3854E-01
  0.4710E+03  0.1313E-01
  0.4720E+03  0.1302E-01
  0.4730E+03  0.1284E-01
  0.4740E+03  0.3408E-02
  0.4750E+03  0.6044E-02
  0.4760E+03  0.1049E-01
  0.4770E+03  0.7988E-03
  0.4780E+03  0.0000E+00
  0.4790E+03  0.1366E-01
  0.4800E+03  0.2171E-01
  0.4810E+03  0.1092E-01
  0.4820E+03  0.7948E-02
  0.4830E+03  0.1440E-01
  0.4840E+03  0.1139E-01
  0.4850E+03  0.1001E-01
  0.4860E+03  0.4503E-02
  0.4870E+03  0.4981E-02
  0.4880E+03  0.6730E-02
  0.4890E+03  0.1735E-01
  0.4900E+03  0.1835E-01
  0.4910E+03  0.9332E-02
  0.4920E+03  0.1187E-01
  0.4930E+03  0.7275E-02
  0.4940E+03  0.7180E-02
  0.4950E+03  0.5085E-02
  0.4960E+03  0.0000E+00
  0.4970E+03  0.7592E-02
  0.4980E+03  0.1247E-01
  0.4990E+03  0.2375E-02
  0.5000E+03  0.5644E-02
  0.5010E+03  0.0000E+00
  0.5020E+03  0.2411E-01
  0.5030E+03  0.9332E-02
  0.5040E+03  0.9299E-02
  0.5050E+03  0.2067E-01
  0.5060E+03  0.1913E-01
  0.5070E+03  0.0000E+00
  0.5080E+03  0.1292E-01
  0.5090E+03  0.5268E-02
  0.5100E+03  0.0000E+00
  0.5110E+03  0.0000E+00
  0.5120E+03  0.0000E+00
