  0.1000E+01  0.4706E+02
  0.2000E+01  0.5193E+02
  0.3000E+01  0.5407E+02
  0.4000E+01  0.5709E+02
  0.5000E+01  0.5861E+02
  0.6000E+01  0.5830E+02
  0.7000E+01  0.5840E+02
  0.8000E+01  0.5859E+02
  0.9000E+01  0.5978E+02
  0.1000E+02  0.5971E+02
  0.1100E+02  0.5871E+02
  0.1200E+02  0.5991E+02
  0.1300E+02  0.5953E+02
  0.1400E+02  0.5963E+02
  0.1500E+02  0.5927E+02
  0.1600E+02  0.5865E+02
  0.1700E+02  0.5900E+02
  0.1800E+02  0.5957E+02
  0.1900E+02  0.6003E+02
  0.2000E+02  0.5762E+02
  0.2100E+02  0.5981E+02
  0.2200E+02  0.5881E+02
  0.2300E+02  0.5830E+02
  0.2400E+02  0.5833E+02
  0.2500E+02  0.5944E+02
  0.2600E+02  0.5888E+02
  0.2700E+02  0.5763E+02
  0.2800E+02  0.5801E+02
  0.2900E+02  0.5872E+02
  0.3000E+02  0.5770E+02
  0.3100E+02  0.5751E+02
  0.3200E+02  0.5743E+02
  0.3300E+02  0.5865E+02
  0.3400E+02  0.5763E+02
  0.3500E+02  0.5782E+02
  0.3600E+02  0.5828E+02
  0.3700E+02  0.5739E+02
  0.3800E+02  0.5744E+02
  0.3900E+02  0.5762E+02
  0.4000E+02  0.5642E+02
  0.4100E+02  0.5741E+02
  0.4200E+02  0.5799E+02
  0.4300E+02  0.5731E+02
  0.4400E+02  0.5784E+02
  0.4500E+02  0.5925E+02
  0.4600E+02  0.5862E+02
  0.4700E+02  0.5863E+02
  0.4800E+02  0.5929E+02
  0.4900E+02  0.6096E+02
  0.5000E+02  0.6122E+02
  0.5100E+02  0.6329E+02
  0.5200E+02  0.6430E+02
  0.5300E+02  0.6530E+02
  0.5400E+02  0.6640E+02
  0.5500E+02  0.6747E+02
  0.5600E+02  0.6985E+02
  0.5700E+02  0.6967E+02
  0.5800E+02  0.7126E+02
  0.5900E+02  0.7179E+02
  0.6000E+02  0.7412E+02
  0.6100E+02  0.7554E+02
  0.6200E+02  0.7725E+02
  0.6300E+02  0.7967E+02
  0.6400E+02  0.8057E+02
  0.6500E+02  0.8316E+02
  0.6600E+02  0.8402E+02
  0.6700E+02  0.8389E+02
  0.6800E+02  0.8616E+02
  0.6900E+02  0.8842E+02
  0.7000E+02  0.8892E+02
  0.7100E+02  0.9106E+02
  0.7200E+02  0.9100E+02
  0.7300E+02  0.9159E+02
  0.7400E+02  0.9411E+02
  0.7500E+02  0.9411E+02
  0.7600E+02  0.9611E+02
  0.7700E+02  0.9734E+02
  0.7800E+02  0.9656E+02
  0.7900E+02  0.9814E+02
  0.8000E+02  0.9963E+02
  0.8100E+02  0.1013E+03
  0.8200E+02  0.9953E+02
  0.8300E+02  0.1020E+03
  0.8400E+02  0.1013E+03
  0.8500E+02  0.1017E+03
  0.8600E+02  0.1010E+03
  0.8700E+02  0.1022E+03
  0.8800E+02  0.1022E+03
  0.8900E+02  0.1021E+03
  0.9000E+02  0.1017E+03
  0.9100E+02  0.1013E+03
  0.9200E+02  0.1025E+03
  0.9300E+02  0.1033E+03
  0.9400E+02  0.1023E+03
  0.9500E+02  0.1025E+03
  0.9600E+02  0.1022E+03
  0.9700E+02  0.1035E+03
  0.9800E+02  0.1014E+03
  0.9900E+02  0.1028E+03
  0.1000E+03  0.1025E+03
  0.1010E+03  0.1024E+03
  0.1020E+03  0.1014E+03
  0.1030E+03  0.1023E+03
  0.1040E+03  0.1001E+03
  0.1050E+03  0.1006E+03
  0.1060E+03  0.1001E+03
  0.1070E+03  0.1021E+03
  0.1080E+03  0.1013E+03
  0.1090E+03  0.1004E+03
  0.1100E+03  0.1015E+03
  0.1110E+03  0.1015E+03
  0.1120E+03  0.1012E+03
  0.1130E+03  0.1003E+03
  0.1140E+03  0.1024E+03
  0.1150E+03  0.1025E+03
  0.1160E+03  0.1013E+03
  0.1170E+03  0.1011E+03
  0.1180E+03  0.1016E+03
  0.1190E+03  0.1028E+03
  0.1200E+03  0.1016E+03
  0.1210E+03  0.1035E+03
  0.1220E+03  0.1027E+03
  0.1230E+03  0.1032E+03
  0.1240E+03  0.1040E+03
  0.1250E+03  0.1049E+03
  0.1260E+03  0.1064E+03
  0.1270E+03  0.1052E+03
  0.1280E+03  0.1083E+03
  0.1290E+03  0.1082E+03
  0.1300E+03  0.1075E+03
  0.1310E+03  0.1073E+03
  0.1320E+03  0.1066E+03
  0.1330E+03  0.1078E+03
  0.1340E+03  0.1084E+03
  0.1350E+03  0.1091E+03
  0.1360E+03  0.1090E+03
  0.1370E+03  0.1102E+03
  0.1380E+03  0.1114E+03
  0.1390E+03  0.1112E+03
  0.1400E+03  0.1104E+03
  0.1410E+03  0.1124E+03
  0.1420E+03  0.1132E+03
  0.1430E+03  0.1122E+03
  0.1440E+03  0.1139E+03
  0.1450E+03  0.1151E+03
  0.1460E+03  0.1149E+03
  0.1470E+03  0.1157E+03
  0.1480E+03  0.1169E+03
  0.1490E+03  0.1171E+03
  0.1500E+03  0.1167E+03
  0.1510E+03  0.1176E+03
  0.1520E+03  0.1179E+03
  0.1530E+03  0.1169E+03
  0.1540E+03  0.1194E+03
  0.1550E+03  0.1204E+03
  0.1560E+03  0.1208E+03
  0.1570E+03  0.1242E+03
  0.1580E+03  0.1240E+03
  0.1590E+03  0.1240E+03
  0.1600E+03  0.1274E+03
  0.1610E+03  0.1296E+03
  0.1620E+03  0.1308E+03
  0.1630E+03  0.1329E+03
  0.1640E+03  0.1363E+03
  0.1650E+03  0.1391E+03
  0.1660E+03  0.1434E+03
  0.1670E+03  0.1460E+03
  0.1680E+03  0.1491E+03
  0.1690E+03  0.1510E+03
  0.1700E+03  0.1559E+03
  0.1710E+03  0.1570E+03
  0.1720E+03  0.1616E+03
  0.1730E+03  0.1658E+03
  0.1740E+03  0.1684E+03
  0.1750E+03  0.1701E+03
  0.1760E+03  0.1689E+03
  0.1770E+03  0.1729E+03
  0.1780E+03  0.1743E+03
  0.1790E+03  0.1755E+03
  0.1800E+03  0.1741E+03
  0.1810E+03  0.1705E+03
  0.1820E+03  0.1714E+03
  0.1830E+03  0.1705E+03
  0.1840E+03  0.1664E+03
  0.1850E+03  0.1662E+03
  0.1860E+03  0.1648E+03
  0.1870E+03  0.1616E+03
  0.1880E+03  0.1576E+03
  0.1890E+03  0.1557E+03
  0.1900E+03  0.1529E+03
  0.1910E+03  0.1509E+03
  0.1920E+03  0.1495E+03
  0.1930E+03  0.1448E+03
  0.1940E+03  0.1440E+03
  0.1950E+03  0.1396E+03
  0.1960E+03  0.1365E+03
  0.1970E+03  0.1345E+03
  0.1980E+03  0.1315E+03
  0.1990E+03  0.1297E+03
  0.2000E+03  0.1277E+03
  0.2010E+03  0.1241E+03
  0.2020E+03  0.1214E+03
  0.2030E+03  0.1192E+03
  0.2040E+03  0.1171E+03
  0.2050E+03  0.1140E+03
  0.2060E+03  0.1130E+03
  0.2070E+03  0.1103E+03
  0.2080E+03  0.1098E+03
  0.2090E+03  0.1057E+03
  0.2100E+03  0.1039E+03
  0.2110E+03  0.1020E+03
  0.2120E+03  0.1011E+03
  0.2130E+03  0.9784E+02
  0.2140E+03  0.9677E+02
  0.2150E+03  0.9497E+02
  0.2160E+03  0.9379E+02
  0.2170E+03  0.9160E+02
  0.2180E+03  0.8893E+02
  0.2190E+03  0.8962E+02
  0.2200E+03  0.8654E+02
  0.2210E+03  0.8612E+02
  0.2220E+03  0.8333E+02
  0.2230E+03  0.8237E+02
  0.2240E+03  0.8089E+02
  0.2250E+03  0.7960E+02
  0.2260E+03  0.7815E+02
  0.2270E+03  0.7650E+02
  0.2280E+03  0.7592E+02
  0.2290E+03  0.7587E+02
  0.2300E+03  0.7257E+02
  0.2310E+03  0.7281E+02
  0.2320E+03  0.7187E+02
  0.2330E+03  0.7035E+02
  0.2340E+03  0.6857E+02
  0.2350E+03  0.6899E+02
  0.2360E+03  0.6702E+02
  0.2370E+03  0.6545E+02
  0.2380E+03  0.6538E+02
  0.2390E+03  0.6373E+02
  0.2400E+03  0.6366E+02
  0.2410E+03  0.6224E+02
  0.2420E+03  0.6208E+02
  0.2430E+03  0.6067E+02
  0.2440E+03  0.5908E+02
  0.2450E+03  0.5825E+02
  0.2460E+03  0.5889E+02
  0.2470E+03  0.5800E+02
  0.2480E+03  0.5707E+02
  0.2490E+03  0.5524E+02
  0.2500E+03  0.5443E+02
  0.2510E+03  0.5410E+02
  0.2520E+03  0.5402E+02
  0.2530E+03  0.5296E+02
  0.2540E+03  0.5308E+02
  0.2550E+03  0.5144E+02
  0.2560E+03  0.4967E+02
  0.2570E+03  0.5015E+02
  0.2580E+03  0.4950E+02
  0.2590E+03  0.4982E+02
  0.2600E+03  0.4822E+02
  0.2610E+03  0.4713E+02
  0.2620E+03  0.4732E+02
  0.2630E+03  0.4588E+02
  0.2640E+03  0.4572E+02
  0.2650E+03  0.4530E+02
  0.2660E+03  0.4437E+02
  0.2670E+03  0.4409E+02
  0.2680E+03  0.4429E+02
  0.2690E+03  0.4234E+02
  0.2700E+03  0.4383E+02
  0.2710E+03  0.4228E+02
  0.2720E+03  0.4096E+02
  0.2730E+03  0.4156E+02
  0.2740E+03  0.4152E+02
  0.2750E+03  0.4086E+02
  0.2760E+03  0.4024E+02
  0.2770E+03  0.3975E+02
  0.2780E+03  0.3939E+02
  0.2790E+03  0.3813E+02
  0.2800E+03  0.3790E+02
  0.2810E+03  0.3891E+02
  0.2820E+03  0.3751E+02
  0.2830E+03  0.3637E+02
  0.2840E+03  0.3584E+02
  0.2850E+03  0.3574E+02
  0.2860E+03  0.3523E+02
  0.2870E+03  0.3618E+02
  0.2880E+03  0.3533E+02
  0.2890E+03  0.3415E+02
  0.2900E+03  0.3408E+02
  0.2910E+03  0.3387E+02
  0.2920E+03  0.3356E+02
  0.2930E+03  0.3221E+02
  0.2940E+03  0.3267E+02
  0.2950E+03  0.3210E+02
  0.2960E+03  0.3115E+02
  0.2970E+03  0.3096E+02
  0.2980E+03  0.3107E+02
  0.2990E+03  0.3096E+02
  0.3000E+03  0.3066E+02
  0.3010E+03  0.3023E+02
  0.3020E+03  0.3033E+02
  0.3030E+03  0.3013E+02
  0.3040E+03  0.3006E+02
  0.3050E+03  0.2886E+02
  0.3060E+03  0.2822E+02
  0.3070E+03  0.2866E+02
  0.3080E+03  0.2823E+02
  0.3090E+03  0.2866E+02
  0.3100E+03  0.2741E+02
  0.3110E+03  0.2779E+02
  0.3120E+03  0.2714E+02
  0.3130E+03  0.2733E+02
  0.3140E+03  0.2641E+02
  0.3150E+03  0.2598E+02
  0.3160E+03  0.2654E+02
  0.3170E+03  0.2639E+02
  0.3180E+03  0.2513E+02
  0.3190E+03  0.2601E+02
  0.3200E+03  0.2547E+02
  0.3210E+03  0.2471E+02
  0.3220E+03  0.2448E+02
  0.3230E+03  0.2455E+02
  0.3240E+03  0.2369E+02
  0.3250E+03  0.2449E+02
  0.3260E+03  0.2322E+02
  0.3270E+03  0.2333E+02
  0.3280E+03  0.2322E+02
  0.3290E+03  0.2305E+02
  0.3300E+03  0.2287E+02
  0.3310E+03  0.2308E+02
  0.3320E+03  0.2235E+02
  0.3330E+03  0.2170E+02
  0.3340E+03  0.2160E+02
  0.3350E+03  0.2179E+02
  0.3360E+03  0.2133E+02
  0.3370E+03  0.2076E+02
  0.3380E+03  0.2070E+02
  0.3390E+03  0.2115E+02
  0.3400E+03  0.2054E+02
  0.3410E+03  0.2028E+02
  0.3420E+03  0.2030E+02
  0.3430E+03  0.1979E+02
  0.3440E+03  0.1978E+02
  0.3450E+03  0.2059E+02
  0.3460E+03  0.1925E+02
  0.3470E+03  0.1932E+02
  0.3480E+03  0.1909E+02
  0.3490E+03  0.1931E+02
  0.3500E+03  0.1896E+02
  0.3510E+03  0.1973E+02
  0.3520E+03  0.1880E+02
  0.3530E+03  0.1864E+02
  0.3540E+03  0.1772E+02
  0.3550E+03  0.1811E+02
  0.3560E+03  0.1841E+02
  0.3570E+03  0.1827E+02
  0.3580E+03  0.1769E+02
  0.3590E+03  0.1770E+02
  0.3600E+03  0.1701E+02
  0.3610E+03  0.1733E+02
  0.3620E+03  0.1666E+02
  0.3630E+03  0.1728E+02
  0.3640E+03  0.1693E+02
  0.3650E+03  0.1664E+02
  0.3660E+03  0.1693E+02
  0.3670E+03  0.1634E+02
  0.3680E+03  0.1596E+02
  0.3690E+03  0.1591E+02
  0.3700E+03  0.1581E+02
  0.3710E+03  0.1619E+02
  0.3720E+03  0.1592E+02
  0.3730E+03  0.1595E+02
  0.3740E+03  0.1596E+02
  0.3750E+03  0.1578E+02
  0.3760E+03  0.1555E+02
  0.3770E+03  0.1553E+02
  0.3780E+03  0.1538E+02
  0.3790E+03  0.1556E+02
  0.3800E+03  0.1514E+02
  0.3810E+03  0.1450E+02
  0.3820E+03  0.1500E+02
  0.3830E+03  0.1433E+02
  0.3840E+03  0.1467E+02
  0.3850E+03  0.1482E+02
  0.3860E+03  0.1404E+02
  0.3870E+03  0.1442E+02
  0.3880E+03  0.1367E+02
  0.3890E+03  0.1356E+02
  0.3900E+03  0.1339E+02
  0.3910E+03  0.1429E+02
  0.3920E+03  0.1372E+02
  0.3930E+03  0.1342E+02
  0.3940E+03  0.1349E+02
  0.3950E+03  0.1308E+02
  0.3960E+03  0.1329E+02
  0.3970E+03  0.1369E+02
  0.3980E+03  0.1305E+02
  0.3990E+03  0.1257E+02
  0.4000E+03  0.1297E+02
  0.4010E+03  0.1250E+02
  0.4020E+03  0.1282E+02
  0.4030E+03  0.1239E+02
  0.4040E+03  0.1267E+02
  0.4050E+03  0.1244E+02
  0.4060E+03  0.1185E+02
  0.4070E+03  0.1221E+02
  0.4080E+03  0.1197E+02
  0.4090E+03  0.1190E+02
  0.4100E+03  0.1208E+02
  0.4110E+03  0.1152E+02
  0.4120E+03  0.1137E+02
  0.4130E+03  0.1125E+02
  0.4140E+03  0.1117E+02
  0.4150E+03  0.1113E+02
  0.4160E+03  0.1134E+02
  0.4170E+03  0.1113E+02
  0.4180E+03  0.1092E+02
  0.4190E+03  0.1128E+02
  0.4200E+03  0.1086E+02
  0.4210E+03  0.1044E+02
  0.4220E+03  0.1022E+02
  0.4230E+03  0.1037E+02
  0.4240E+03  0.9997E+01
  0.4250E+03  0.1026E+02
  0.4260E+03  0.1007E+02
  0.4270E+03  0.9851E+01
  0.4280E+03  0.1014E+02
  0.4290E+03  0.9871E+01
  0.4300E+03  0.9122E+01
  0.4310E+03  0.9082E+01
  0.4320E+03  0.9243E+01
  0.4330E+03  0.8982E+01
  0.4340E+03  0.9239E+01
  0.4350E+03  0.8989E+01
  0.4360E+03  0.8872E+01
  0.4370E+03  0.8403E+01
  0.4380E+03  0.9014E+01
  0.4390E+03  0.8774E+01
  0.4400E+03  0.8729E+01
  0.4410E+03  0.8228E+01
  0.4420E+03  0.8099E+01
  0.4430E+03  0.8233E+01
  0.4440E+03  0.7839E+01
  0.4450E+03  0.8323E+01
  0.4460E+03  0.8066E+01
  0.4470E+03  0.7958E+01
  0.4480E+03  0.8112E+01
  0.4490E+03  0.7987E+01
  0.4500E+03  0.7860E+01
  0.4510E+03  0.7668E+01
  0.4520E+03  0.7609E+01
  0.4530E+03  0.7811E+01
  0.4540E+03  0.7233E+01
  0.4550E+03  0.7476E+01
  0.4560E+03  0.7536E+01
  0.4570E+03  0.7254E+01
  0.4580E+03  0.7143E+01
  0.4590E+03  0.7018E+01
  0.4600E+03  0.7206E+01
  0.4610E+03  0.6805E+01
  0.4620E+03  0.6719E+01
  0.4630E+03  0.6950E+01
  0.4640E+03  0.6789E+01
  0.4650E+03  0.6774E+01
  0.4660E+03  0.6789E+01
  0.4670E+03  0.7055E+01
  0.4680E+03  0.6783E+01
  0.4690E+03  0.6940E+01
  0.4700E+03  0.6831E+01
  0.4710E+03  0.6533E+01
  0.4720E+03  0.6314E+01
  0.4730E+03  0.6894E+01
  0.4740E+03  0.6256E+01
  0.4750E+03  0.6198E+01
  0.4760E+03  0.6959E+01
  0.4770E+03  0.6220E+01
  0.4780E+03  0.6141E+01
  0.4790E+03  0.6363E+01
  0.4800E+03  0.6090E+01
  0.4810E+03  0.6239E+01
  0.4820E+03  0.6085E+01
  0.4830E+03  0.6041E+01
  0.4840E+03  0.6057E+01
  0.4850E+03  0.6050E+01
  0.4860E+03  0.5938E+01
  0.4870E+03  0.6038E+01
  0.4880E+03  0.5752E+01
  0.4890E+03  0.5814E+01
  0.4900E+03  0.5701E+01
  0.4910E+03  0.5523E+01
  0.4920E+03  0.5642E+01
  0.4930E+03  0.5602E+01
  0.4940E+03  0.5755E+01
  0.4950E+03  0.5506E+01
  0.4960E+03  0.5441E+01
  0.4970E+03  0.5267E+01
  0.4980E+03  0.5347E+01
  0.4990E+03  0.5141E+01
  0.5000E+03  0.5293E+01
  0.5010E+03  0.5086E+01
  0.5020E+03  0.4976E+01
  0.5030E+03  0.4879E+01
  0.5040E+03  0.4718E+01
  0.5050E+03  0.5058E+01
  0.5060E+03  0.5030E+01
  0.5070E+03  0.4709E+01
  0.5080E+03  0.4261E+01
  0.5090E+03  0.4366E+01
  0.5100E+03  0.3992E+01
  0.5110E+03  0.0000E+00
  0.5120E+03  0.0000E+00
