  0.1000E+01  0.9932E+02
  0.2000E+01  0.1148E+03
  0.3000E+01  0.1173E+03
  0.4000E+01  0.1181E+03
  0.5000E+01  0.1192E+03
  0.6000E+01  0.1202E+03
  0.7000E+01  0.1208E+03
  0.8000E+01  0.1191E+03
  0.9000E+01  0.1217E+03
  0.1000E+02  0.1225E+03
  0.1100E+02  0.1208E+03
  0.1200E+02  0.1229E+03
  0.1300E+02  0.1216E+03
  0.1400E+02  0.1217E+03
  0.1500E+02  0.1220E+03
  0.1600E+02  0.1209E+03
  0.1700E+02  0.1216E+03
  0.1800E+02  0.1201E+03
  0.1900E+02  0.1205E+03
  0.2000E+02  0.1192E+03
  0.2100E+02  0.1263E+03
  0.2200E+02  0.1436E+03
  0.2300E+02  0.2007E+03
  0.2400E+02  0.3261E+03
  0.2500E+02  0.5268E+03
  0.2600E+02  0.7577E+03
  0.2700E+02  0.9165E+03
  0.2800E+02  0.9306E+03
  0.2900E+02  0.8039E+03
  0.3000E+02  0.6219E+03
  0.3100E+02  0.4642E+03
  0.3200E+02  0.3500E+03
  0.3300E+02  0.2685E+03
  0.3400E+02  0.2032E+03
  0.3500E+02  0.1607E+03
  0.3600E+02  0.1352E+03
  0.3700E+02  0.1233E+03
  0.3800E+02  0.1187E+03
  0.3900E+02  0.1205E+03
  0.4000E+02  0.1222E+03
  0.4100E+02  0.1266E+03
  0.4200E+02  0.1328E+03
  0.4300E+02  0.1362E+03
  0.4400E+02  0.1409E+03
  0.4500E+02  0.1447E+03
  0.4600E+02  0.1442E+03
  0.4700E+02  0.1401E+03
  0.4800E+02  0.1380E+03
  0.4900E+02  0.1367E+03
  0.5000E+02  0.1334E+03
  0.5100E+02  0.1331E+03
  0.5200E+02  0.1349E+03
  0.5300E+02  0.1366E+03
  0.5400E+02  0.1387E+03
  0.5500E+02  0.1395E+03
  0.5600E+02  0.1445E+03
  0.5700E+02  0.1454E+03
  0.5800E+02  0.1465E+03
  0.5900E+02  0.1467E+03
  0.6000E+02  0.1475E+03
  0.6100E+02  0.1491E+03
  0.6200E+02  0.1509E+03
  0.6300E+02  0.1545E+03
  0.6400E+02  0.1603E+03
  0.6500E+02  0.1709E+03
  0.6600E+02  0.1836E+03
  0.6700E+02  0.2008E+03
  0.6800E+02  0.2278E+03
  0.6900E+02  0.2571E+03
  0.7000E+02  0.2894E+03
  0.7100E+02  0.3243E+03
  0.7200E+02  0.3553E+03
  0.7300E+02  0.3776E+03
  0.7400E+02  0.3881E+03
  0.7500E+02  0.3859E+03
  0.7600E+02  0.3778E+03
  0.7700E+02  0.3585E+03
  0.7800E+02  0.3331E+03
  0.7900E+02  0.3146E+03
  0.8000E+02  0.2994E+03
  0.8100E+02  0.2880E+03
  0.8200E+02  0.2770E+03
  0.8300E+02  0.2769E+03
  0.8400E+02  0.2745E+03
  0.8500E+02  0.2707E+03
  0.8600E+02  0.2656E+03
  0.8700E+02  0.2593E+03
  0.8800E+02  0.2500E+03
  0.8900E+02  0.2370E+03
  0.9000E+02  0.2240E+03
  0.9100E+02  0.2115E+03
  0.9200E+02  0.2023E+03
  0.9300E+02  0.1938E+03
  0.9400E+02  0.1880E+03
  0.9500E+02  0.1838E+03
  0.9600E+02  0.1800E+03
  0.9700E+02  0.1795E+03
  0.9800E+02  0.1758E+03
  0.9900E+02  0.1769E+03
  0.1000E+03  0.1770E+03
  0.1010E+03  0.1769E+03
  0.1020E+03  0.1776E+03
  0.1030E+03  0.1775E+03
  0.1040E+03  0.1747E+03
  0.1050E+03  0.1756E+03
  0.1060E+03  0.1740E+03
  0.1070E+03  0.1752E+03
  0.1080E+03  0.1737E+03
  0.1090E+03  0.1732E+03
  0.1100E+03  0.1735E+03
  0.1110E+03  0.1717E+03
  0.1120E+03  0.1719E+03
  0.1130E+03  0.1705E+03
  0.1140E+03  0.1721E+03
  0.1150E+03  0.1721E+03
  0.1160E+03  0.1714E+03
  0.1170E+03  0.1710E+03
  0.1180E+03  0.1717E+03
  0.1190E+03  0.1719E+03
  0.1200E+03  0.1731E+03
  0.1210E+03  0.1739E+03
  0.1220E+03  0.1757E+03
  0.1230E+03  0.1772E+03
  0.1240E+03  0.1790E+03
  0.1250E+03  0.1800E+03
  0.1260E+03  0.1839E+03
  0.1270E+03  0.1832E+03
  0.1280E+03  0.1885E+03
  0.1290E+03  0.1877E+03
  0.1300E+03  0.1873E+03
  0.1310E+03  0.1878E+03
  0.1320E+03  0.1886E+03
  0.1330E+03  0.1888E+03
  0.1340E+03  0.1898E+03
  0.1350E+03  0.1913E+03
  0.1360E+03  0.1913E+03
  0.1370E+03  0.1930E+03
  0.1380E+03  0.1952E+03
  0.1390E+03  0.1975E+03
  0.1400E+03  0.1997E+03
  0.1410E+03  0.2058E+03
  0.1420E+03  0.2136E+03
  0.1430E+03  0.2214E+03
  0.1440E+03  0.2349E+03
  0.1450E+03  0.2492E+03
  0.1460E+03  0.2664E+03
  0.1470E+03  0.2879E+03
  0.1480E+03  0.3154E+03
  0.1490E+03  0.3437E+03
  0.1500E+03  0.3760E+03
  0.1510E+03  0.4109E+03
  0.1520E+03  0.4472E+03
  0.1530E+03  0.4828E+03
  0.1540E+03  0.5187E+03
  0.1550E+03  0.5508E+03
  0.1560E+03  0.5783E+03
  0.1570E+03  0.6022E+03
  0.1580E+03  0.6140E+03
  0.1590E+03  0.6192E+03
  0.1600E+03  0.6165E+03
  0.1610E+03  0.6062E+03
  0.1620E+03  0.5870E+03
  0.1630E+03  0.5624E+03
  0.1640E+03  0.5331E+03
  0.1650E+03  0.5033E+03
  0.1660E+03  0.4705E+03
  0.1670E+03  0.4391E+03
  0.1680E+03  0.4077E+03
  0.1690E+03  0.3793E+03
  0.1700E+03  0.3553E+03
  0.1710E+03  0.3328E+03
  0.1720E+03  0.3161E+03
  0.1730E+03  0.3021E+03
  0.1740E+03  0.2927E+03
  0.1750E+03  0.2836E+03
  0.1760E+03  0.2733E+03
  0.1770E+03  0.2716E+03
  0.1780E+03  0.2691E+03
  0.1790E+03  0.2677E+03
  0.1800E+03  0.2620E+03
  0.1810E+03  0.2558E+03
  0.1820E+03  0.2573E+03
  0.1830E+03  0.2548E+03
  0.1840E+03  0.2501E+03
  0.1850E+03  0.2500E+03
  0.1860E+03  0.2457E+03
  0.1870E+03  0.2432E+03
  0.1880E+03  0.2371E+03
  0.1890E+03  0.2356E+03
  0.1900E+03  0.2306E+03
  0.1910E+03  0.2285E+03
  0.1920E+03  0.2265E+03
  0.1930E+03  0.2227E+03
  0.1940E+03  0.2203E+03
  0.1950E+03  0.2157E+03
  0.1960E+03  0.2120E+03
  0.1970E+03  0.2095E+03
  0.1980E+03  0.2044E+03
  0.1990E+03  0.2035E+03
  0.2000E+03  0.2006E+03
  0.2010E+03  0.1980E+03
  0.2020E+03  0.1952E+03
  0.2030E+03  0.1903E+03
  0.2040E+03  0.1882E+03
  0.2050E+03  0.1859E+03
  0.2060E+03  0.1831E+03
  0.2070E+03  0.1808E+03
  0.2080E+03  0.1806E+03
  0.2090E+03  0.1750E+03
  0.2100E+03  0.1726E+03
  0.2110E+03  0.1690E+03
  0.2120E+03  0.1699E+03
  0.2130E+03  0.1661E+03
  0.2140E+03  0.1646E+03
  0.2150E+03  0.1628E+03
  0.2160E+03  0.1623E+03
  0.2170E+03  0.1596E+03
  0.2180E+03  0.1562E+03
  0.2190E+03  0.1576E+03
  0.2200E+03  0.1522E+03
  0.2210E+03  0.1537E+03
  0.2220E+03  0.1523E+03
  0.2230E+03  0.1491E+03
  0.2240E+03  0.1499E+03
  0.2250E+03  0.1465E+03
  0.2260E+03  0.1460E+03
  0.2270E+03  0.1442E+03
  0.2280E+03  0.1455E+03
  0.2290E+03  0.1433E+03
  0.2300E+03  0.1405E+03
  0.2310E+03  0.1418E+03
  0.2320E+03  0.1407E+03
  0.2330E+03  0.1397E+03
  0.2340E+03  0.1378E+03
  0.2350E+03  0.1381E+03
  0.2360E+03  0.1369E+03
  0.2370E+03  0.1356E+03
  0.2380E+03  0.1367E+03
  0.2390E+03  0.1345E+03
  0.2400E+03  0.1351E+03
  0.2410E+03  0.1346E+03
  0.2420E+03  0.1344E+03
  0.2430E+03  0.1335E+03
  0.2440E+03  0.1316E+03
  0.2450E+03  0.1306E+03
  0.2460E+03  0.1320E+03
  0.2470E+03  0.1327E+03
  0.2480E+03  0.1309E+03
  0.2490E+03  0.1289E+03
  0.2500E+03  0.1273E+03
  0.2510E+03  0.1284E+03
  0.2520E+03  0.1288E+03
  0.2530E+03  0.1274E+03
  0.2540E+03  0.1274E+03
  0.2550E+03  0.1265E+03
  0.2560E+03  0.1248E+03
  0.2570E+03  0.1258E+03
  0.2580E+03  0.1242E+03
  0.2590E+03  0.1246E+03
  0.2600E+03  0.1246E+03
  0.2610E+03  0.1238E+03
  0.2620E+03  0.1248E+03
  0.2630E+03  0.1221E+03
  0.2640E+03  0.1231E+03
  0.2650E+03  0.1227E+03
  0.2660E+03  0.1234E+03
  0.2670E+03  0.1213E+03
  0.2680E+03  0.1225E+03
  0.2690E+03  0.1208E+03
  0.2700E+03  0.1231E+03
  0.2710E+03  0.1217E+03
  0.2720E+03  0.1207E+03
  0.2730E+03  0.1202E+03
  0.2740E+03  0.1208E+03
  0.2750E+03  0.1218E+03
  0.2760E+03  0.1213E+03
  0.2770E+03  0.1192E+03
  0.2780E+03  0.1210E+03
  0.2790E+03  0.1189E+03
  0.2800E+03  0.1186E+03
  0.2810E+03  0.1195E+03
  0.2820E+03  0.1179E+03
  0.2830E+03  0.1154E+03
  0.2840E+03  0.1153E+03
  0.2850E+03  0.1156E+03
  0.2860E+03  0.1151E+03
  0.2870E+03  0.1148E+03
  0.2880E+03  0.1131E+03
  0.2890E+03  0.1124E+03
  0.2900E+03  0.1119E+03
  0.2910E+03  0.1118E+03
  0.2920E+03  0.1096E+03
  0.2930E+03  0.1091E+03
  0.2940E+03  0.1093E+03
  0.2950E+03  0.1077E+03
  0.2960E+03  0.1084E+03
  0.2970E+03  0.1066E+03
  0.2980E+03  0.1074E+03
  0.2990E+03  0.1074E+03
  0.3000E+03  0.1074E+03
  0.3010E+03  0.1060E+03
  0.3020E+03  0.1081E+03
  0.3030E+03  0.1070E+03
  0.3040E+03  0.1078E+03
  0.3050E+03  0.1077E+03
  0.3060E+03  0.1077E+03
  0.3070E+03  0.1091E+03
  0.3080E+03  0.1081E+03
  0.3090E+03  0.1088E+03
  0.3100E+03  0.1079E+03
  0.3110E+03  0.1096E+03
  0.3120E+03  0.1088E+03
  0.3130E+03  0.1108E+03
  0.3140E+03  0.1106E+03
  0.3150E+03  0.1096E+03
  0.3160E+03  0.1106E+03
  0.3170E+03  0.1123E+03
  0.3180E+03  0.1113E+03
  0.3190E+03  0.1143E+03
  0.3200E+03  0.1152E+03
  0.3210E+03  0.1135E+03
  0.3220E+03  0.1156E+03
  0.3230E+03  0.1166E+03
  0.3240E+03  0.1163E+03
  0.3250E+03  0.1196E+03
  0.3260E+03  0.1182E+03
  0.3270E+03  0.1187E+03
  0.3280E+03  0.1208E+03
  0.3290E+03  0.1206E+03
  0.3300E+03  0.1210E+03
  0.3310E+03  0.1236E+03
  0.3320E+03  0.1234E+03
  0.3330E+03  0.1257E+03
  0.3340E+03  0.1255E+03
  0.3350E+03  0.1270E+03
  0.3360E+03  0.1267E+03
  0.3370E+03  0.1280E+03
  0.3380E+03  0.1277E+03
  0.3390E+03  0.1289E+03
  0.3400E+03  0.1282E+03
  0.3410E+03  0.1277E+03
  0.3420E+03  0.1279E+03
  0.3430E+03  0.1284E+03
  0.3440E+03  0.1277E+03
  0.3450E+03  0.1276E+03
  0.3460E+03  0.1259E+03
  0.3470E+03  0.1251E+03
  0.3480E+03  0.1225E+03
  0.3490E+03  0.1209E+03
  0.3500E+03  0.1204E+03
  0.3510E+03  0.1196E+03
  0.3520E+03  0.1185E+03
  0.3530E+03  0.1151E+03
  0.3540E+03  0.1123E+03
  0.3550E+03  0.1108E+03
  0.3560E+03  0.1088E+03
  0.3570E+03  0.1058E+03
  0.3580E+03  0.1026E+03
  0.3590E+03  0.1009E+03
  0.3600E+03  0.9819E+02
  0.3610E+03  0.9520E+02
  0.3620E+03  0.9317E+02
  0.3630E+03  0.9060E+02
  0.3640E+03  0.8835E+02
  0.3650E+03  0.8588E+02
  0.3660E+03  0.8363E+02
  0.3670E+03  0.8175E+02
  0.3680E+03  0.7998E+02
  0.3690E+03  0.7733E+02
  0.3700E+03  0.7458E+02
  0.3710E+03  0.7389E+02
  0.3720E+03  0.7177E+02
  0.3730E+03  0.7081E+02
  0.3740E+03  0.6957E+02
  0.3750E+03  0.6815E+02
  0.3760E+03  0.6632E+02
  0.3770E+03  0.6481E+02
  0.3780E+03  0.6532E+02
  0.3790E+03  0.6441E+02
  0.3800E+03  0.6365E+02
  0.3810E+03  0.6112E+02
  0.3820E+03  0.6134E+02
  0.3830E+03  0.6071E+02
  0.3840E+03  0.6098E+02
  0.3850E+03  0.6057E+02
  0.3860E+03  0.5906E+02
  0.3870E+03  0.5919E+02
  0.3880E+03  0.5759E+02
  0.3890E+03  0.5778E+02
  0.3900E+03  0.5710E+02
  0.3910E+03  0.5836E+02
  0.3920E+03  0.5811E+02
  0.3930E+03  0.5809E+02
  0.3940E+03  0.5775E+02
  0.3950E+03  0.5723E+02
  0.3960E+03  0.5787E+02
  0.3970E+03  0.5832E+02
  0.3980E+03  0.5717E+02
  0.3990E+03  0.5916E+02
  0.4000E+03  0.5774E+02
  0.4010E+03  0.5825E+02
  0.4020E+03  0.5964E+02
  0.4030E+03  0.5980E+02
  0.4040E+03  0.5972E+02
  0.4050E+03  0.6062E+02
  0.4060E+03  0.6138E+02
  0.4070E+03  0.6320E+02
  0.4080E+03  0.6258E+02
  0.4090E+03  0.6526E+02
  0.4100E+03  0.6598E+02
  0.4110E+03  0.6636E+02
  0.4120E+03  0.6808E+02
  0.4130E+03  0.6828E+02
  0.4140E+03  0.7165E+02
  0.4150E+03  0.7333E+02
  0.4160E+03  0.7499E+02
  0.4170E+03  0.7635E+02
  0.4180E+03  0.7986E+02
  0.4190E+03  0.8224E+02
  0.4200E+03  0.8345E+02
  0.4210E+03  0.8712E+02
  0.4220E+03  0.8816E+02
  0.4230E+03  0.9087E+02
  0.4240E+03  0.9249E+02
  0.4250E+03  0.9690E+02
  0.4260E+03  0.9873E+02
  0.4270E+03  0.1019E+03
  0.4280E+03  0.1025E+03
  0.4290E+03  0.1060E+03
  0.4300E+03  0.1077E+03
  0.4310E+03  0.1096E+03
  0.4320E+03  0.1117E+03
  0.4330E+03  0.1135E+03
  0.4340E+03  0.1147E+03
  0.4350E+03  0.1150E+03
  0.4360E+03  0.1169E+03
  0.4370E+03  0.1180E+03
  0.4380E+03  0.1165E+03
  0.4390E+03  0.1192E+03
  0.4400E+03  0.1186E+03
  0.4410E+03  0.1176E+03
  0.4420E+03  0.1177E+03
  0.4430E+03  0.1154E+03
  0.4440E+03  0.1136E+03
  0.4450E+03  0.1138E+03
  0.4460E+03  0.1114E+03
  0.4470E+03  0.1078E+03
  0.4480E+03  0.1081E+03
  0.4490E+03  0.1043E+03
  0.4500E+03  0.1032E+03
  0.4510E+03  0.1004E+03
  0.4520E+03  0.9641E+02
  0.4530E+03  0.9387E+02
  0.4540E+03  0.9112E+02
  0.4550E+03  0.8936E+02
  0.4560E+03  0.8542E+02
  0.4570E+03  0.8281E+02
  0.4580E+03  0.7876E+02
  0.4590E+03  0.7916E+02
  0.4600E+03  0.7478E+02
  0.4610E+03  0.7273E+02
  0.4620E+03  0.7122E+02
  0.4630E+03  0.6850E+02
  0.4640E+03  0.6773E+02
  0.4650E+03  0.6404E+02
  0.4660E+03  0.6234E+02
  0.4670E+03  0.6228E+02
  0.4680E+03  0.6155E+02
  0.4690E+03  0.6049E+02
  0.4700E+03  0.5915E+02
  0.4710E+03  0.5838E+02
  0.4720E+03  0.5763E+02
  0.4730E+03  0.5926E+02
  0.4740E+03  0.5825E+02
  0.4750E+03  0.5852E+02
  0.4760E+03  0.6022E+02
  0.4770E+03  0.5988E+02
  0.4780E+03  0.6114E+02
  0.4790E+03  0.6235E+02
  0.4800E+03  0.6411E+02
  0.4810E+03  0.6502E+02
  0.4820E+03  0.6795E+02
  0.4830E+03  0.6940E+02
  0.4840E+03  0.7279E+02
  0.4850E+03  0.7454E+02
  0.4860E+03  0.7792E+02
  0.4870E+03  0.8141E+02
  0.4880E+03  0.8394E+02
  0.4890E+03  0.8686E+02
  0.4900E+03  0.9106E+02
  0.4910E+03  0.9659E+02
  0.4920E+03  0.9984E+02
  0.4930E+03  0.1054E+03
  0.4940E+03  0.1103E+03
  0.4950E+03  0.1121E+03
  0.4960E+03  0.1200E+03
  0.4970E+03  0.1244E+03
  0.4980E+03  0.1306E+03
  0.4990E+03  0.1354E+03
  0.5000E+03  0.1428E+03
  0.5010E+03  0.1463E+03
  0.5020E+03  0.1540E+03
  0.5030E+03  0.1603E+03
  0.5040E+03  0.1679E+03
  0.5050E+03  0.1752E+03
  0.5060E+03  0.1813E+03
  0.5070E+03  0.1874E+03
  0.5080E+03  0.1930E+03
  0.5090E+03  0.2021E+03
  0.5100E+03  0.2085E+03
  0.5110E+03  0.0000E+00
  0.5120E+03  0.0000E+00
