  0.1000E+01  0.1939E+02
  0.2000E+01  0.2121E+02
  0.3000E+01  0.2268E+02
  0.4000E+01  0.2308E+02
  0.5000E+01  0.2359E+02
  0.6000E+01  0.2362E+02
  0.7000E+01  0.2444E+02
  0.8000E+01  0.2326E+02
  0.9000E+01  0.2407E+02
  0.1000E+02  0.2431E+02
  0.1100E+02  0.2476E+02
  0.1200E+02  0.2461E+02
  0.1300E+02  0.2465E+02
  0.1400E+02  0.2463E+02
  0.1500E+02  0.2380E+02
  0.1600E+02  0.2469E+02
  0.1700E+02  0.2464E+02
  0.1800E+02  0.2466E+02
  0.1900E+02  0.2470E+02
  0.2000E+02  0.2499E+02
  0.2100E+02  0.2414E+02
  0.2200E+02  0.2389E+02
  0.2300E+02  0.2414E+02
  0.2400E+02  0.2611E+02
  0.2500E+02  0.2643E+02
  0.2600E+02  0.2857E+02
  0.2700E+02  0.2857E+02
  0.2800E+02  0.2999E+02
  0.2900E+02  0.2833E+02
  0.3000E+02  0.2647E+02
  0.3100E+02  0.2504E+02
  0.3200E+02  0.2522E+02
  0.3300E+02  0.2475E+02
  0.3400E+02  0.2373E+02
  0.3500E+02  0.2345E+02
  0.3600E+02  0.2346E+02
  0.3700E+02  0.2276E+02
  0.3800E+02  0.2247E+02
  0.3900E+02  0.2255E+02
  0.4000E+02  0.2264E+02
  0.4100E+02  0.2249E+02
  0.4200E+02  0.2304E+02
  0.4300E+02  0.2249E+02
  0.4400E+02  0.2254E+02
  0.4500E+02  0.2250E+02
  0.4600E+02  0.2329E+02
  0.4700E+02  0.2302E+02
  0.4800E+02  0.2253E+02
  0.4900E+02  0.2298E+02
  0.5000E+02  0.2222E+02
  0.5100E+02  0.2238E+02
  0.5200E+02  0.2297E+02
  0.5300E+02  0.2247E+02
  0.5400E+02  0.2233E+02
  0.5500E+02  0.2207E+02
  0.5600E+02  0.2329E+02
  0.5700E+02  0.2241E+02
  0.5800E+02  0.2214E+02
  0.5900E+02  0.2220E+02
  0.6000E+02  0.2175E+02
  0.6100E+02  0.2185E+02
  0.6200E+02  0.2154E+02
  0.6300E+02  0.2116E+02
  0.6400E+02  0.2125E+02
  0.6500E+02  0.2028E+02
  0.6600E+02  0.2035E+02
  0.6700E+02  0.2048E+02
  0.6800E+02  0.2041E+02
  0.6900E+02  0.2022E+02
  0.7000E+02  0.2006E+02
  0.7100E+02  0.2020E+02
  0.7200E+02  0.1987E+02
  0.7300E+02  0.1950E+02
  0.7400E+02  0.1919E+02
  0.7500E+02  0.1982E+02
  0.7600E+02  0.1951E+02
  0.7700E+02  0.1953E+02
  0.7800E+02  0.1946E+02
  0.7900E+02  0.1931E+02
  0.8000E+02  0.1894E+02
  0.8100E+02  0.1930E+02
  0.8200E+02  0.1879E+02
  0.8300E+02  0.1963E+02
  0.8400E+02  0.1849E+02
  0.8500E+02  0.1837E+02
  0.8600E+02  0.1884E+02
  0.8700E+02  0.1869E+02
  0.8800E+02  0.1910E+02
  0.8900E+02  0.1850E+02
  0.9000E+02  0.1853E+02
  0.9100E+02  0.1840E+02
  0.9200E+02  0.1824E+02
  0.9300E+02  0.1795E+02
  0.9400E+02  0.1812E+02
  0.9500E+02  0.1871E+02
  0.9600E+02  0.1801E+02
  0.9700E+02  0.1781E+02
  0.9800E+02  0.1736E+02
  0.9900E+02  0.1731E+02
  0.1000E+03  0.1765E+02
  0.1010E+03  0.1794E+02
  0.1020E+03  0.1787E+02
  0.1030E+03  0.1748E+02
  0.1040E+03  0.1768E+02
  0.1050E+03  0.1788E+02
  0.1060E+03  0.1794E+02
  0.1070E+03  0.1758E+02
  0.1080E+03  0.1744E+02
  0.1090E+03  0.1738E+02
  0.1100E+03  0.1790E+02
  0.1110E+03  0.1716E+02
  0.1120E+03  0.1773E+02
  0.1130E+03  0.1788E+02
  0.1140E+03  0.1713E+02
  0.1150E+03  0.1766E+02
  0.1160E+03  0.1815E+02
  0.1170E+03  0.1729E+02
  0.1180E+03  0.1782E+02
  0.1190E+03  0.1763E+02
  0.1200E+03  0.1799E+02
  0.1210E+03  0.1753E+02
  0.1220E+03  0.1840E+02
  0.1230E+03  0.1790E+02
  0.1240E+03  0.1812E+02
  0.1250E+03  0.1871E+02
  0.1260E+03  0.1878E+02
  0.1270E+03  0.1903E+02
  0.1280E+03  0.1869E+02
  0.1290E+03  0.1925E+02
  0.1300E+03  0.1938E+02
  0.1310E+03  0.1883E+02
  0.1320E+03  0.1984E+02
  0.1330E+03  0.1905E+02
  0.1340E+03  0.1931E+02
  0.1350E+03  0.1863E+02
  0.1360E+03  0.1914E+02
  0.1370E+03  0.1867E+02
  0.1380E+03  0.1916E+02
  0.1390E+03  0.1928E+02
  0.1400E+03  0.1982E+02
  0.1410E+03  0.2019E+02
  0.1420E+03  0.2187E+02
  0.1430E+03  0.2321E+02
  0.1440E+03  0.2553E+02
  0.1450E+03  0.2784E+02
  0.1460E+03  0.3105E+02
  0.1470E+03  0.3488E+02
  0.1480E+03  0.4006E+02
  0.1490E+03  0.4526E+02
  0.1500E+03  0.5248E+02
  0.1510E+03  0.5830E+02
  0.1520E+03  0.6503E+02
  0.1530E+03  0.7291E+02
  0.1540E+03  0.7877E+02
  0.1550E+03  0.8397E+02
  0.1560E+03  0.8966E+02
  0.1570E+03  0.9448E+02
  0.1580E+03  0.9609E+02
  0.1590E+03  0.9718E+02
  0.1600E+03  0.9627E+02
  0.1610E+03  0.9344E+02
  0.1620E+03  0.8918E+02
  0.1630E+03  0.8463E+02
  0.1640E+03  0.7800E+02
  0.1650E+03  0.7206E+02
  0.1660E+03  0.6477E+02
  0.1670E+03  0.5817E+02
  0.1680E+03  0.5087E+02
  0.1690E+03  0.4493E+02
  0.1700E+03  0.3964E+02
  0.1710E+03  0.3517E+02
  0.1720E+03  0.3063E+02
  0.1730E+03  0.2694E+02
  0.1740E+03  0.2569E+02
  0.1750E+03  0.2409E+02
  0.1760E+03  0.2138E+02
  0.1770E+03  0.2075E+02
  0.1780E+03  0.2030E+02
  0.1790E+03  0.1997E+02
  0.1800E+03  0.1869E+02
  0.1810E+03  0.1857E+02
  0.1820E+03  0.1876E+02
  0.1830E+03  0.1923E+02
  0.1840E+03  0.1965E+02
  0.1850E+03  0.2012E+02
  0.1860E+03  0.1884E+02
  0.1870E+03  0.1991E+02
  0.1880E+03  0.1958E+02
  0.1890E+03  0.2026E+02
  0.1900E+03  0.1992E+02
  0.1910E+03  0.1970E+02
  0.1920E+03  0.1956E+02
  0.1930E+03  0.2129E+02
  0.1940E+03  0.2027E+02
  0.1950E+03  0.2030E+02
  0.1960E+03  0.2083E+02
  0.1970E+03  0.2109E+02
  0.1980E+03  0.2091E+02
  0.1990E+03  0.2129E+02
  0.2000E+03  0.2080E+02
  0.2010E+03  0.2107E+02
  0.2020E+03  0.2126E+02
  0.2030E+03  0.2041E+02
  0.2040E+03  0.2098E+02
  0.2050E+03  0.2125E+02
  0.2060E+03  0.2161E+02
  0.2070E+03  0.2143E+02
  0.2080E+03  0.2146E+02
  0.2090E+03  0.2146E+02
  0.2100E+03  0.2102E+02
  0.2110E+03  0.2096E+02
  0.2120E+03  0.2170E+02
  0.2130E+03  0.2177E+02
  0.2140E+03  0.2225E+02
  0.2150E+03  0.2235E+02
  0.2160E+03  0.2307E+02
  0.2170E+03  0.2218E+02
  0.2180E+03  0.2239E+02
  0.2190E+03  0.2274E+02
  0.2200E+03  0.2230E+02
  0.2210E+03  0.2293E+02
  0.2220E+03  0.2403E+02
  0.2230E+03  0.2348E+02
  0.2240E+03  0.2379E+02
  0.2250E+03  0.2394E+02
  0.2260E+03  0.2431E+02
  0.2270E+03  0.2480E+02
  0.2280E+03  0.2571E+02
  0.2290E+03  0.2448E+02
  0.2300E+03  0.2553E+02
  0.2310E+03  0.2602E+02
  0.2320E+03  0.2633E+02
  0.2330E+03  0.2669E+02
  0.2340E+03  0.2670E+02
  0.2350E+03  0.2667E+02
  0.2360E+03  0.2788E+02
  0.2370E+03  0.2773E+02
  0.2380E+03  0.2814E+02
  0.2390E+03  0.2825E+02
  0.2400E+03  0.2887E+02
  0.2410E+03  0.2977E+02
  0.2420E+03  0.2970E+02
  0.2430E+03  0.3050E+02
  0.2440E+03  0.3076E+02
  0.2450E+03  0.3102E+02
  0.2460E+03  0.3111E+02
  0.2470E+03  0.3187E+02
  0.2480E+03  0.3099E+02
  0.2490E+03  0.3166E+02
  0.2500E+03  0.3252E+02
  0.2510E+03  0.3275E+02
  0.2520E+03  0.3302E+02
  0.2530E+03  0.3261E+02
  0.2540E+03  0.3303E+02
  0.2550E+03  0.3397E+02
  0.2560E+03  0.3379E+02
  0.2570E+03  0.3394E+02
  0.2580E+03  0.3386E+02
  0.2590E+03  0.3408E+02
  0.2600E+03  0.3549E+02
  0.2610E+03  0.3615E+02
  0.2620E+03  0.3605E+02
  0.2630E+03  0.3582E+02
  0.2640E+03  0.3584E+02
  0.2650E+03  0.3629E+02
  0.2660E+03  0.3727E+02
  0.2670E+03  0.3678E+02
  0.2680E+03  0.3671E+02
  0.2690E+03  0.3757E+02
  0.2700E+03  0.3824E+02
  0.2710E+03  0.3768E+02
  0.2720E+03  0.3842E+02
  0.2730E+03  0.3793E+02
  0.2740E+03  0.3842E+02
  0.2750E+03  0.3933E+02
  0.2760E+03  0.3905E+02
  0.2770E+03  0.3878E+02
  0.2780E+03  0.4004E+02
  0.2790E+03  0.3950E+02
  0.2800E+03  0.3985E+02
  0.2810E+03  0.4008E+02
  0.2820E+03  0.3898E+02
  0.2830E+03  0.3880E+02
  0.2840E+03  0.3843E+02
  0.2850E+03  0.3978E+02
  0.2860E+03  0.3886E+02
  0.2870E+03  0.3856E+02
  0.2880E+03  0.3770E+02
  0.2890E+03  0.3849E+02
  0.2900E+03  0.3810E+02
  0.2910E+03  0.3800E+02
  0.2920E+03  0.3744E+02
  0.2930E+03  0.3743E+02
  0.2940E+03  0.3702E+02
  0.2950E+03  0.3637E+02
  0.2960E+03  0.3784E+02
  0.2970E+03  0.3675E+02
  0.2980E+03  0.3695E+02
  0.2990E+03  0.3755E+02
  0.3000E+03  0.3794E+02
  0.3010E+03  0.3742E+02
  0.3020E+03  0.3853E+02
  0.3030E+03  0.3836E+02
  0.3040E+03  0.3833E+02
  0.3050E+03  0.3948E+02
  0.3060E+03  0.4054E+02
  0.3070E+03  0.4029E+02
  0.3080E+03  0.4122E+02
  0.3090E+03  0.4139E+02
  0.3100E+03  0.4081E+02
  0.3110E+03  0.4186E+02
  0.3120E+03  0.4223E+02
  0.3130E+03  0.4412E+02
  0.3140E+03  0.4487E+02
  0.3150E+03  0.4397E+02
  0.3160E+03  0.4488E+02
  0.3170E+03  0.4655E+02
  0.3180E+03  0.4688E+02
  0.3190E+03  0.4814E+02
  0.3200E+03  0.5031E+02
  0.3210E+03  0.4958E+02
  0.3220E+03  0.5122E+02
  0.3230E+03  0.5167E+02
  0.3240E+03  0.5255E+02
  0.3250E+03  0.5516E+02
  0.3260E+03  0.5539E+02
  0.3270E+03  0.5514E+02
  0.3280E+03  0.5715E+02
  0.3290E+03  0.5772E+02
  0.3300E+03  0.5871E+02
  0.3310E+03  0.6007E+02
  0.3320E+03  0.6076E+02
  0.3330E+03  0.6372E+02
  0.3340E+03  0.6307E+02
  0.3350E+03  0.6394E+02
  0.3360E+03  0.6474E+02
  0.3370E+03  0.6547E+02
  0.3380E+03  0.6565E+02
  0.3390E+03  0.6737E+02
  0.3400E+03  0.6737E+02
  0.3410E+03  0.6706E+02
  0.3420E+03  0.6669E+02
  0.3430E+03  0.6782E+02
  0.3440E+03  0.6738E+02
  0.3450E+03  0.6651E+02
  0.3460E+03  0.6621E+02
  0.3470E+03  0.6579E+02
  0.3480E+03  0.6451E+02
  0.3490E+03  0.6301E+02
  0.3500E+03  0.6144E+02
  0.3510E+03  0.6044E+02
  0.3520E+03  0.6033E+02
  0.3530E+03  0.5812E+02
  0.3540E+03  0.5690E+02
  0.3550E+03  0.5429E+02
  0.3560E+03  0.5248E+02
  0.3570E+03  0.5049E+02
  0.3580E+03  0.4846E+02
  0.3590E+03  0.4645E+02
  0.3600E+03  0.4414E+02
  0.3610E+03  0.4225E+02
  0.3620E+03  0.3995E+02
  0.3630E+03  0.3761E+02
  0.3640E+03  0.3586E+02
  0.3650E+03  0.3438E+02
  0.3660E+03  0.3161E+02
  0.3670E+03  0.3068E+02
  0.3680E+03  0.2917E+02
  0.3690E+03  0.2624E+02
  0.3700E+03  0.2537E+02
  0.3710E+03  0.2396E+02
  0.3720E+03  0.2231E+02
  0.3730E+03  0.2060E+02
  0.3740E+03  0.2035E+02
  0.3750E+03  0.1901E+02
  0.3760E+03  0.1796E+02
  0.3770E+03  0.1709E+02
  0.3780E+03  0.1664E+02
  0.3790E+03  0.1595E+02
  0.3800E+03  0.1526E+02
  0.3810E+03  0.1411E+02
  0.3820E+03  0.1328E+02
  0.3830E+03  0.1317E+02
  0.3840E+03  0.1237E+02
  0.3850E+03  0.1247E+02
  0.3860E+03  0.1160E+02
  0.3870E+03  0.1200E+02
  0.3880E+03  0.1184E+02
  0.3890E+03  0.1142E+02
  0.3900E+03  0.1099E+02
  0.3910E+03  0.1087E+02
  0.3920E+03  0.1119E+02
  0.3930E+03  0.1102E+02
  0.3940E+03  0.1093E+02
  0.3950E+03  0.1108E+02
  0.3960E+03  0.1115E+02
  0.3970E+03  0.1100E+02
  0.3980E+03  0.1106E+02
  0.3990E+03  0.1212E+02
  0.4000E+03  0.1246E+02
  0.4010E+03  0.1249E+02
  0.4020E+03  0.1296E+02
  0.4030E+03  0.1367E+02
  0.4040E+03  0.1393E+02
  0.4050E+03  0.1497E+02
  0.4060E+03  0.1539E+02
  0.4070E+03  0.1645E+02
  0.4080E+03  0.1697E+02
  0.4090E+03  0.1868E+02
  0.4100E+03  0.1927E+02
  0.4110E+03  0.2020E+02
  0.4120E+03  0.2234E+02
  0.4130E+03  0.2270E+02
  0.4140E+03  0.2523E+02
  0.4150E+03  0.2651E+02
  0.4160E+03  0.2837E+02
  0.4170E+03  0.3033E+02
  0.4180E+03  0.3300E+02
  0.4190E+03  0.3490E+02
  0.4200E+03  0.3681E+02
  0.4210E+03  0.4030E+02
  0.4220E+03  0.4219E+02
  0.4230E+03  0.4444E+02
  0.4240E+03  0.4569E+02
  0.4250E+03  0.4887E+02
  0.4260E+03  0.5193E+02
  0.4270E+03  0.5408E+02
  0.4280E+03  0.5504E+02
  0.4290E+03  0.5771E+02
  0.4300E+03  0.6086E+02
  0.4310E+03  0.6227E+02
  0.4320E+03  0.6434E+02
  0.4330E+03  0.6631E+02
  0.4340E+03  0.6733E+02
  0.4350E+03  0.6840E+02
  0.4360E+03  0.7015E+02
  0.4370E+03  0.7172E+02
  0.4380E+03  0.7014E+02
  0.4390E+03  0.7140E+02
  0.4400E+03  0.7110E+02
  0.4410E+03  0.7178E+02
  0.4420E+03  0.7143E+02
  0.4430E+03  0.6995E+02
  0.4440E+03  0.6923E+02
  0.4450E+03  0.6825E+02
  0.4460E+03  0.6727E+02
  0.4470E+03  0.6450E+02
  0.4480E+03  0.6365E+02
  0.4490E+03  0.6135E+02
  0.4500E+03  0.5984E+02
  0.4510E+03  0.5802E+02
  0.4520E+03  0.5508E+02
  0.4530E+03  0.5204E+02
  0.4540E+03  0.5049E+02
  0.4550E+03  0.4905E+02
  0.4560E+03  0.4548E+02
  0.4570E+03  0.4329E+02
  0.4580E+03  0.4024E+02
  0.4590E+03  0.3997E+02
  0.4600E+03  0.3641E+02
  0.4610E+03  0.3507E+02
  0.4620E+03  0.3343E+02
  0.4630E+03  0.3131E+02
  0.4640E+03  0.3053E+02
  0.4650E+03  0.2749E+02
  0.4660E+03  0.2629E+02
  0.4670E+03  0.2577E+02
  0.4680E+03  0.2494E+02
  0.4690E+03  0.2413E+02
  0.4700E+03  0.2322E+02
  0.4710E+03  0.2307E+02
  0.4720E+03  0.2250E+02
  0.4730E+03  0.2306E+02
  0.4740E+03  0.2325E+02
  0.4750E+03  0.2335E+02
  0.4760E+03  0.2464E+02
  0.4770E+03  0.2502E+02
  0.4780E+03  0.2678E+02
  0.4790E+03  0.2781E+02
  0.4800E+03  0.2951E+02
  0.4810E+03  0.3100E+02
  0.4820E+03  0.3333E+02
  0.4830E+03  0.3488E+02
  0.4840E+03  0.3770E+02
  0.4850E+03  0.4022E+02
  0.4860E+03  0.4277E+02
  0.4870E+03  0.4551E+02
  0.4880E+03  0.4832E+02
  0.4890E+03  0.5218E+02
  0.4900E+03  0.5561E+02
  0.4910E+03  0.6019E+02
  0.4920E+03  0.6427E+02
  0.4930E+03  0.6939E+02
  0.4940E+03  0.7384E+02
  0.4950E+03  0.7533E+02
  0.4960E+03  0.8440E+02
  0.4970E+03  0.8801E+02
  0.4980E+03  0.9349E+02
  0.4990E+03  0.9902E+02
  0.5000E+03  0.1054E+03
  0.5010E+03  0.1094E+03
  0.5020E+03  0.1164E+03
  0.5030E+03  0.1228E+03
  0.5040E+03  0.1300E+03
  0.5050E+03  0.1363E+03
  0.5060E+03  0.1426E+03
  0.5070E+03  0.1489E+03
  0.5080E+03  0.1546E+03
  0.5090E+03  0.1634E+03
  0.5100E+03  0.1699E+03
  0.5110E+03  0.0000E+00
  0.5120E+03  0.0000E+00
