  0.1000E+01  0.2066E+01
  0.2000E+01  0.7253E+01
  0.3000E+01  0.5563E+01
  0.4000E+01  0.1990E+01
  0.5000E+01  0.1384E+01
  0.6000E+01  0.1294E+01
  0.7000E+01  0.1175E+01
  0.8000E+01  0.1076E+01
  0.9000E+01  0.1019E+01
  0.1000E+02  0.9348E+00
  0.1100E+02  0.8373E+00
  0.1200E+02  0.7526E+00
  0.1300E+02  0.6844E+00
  0.1400E+02  0.6298E+00
  0.1500E+02  0.5686E+00
  0.1600E+02  0.5299E+00
  0.1700E+02  0.4498E+00
  0.1800E+02  0.3957E+00
  0.1900E+02  0.5698E+00
  0.2000E+02  0.1649E+01
  0.2100E+02  0.7036E+01
  0.2200E+02  0.2682E+02
  0.2300E+02  0.8313E+02
  0.2400E+02  0.2055E+03
  0.2500E+02  0.4030E+03
  0.2600E+02  0.6304E+03
  0.2700E+02  0.7881E+03
  0.2800E+02  0.8001E+03
  0.2900E+02  0.6758E+03
  0.3000E+02  0.4980E+03
  0.3100E+02  0.3439E+03
  0.3200E+02  0.2312E+03
  0.3300E+02  0.1502E+03
  0.3400E+02  0.8785E+02
  0.3500E+02  0.4493E+02
  0.3600E+02  0.1937E+02
  0.3700E+02  0.7294E+01
  0.3800E+02  0.2752E+01
  0.3900E+02  0.1551E+01
  0.4000E+02  0.1570E+01
  0.4100E+02  0.1945E+01
  0.4200E+02  0.2412E+01
  0.4300E+02  0.2755E+01
  0.4400E+02  0.3226E+01
  0.4500E+02  0.3633E+01
  0.4600E+02  0.3890E+01
  0.4700E+02  0.4080E+01
  0.4800E+02  0.4241E+01
  0.4900E+02  0.4391E+01
  0.5000E+02  0.4564E+01
  0.5100E+02  0.4847E+01
  0.5200E+02  0.5199E+01
  0.5300E+02  0.5514E+01
  0.5400E+02  0.5828E+01
  0.5500E+02  0.6108E+01
  0.5600E+02  0.6239E+01
  0.5700E+02  0.6123E+01
  0.5800E+02  0.5969E+01
  0.5900E+02  0.5453E+01
  0.6000E+02  0.4833E+01
  0.6100E+02  0.4121E+01
  0.6200E+02  0.3464E+01
  0.6300E+02  0.2672E+01
  0.6400E+02  0.2290E+01
  0.6500E+02  0.2240E+01
  0.6600E+02  0.2312E+01
  0.6700E+02  0.2991E+01
  0.6800E+02  0.3780E+01
  0.6900E+02  0.5215E+01
  0.7000E+02  0.6475E+01
  0.7100E+02  0.8001E+01
  0.7200E+02  0.9451E+01
  0.7300E+02  0.1008E+02
  0.7400E+02  0.1065E+02
  0.7500E+02  0.1091E+02
  0.7600E+02  0.1013E+02
  0.7700E+02  0.9173E+01
  0.7800E+02  0.7704E+01
  0.7900E+02  0.6803E+01
  0.8000E+02  0.5809E+01
  0.8100E+02  0.4932E+01
  0.8200E+02  0.4385E+01
  0.8300E+02  0.4064E+01
  0.8400E+02  0.4067E+01
  0.8500E+02  0.3646E+01
  0.8600E+02  0.3661E+01
  0.8700E+02  0.3475E+01
  0.8800E+02  0.3220E+01
  0.8900E+02  0.2610E+01
  0.9000E+02  0.2164E+01
  0.9100E+02  0.1731E+01
  0.9200E+02  0.1372E+01
  0.9300E+02  0.1060E+01
  0.9400E+02  0.8400E+00
  0.9500E+02  0.6706E+00
  0.9600E+02  0.5490E+00
  0.9700E+02  0.4585E+00
  0.9800E+02  0.4241E+00
  0.9900E+02  0.3698E+00
  0.1000E+03  0.3717E+00
  0.1010E+03  0.3290E+00
  0.1020E+03  0.3209E+00
  0.1030E+03  0.3180E+00
  0.1040E+03  0.3102E+00
  0.1050E+03  0.3000E+00
  0.1060E+03  0.2968E+00
  0.1070E+03  0.2861E+00
  0.1080E+03  0.2931E+00
  0.1090E+03  0.3198E+00
  0.1100E+03  0.3273E+00
  0.1110E+03  0.3725E+00
  0.1120E+03  0.4199E+00
  0.1130E+03  0.4982E+00
  0.1140E+03  0.6051E+00
  0.1150E+03  0.7693E+00
  0.1160E+03  0.9656E+00
  0.1170E+03  0.1217E+01
  0.1180E+03  0.1543E+01
  0.1190E+03  0.1978E+01
  0.1200E+03  0.2404E+01
  0.1210E+03  0.2960E+01
  0.1220E+03  0.3586E+01
  0.1230E+03  0.4185E+01
  0.1240E+03  0.4886E+01
  0.1250E+03  0.5500E+01
  0.1260E+03  0.6045E+01
  0.1270E+03  0.6558E+01
  0.1280E+03  0.6917E+01
  0.1290E+03  0.7252E+01
  0.1300E+03  0.7350E+01
  0.1310E+03  0.7447E+01
  0.1320E+03  0.7301E+01
  0.1330E+03  0.7268E+01
  0.1340E+03  0.7135E+01
  0.1350E+03  0.6896E+01
  0.1360E+03  0.7005E+01
  0.1370E+03  0.7207E+01
  0.1380E+03  0.7930E+01
  0.1390E+03  0.9040E+01
  0.1400E+03  0.1090E+02
  0.1410E+03  0.1387E+02
  0.1420E+03  0.1797E+02
  0.1430E+03  0.2358E+02
  0.1440E+03  0.3121E+02
  0.1450E+03  0.4107E+02
  0.1460E+03  0.5343E+02
  0.1470E+03  0.6844E+02
  0.1480E+03  0.8633E+02
  0.1490E+03  0.1071E+03
  0.1500E+03  0.1300E+03
  0.1510E+03  0.1550E+03
  0.1520E+03  0.1810E+03
  0.1530E+03  0.2068E+03
  0.1540E+03  0.2321E+03
  0.1550E+03  0.2548E+03
  0.1560E+03  0.2739E+03
  0.1570E+03  0.2884E+03
  0.1580E+03  0.2975E+03
  0.1590E+03  0.2999E+03
  0.1600E+03  0.2965E+03
  0.1610E+03  0.2869E+03
  0.1620E+03  0.2718E+03
  0.1630E+03  0.2519E+03
  0.1640E+03  0.2288E+03
  0.1650E+03  0.2033E+03
  0.1660E+03  0.1770E+03
  0.1670E+03  0.1512E+03
  0.1680E+03  0.1258E+03
  0.1690E+03  0.1027E+03
  0.1700E+03  0.8220E+02
  0.1710E+03  0.6442E+02
  0.1720E+03  0.4932E+02
  0.1730E+03  0.3703E+02
  0.1740E+03  0.2724E+02
  0.1750E+03  0.1955E+02
  0.1760E+03  0.1384E+02
  0.1770E+03  0.9463E+01
  0.1780E+03  0.6474E+01
  0.1790E+03  0.4316E+01
  0.1800E+03  0.2783E+01
  0.1810E+03  0.1827E+01
  0.1820E+03  0.1172E+01
  0.1830E+03  0.7569E+00
  0.1840E+03  0.4850E+00
  0.1850E+03  0.3204E+00
  0.1860E+03  0.2363E+00
  0.1870E+03  0.1752E+00
  0.1880E+03  0.1464E+00
  0.1890E+03  0.1289E+00
  0.1900E+03  0.1185E+00
  0.1910E+03  0.1080E+00
  0.1920E+03  0.1166E+00
  0.1930E+03  0.1034E+00
  0.1940E+03  0.9860E-01
  0.1950E+03  0.9086E-01
  0.1960E+03  0.8819E-01
  0.1970E+03  0.7828E-01
  0.1980E+03  0.7428E-01
  0.1990E+03  0.7080E-01
  0.2000E+03  0.6742E-01
  0.2010E+03  0.6301E-01
  0.2020E+03  0.6119E-01
  0.2030E+03  0.5731E-01
  0.2040E+03  0.4890E-01
  0.2050E+03  0.4513E-01
  0.2060E+03  0.3943E-01
  0.2070E+03  0.3822E-01
  0.2080E+03  0.3411E-01
  0.2090E+03  0.3529E-01
  0.2100E+03  0.3142E-01
  0.2110E+03  0.2578E-01
  0.2120E+03  0.2773E-01
  0.2130E+03  0.2565E-01
  0.2140E+03  0.2566E-01
  0.2150E+03  0.2823E-01
  0.2160E+03  0.2268E-01
  0.2170E+03  0.2127E-01
  0.2180E+03  0.2069E-01
  0.2190E+03  0.2042E-01
  0.2200E+03  0.1766E-01
  0.2210E+03  0.2201E-01
  0.2220E+03  0.2877E-01
  0.2230E+03  0.2480E-01
  0.2240E+03  0.2646E-01
  0.2250E+03  0.2790E-01
  0.2260E+03  0.3337E-01
  0.2270E+03  0.2786E-01
  0.2280E+03  0.3271E-01
  0.2290E+03  0.3752E-01
  0.2300E+03  0.3734E-01
  0.2310E+03  0.4701E-01
  0.2320E+03  0.4602E-01
  0.2330E+03  0.4933E-01
  0.2340E+03  0.5811E-01
  0.2350E+03  0.6478E-01
  0.2360E+03  0.7096E-01
  0.2370E+03  0.7000E-01
  0.2380E+03  0.8679E-01
  0.2390E+03  0.8816E-01
  0.2400E+03  0.8991E-01
  0.2410E+03  0.1020E+00
  0.2420E+03  0.1167E+00
  0.2430E+03  0.1190E+00
  0.2440E+03  0.1206E+00
  0.2450E+03  0.1255E+00
  0.2460E+03  0.1214E+00
  0.2470E+03  0.1238E+00
  0.2480E+03  0.1296E+00
  0.2490E+03  0.1293E+00
  0.2500E+03  0.1237E+00
  0.2510E+03  0.1203E+00
  0.2520E+03  0.1228E+00
  0.2530E+03  0.1204E+00
  0.2540E+03  0.1219E+00
  0.2550E+03  0.1175E+00
  0.2560E+03  0.1165E+00
  0.2570E+03  0.1091E+00
  0.2580E+03  0.9525E-01
  0.2590E+03  0.1058E+00
  0.2600E+03  0.9533E-01
  0.2610E+03  0.8994E-01
  0.2620E+03  0.9395E-01
  0.2630E+03  0.9953E-01
  0.2640E+03  0.8802E-01
  0.2650E+03  0.1030E+00
  0.2660E+03  0.9811E-01
  0.2670E+03  0.8942E-01
  0.2680E+03  0.9840E-01
  0.2690E+03  0.1114E+00
  0.2700E+03  0.1051E+00
  0.2710E+03  0.1017E+00
  0.2720E+03  0.1149E+00
  0.2730E+03  0.1190E+00
  0.2740E+03  0.1111E+00
  0.2750E+03  0.1216E+00
  0.2760E+03  0.1213E+00
  0.2770E+03  0.1320E+00
  0.2780E+03  0.1186E+00
  0.2790E+03  0.1255E+00
  0.2800E+03  0.1352E+00
  0.2810E+03  0.1387E+00
  0.2820E+03  0.1299E+00
  0.2830E+03  0.1257E+00
  0.2840E+03  0.1307E+00
  0.2850E+03  0.1201E+00
  0.2860E+03  0.1423E+00
  0.2870E+03  0.1270E+00
  0.2880E+03  0.1200E+00
  0.2890E+03  0.1048E+00
  0.2900E+03  0.1215E+00
  0.2910E+03  0.1136E+00
  0.2920E+03  0.1111E+00
  0.2930E+03  0.1069E+00
  0.2940E+03  0.9214E-01
  0.2950E+03  0.8534E-01
  0.2960E+03  0.9979E-01
  0.2970E+03  0.8979E-01
  0.2980E+03  0.8544E-01
  0.2990E+03  0.8094E-01
  0.3000E+03  0.7467E-01
  0.3010E+03  0.8140E-01
  0.3020E+03  0.7651E-01
  0.3030E+03  0.7432E-01
  0.3040E+03  0.7932E-01
  0.3050E+03  0.8261E-01
  0.3060E+03  0.7434E-01
  0.3070E+03  0.7111E-01
  0.3080E+03  0.7825E-01
  0.3090E+03  0.7821E-01
  0.3100E+03  0.8591E-01
  0.3110E+03  0.8416E-01
  0.3120E+03  0.8123E-01
  0.3130E+03  0.8707E-01
  0.3140E+03  0.8748E-01
  0.3150E+03  0.9155E-01
  0.3160E+03  0.8518E-01
  0.3170E+03  0.9268E-01
  0.3180E+03  0.8816E-01
  0.3190E+03  0.1050E+00
  0.3200E+03  0.1109E+00
  0.3210E+03  0.1093E+00
  0.3220E+03  0.1070E+00
  0.3230E+03  0.9657E-01
  0.3240E+03  0.1170E+00
  0.3250E+03  0.1217E+00
  0.3260E+03  0.1163E+00
  0.3270E+03  0.1241E+00
  0.3280E+03  0.1216E+00
  0.3290E+03  0.1360E+00
  0.3300E+03  0.1412E+00
  0.3310E+03  0.1487E+00
  0.3320E+03  0.1479E+00
  0.3330E+03  0.1531E+00
  0.3340E+03  0.1552E+00
  0.3350E+03  0.1485E+00
  0.3360E+03  0.1717E+00
  0.3370E+03  0.1569E+00
  0.3380E+03  0.1503E+00
  0.3390E+03  0.1693E+00
  0.3400E+03  0.1622E+00
  0.3410E+03  0.1607E+00
  0.3420E+03  0.1690E+00
  0.3430E+03  0.1729E+00
  0.3440E+03  0.1759E+00
  0.3450E+03  0.1776E+00
  0.3460E+03  0.1859E+00
  0.3470E+03  0.1734E+00
  0.3480E+03  0.1750E+00
  0.3490E+03  0.1607E+00
  0.3500E+03  0.1720E+00
  0.3510E+03  0.1513E+00
  0.3520E+03  0.1410E+00
  0.3530E+03  0.1504E+00
  0.3540E+03  0.1405E+00
  0.3550E+03  0.1524E+00
  0.3560E+03  0.1188E+00
  0.3570E+03  0.1258E+00
  0.3580E+03  0.1157E+00
  0.3590E+03  0.1121E+00
  0.3600E+03  0.9717E-01
  0.3610E+03  0.9999E-01
  0.3620E+03  0.9466E-01
  0.3630E+03  0.8658E-01
  0.3640E+03  0.7683E-01
  0.3650E+03  0.8178E-01
  0.3660E+03  0.6764E-01
  0.3670E+03  0.5980E-01
  0.3680E+03  0.5591E-01
  0.3690E+03  0.5247E-01
  0.3700E+03  0.5197E-01
  0.3710E+03  0.4386E-01
  0.3720E+03  0.4465E-01
  0.3730E+03  0.3959E-01
  0.3740E+03  0.4064E-01
  0.3750E+03  0.3553E-01
  0.3760E+03  0.3140E-01
  0.3770E+03  0.3019E-01
  0.3780E+03  0.2329E-01
  0.3790E+03  0.2639E-01
  0.3800E+03  0.2559E-01
  0.3810E+03  0.2201E-01
  0.3820E+03  0.2446E-01
  0.3830E+03  0.1849E-01
  0.3840E+03  0.1953E-01
  0.3850E+03  0.1920E-01
  0.3860E+03  0.1760E-01
  0.3870E+03  0.1713E-01
  0.3880E+03  0.1546E-01
  0.3890E+03  0.1785E-01
  0.3900E+03  0.1348E-01
  0.3910E+03  0.1562E-01
  0.3920E+03  0.1655E-01
  0.3930E+03  0.1594E-01
  0.3940E+03  0.1884E-01
  0.3950E+03  0.1632E-01
  0.3960E+03  0.1729E-01
  0.3970E+03  0.1266E-01
  0.3980E+03  0.1655E-01
  0.3990E+03  0.1659E-01
  0.4000E+03  0.1753E-01
  0.4010E+03  0.2151E-01
  0.4020E+03  0.1894E-01
  0.4030E+03  0.2430E-01
  0.4040E+03  0.2294E-01
  0.4050E+03  0.2810E-01
  0.4060E+03  0.2357E-01
  0.4070E+03  0.2687E-01
  0.4080E+03  0.2404E-01
  0.4090E+03  0.2940E-01
  0.4100E+03  0.3517E-01
  0.4110E+03  0.3636E-01
  0.4120E+03  0.4393E-01
  0.4130E+03  0.4645E-01
  0.4140E+03  0.4782E-01
  0.4150E+03  0.5341E-01
  0.4160E+03  0.5513E-01
  0.4170E+03  0.6742E-01
  0.4180E+03  0.6035E-01
  0.4190E+03  0.6208E-01
  0.4200E+03  0.7171E-01
  0.4210E+03  0.7506E-01
  0.4220E+03  0.9398E-01
  0.4230E+03  0.9421E-01
  0.4240E+03  0.9434E-01
  0.4250E+03  0.1083E+00
  0.4260E+03  0.9673E-01
  0.4270E+03  0.1055E+00
  0.4280E+03  0.1184E+00
  0.4290E+03  0.1220E+00
  0.4300E+03  0.1278E+00
  0.4310E+03  0.1293E+00
  0.4320E+03  0.1335E+00
  0.4330E+03  0.1340E+00
  0.4340E+03  0.1446E+00
  0.4350E+03  0.1430E+00
  0.4360E+03  0.1488E+00
  0.4370E+03  0.1512E+00
  0.4380E+03  0.1520E+00
  0.4390E+03  0.1514E+00
  0.4400E+03  0.1525E+00
  0.4410E+03  0.1574E+00
  0.4420E+03  0.1600E+00
  0.4430E+03  0.1493E+00
  0.4440E+03  0.1446E+00
  0.4450E+03  0.1387E+00
  0.4460E+03  0.1425E+00
  0.4470E+03  0.1372E+00
  0.4480E+03  0.1432E+00
  0.4490E+03  0.1234E+00
  0.4500E+03  0.1229E+00
  0.4510E+03  0.1256E+00
  0.4520E+03  0.1209E+00
  0.4530E+03  0.1036E+00
  0.4540E+03  0.1038E+00
  0.4550E+03  0.1068E+00
  0.4560E+03  0.9271E-01
  0.4570E+03  0.8388E-01
  0.4580E+03  0.9324E-01
  0.4590E+03  0.7908E-01
  0.4600E+03  0.6790E-01
  0.4610E+03  0.6851E-01
  0.4620E+03  0.6414E-01
  0.4630E+03  0.5717E-01
  0.4640E+03  0.5752E-01
  0.4650E+03  0.5865E-01
  0.4660E+03  0.4627E-01
  0.4670E+03  0.5268E-01
  0.4680E+03  0.4117E-01
  0.4690E+03  0.4799E-01
  0.4700E+03  0.4332E-01
  0.4710E+03  0.4263E-01
  0.4720E+03  0.4056E-01
  0.4730E+03  0.3733E-01
  0.4740E+03  0.3349E-01
  0.4750E+03  0.3871E-01
  0.4760E+03  0.4177E-01
  0.4770E+03  0.3947E-01
  0.4780E+03  0.4148E-01
  0.4790E+03  0.4332E-01
  0.4800E+03  0.4851E-01
  0.4810E+03  0.4704E-01
  0.4820E+03  0.5889E-01
  0.4830E+03  0.5726E-01
  0.4840E+03  0.5699E-01
  0.4850E+03  0.6655E-01
  0.4860E+03  0.6397E-01
  0.4870E+03  0.7483E-01
  0.4880E+03  0.7965E-01
  0.4890E+03  0.8869E-01
  0.4900E+03  0.9300E-01
  0.4910E+03  0.9576E-01
  0.4920E+03  0.1026E+00
  0.4930E+03  0.1069E+00
  0.4940E+03  0.1099E+00
  0.4950E+03  0.1176E+00
  0.4960E+03  0.1227E+00
  0.4970E+03  0.1294E+00
  0.4980E+03  0.1514E+00
  0.4990E+03  0.1535E+00
  0.5000E+03  0.1565E+00
  0.5010E+03  0.1707E+00
  0.5020E+03  0.1848E+00
  0.5030E+03  0.1958E+00
  0.5040E+03  0.2103E+00
  0.5050E+03  0.2152E+00
  0.5060E+03  0.2198E+00
  0.5070E+03  0.2174E+00
  0.5080E+03  0.2394E+00
  0.5090E+03  0.2384E+00
  0.5100E+03  0.2675E+00
  0.5110E+03  0.0000E+00
  0.5120E+03  0.0000E+00
