  0.1000E+01  0.3645E+01
  0.2000E+01  0.3940E+01
  0.3000E+01  0.3914E+01
  0.4000E+01  0.3914E+01
  0.5000E+01  0.3879E+01
  0.6000E+01  0.3748E+01
  0.7000E+01  0.3623E+01
  0.8000E+01  0.3483E+01
  0.9000E+01  0.3352E+01
  0.1000E+02  0.3219E+01
  0.1100E+02  0.3056E+01
  0.1200E+02  0.2931E+01
  0.1300E+02  0.2702E+01
  0.1400E+02  0.2549E+01
  0.1500E+02  0.2396E+01
  0.1600E+02  0.2269E+01
  0.1700E+02  0.2108E+01
  0.1800E+02  0.1990E+01
  0.1900E+02  0.1835E+01
  0.2000E+02  0.1769E+01
  0.2100E+02  0.1594E+01
  0.2200E+02  0.1486E+01
  0.2300E+02  0.1421E+01
  0.2400E+02  0.1281E+01
  0.2500E+02  0.1185E+01
  0.2600E+02  0.1134E+01
  0.2700E+02  0.1063E+01
  0.2800E+02  0.9520E+00
  0.2900E+02  0.8736E+00
  0.3000E+02  0.8306E+00
  0.3100E+02  0.7570E+00
  0.3200E+02  0.7113E+00
  0.3300E+02  0.6617E+00
  0.3400E+02  0.6126E+00
  0.3500E+02  0.5894E+00
  0.3600E+02  0.5266E+00
  0.3700E+02  0.5385E+00
  0.3800E+02  0.4879E+00
  0.3900E+02  0.4837E+00
  0.4000E+02  0.4734E+00
  0.4100E+02  0.4723E+00
  0.4200E+02  0.4920E+00
  0.4300E+02  0.5078E+00
  0.4400E+02  0.5271E+00
  0.4500E+02  0.5673E+00
  0.4600E+02  0.6384E+00
  0.4700E+02  0.6669E+00
  0.4800E+02  0.7478E+00
  0.4900E+02  0.8274E+00
  0.5000E+02  0.9152E+00
  0.5100E+02  0.9962E+00
  0.5200E+02  0.1102E+01
  0.5300E+02  0.1219E+01
  0.5400E+02  0.1340E+01
  0.5500E+02  0.1445E+01
  0.5600E+02  0.1557E+01
  0.5700E+02  0.1689E+01
  0.5800E+02  0.1805E+01
  0.5900E+02  0.1914E+01
  0.6000E+02  0.2024E+01
  0.6100E+02  0.2150E+01
  0.6200E+02  0.2195E+01
  0.6300E+02  0.2317E+01
  0.6400E+02  0.2411E+01
  0.6500E+02  0.2462E+01
  0.6600E+02  0.2603E+01
  0.6700E+02  0.2673E+01
  0.6800E+02  0.2731E+01
  0.6900E+02  0.2797E+01
  0.7000E+02  0.2840E+01
  0.7100E+02  0.2899E+01
  0.7200E+02  0.2977E+01
  0.7300E+02  0.3007E+01
  0.7400E+02  0.3064E+01
  0.7500E+02  0.3150E+01
  0.7600E+02  0.3200E+01
  0.7700E+02  0.3255E+01
  0.7800E+02  0.3317E+01
  0.7900E+02  0.3409E+01
  0.8000E+02  0.3477E+01
  0.8100E+02  0.3643E+01
  0.8200E+02  0.3738E+01
  0.8300E+02  0.3865E+01
  0.8400E+02  0.4115E+01
  0.8500E+02  0.4243E+01
  0.8600E+02  0.4466E+01
  0.8700E+02  0.4615E+01
  0.8800E+02  0.4862E+01
  0.8900E+02  0.5252E+01
  0.9000E+02  0.5570E+01
  0.9100E+02  0.5985E+01
  0.9200E+02  0.6386E+01
  0.9300E+02  0.6923E+01
  0.9400E+02  0.7686E+01
  0.9500E+02  0.8352E+01
  0.9600E+02  0.9051E+01
  0.9700E+02  0.9800E+01
  0.9800E+02  0.1054E+02
  0.9900E+02  0.1101E+02
  0.1000E+03  0.1153E+02
  0.1010E+03  0.1170E+02
  0.1020E+03  0.1185E+02
  0.1030E+03  0.1175E+02
  0.1040E+03  0.1149E+02
  0.1050E+03  0.1111E+02
  0.1060E+03  0.1079E+02
  0.1070E+03  0.1013E+02
  0.1080E+03  0.9442E+01
  0.1090E+03  0.8958E+01
  0.1100E+03  0.8113E+01
  0.1110E+03  0.7542E+01
  0.1120E+03  0.6888E+01
  0.1130E+03  0.6276E+01
  0.1140E+03  0.5689E+01
  0.1150E+03  0.5188E+01
  0.1160E+03  0.4540E+01
  0.1170E+03  0.4108E+01
  0.1180E+03  0.3705E+01
  0.1190E+03  0.3302E+01
  0.1200E+03  0.3011E+01
  0.1210E+03  0.2759E+01
  0.1220E+03  0.2503E+01
  0.1230E+03  0.2356E+01
  0.1240E+03  0.2216E+01
  0.1250E+03  0.2168E+01
  0.1260E+03  0.2044E+01
  0.1270E+03  0.2014E+01
  0.1280E+03  0.1953E+01
  0.1290E+03  0.1920E+01
  0.1300E+03  0.1784E+01
  0.1310E+03  0.1712E+01
  0.1320E+03  0.1629E+01
  0.1330E+03  0.1485E+01
  0.1340E+03  0.1377E+01
  0.1350E+03  0.1260E+01
  0.1360E+03  0.1108E+01
  0.1370E+03  0.9944E+00
  0.1380E+03  0.8667E+00
  0.1390E+03  0.7976E+00
  0.1400E+03  0.6824E+00
  0.1410E+03  0.6344E+00
  0.1420E+03  0.5527E+00
  0.1430E+03  0.4984E+00
  0.1440E+03  0.4757E+00
  0.1450E+03  0.4332E+00
  0.1460E+03  0.4224E+00
  0.1470E+03  0.3995E+00
  0.1480E+03  0.3974E+00
  0.1490E+03  0.3810E+00
  0.1500E+03  0.3520E+00
  0.1510E+03  0.3552E+00
  0.1520E+03  0.3487E+00
  0.1530E+03  0.3475E+00
  0.1540E+03  0.3309E+00
  0.1550E+03  0.3403E+00
  0.1560E+03  0.3156E+00
  0.1570E+03  0.3370E+00
  0.1580E+03  0.3204E+00
  0.1590E+03  0.3285E+00
  0.1600E+03  0.3157E+00
  0.1610E+03  0.3347E+00
  0.1620E+03  0.3383E+00
  0.1630E+03  0.3206E+00
  0.1640E+03  0.3315E+00
  0.1650E+03  0.3350E+00
  0.1660E+03  0.3484E+00
  0.1670E+03  0.3346E+00
  0.1680E+03  0.3305E+00
  0.1690E+03  0.3564E+00
  0.1700E+03  0.3510E+00
  0.1710E+03  0.3700E+00
  0.1720E+03  0.3743E+00
  0.1730E+03  0.3716E+00
  0.1740E+03  0.3726E+00
  0.1750E+03  0.3857E+00
  0.1760E+03  0.3718E+00
  0.1770E+03  0.3832E+00
  0.1780E+03  0.3995E+00
  0.1790E+03  0.4003E+00
  0.1800E+03  0.3744E+00
  0.1810E+03  0.3924E+00
  0.1820E+03  0.3596E+00
  0.1830E+03  0.3887E+00
  0.1840E+03  0.3891E+00
  0.1850E+03  0.3596E+00
  0.1860E+03  0.3578E+00
  0.1870E+03  0.3636E+00
  0.1880E+03  0.3566E+00
  0.1890E+03  0.3465E+00
  0.1900E+03  0.3537E+00
  0.1910E+03  0.3408E+00
  0.1920E+03  0.3249E+00
  0.1930E+03  0.3252E+00
  0.1940E+03  0.3215E+00
  0.1950E+03  0.3195E+00
  0.1960E+03  0.3036E+00
  0.1970E+03  0.3189E+00
  0.1980E+03  0.3061E+00
  0.1990E+03  0.2872E+00
  0.2000E+03  0.2784E+00
  0.2010E+03  0.2763E+00
  0.2020E+03  0.2710E+00
  0.2030E+03  0.2727E+00
  0.2040E+03  0.2698E+00
  0.2050E+03  0.2594E+00
  0.2060E+03  0.2663E+00
  0.2070E+03  0.2502E+00
  0.2080E+03  0.2418E+00
  0.2090E+03  0.2503E+00
  0.2100E+03  0.2216E+00
  0.2110E+03  0.2356E+00
  0.2120E+03  0.2092E+00
  0.2130E+03  0.2242E+00
  0.2140E+03  0.2048E+00
  0.2150E+03  0.2149E+00
  0.2160E+03  0.2144E+00
  0.2170E+03  0.2108E+00
  0.2180E+03  0.1884E+00
  0.2190E+03  0.2040E+00
  0.2200E+03  0.1987E+00
  0.2210E+03  0.1943E+00
  0.2220E+03  0.1914E+00
  0.2230E+03  0.1826E+00
  0.2240E+03  0.1751E+00
  0.2250E+03  0.1742E+00
  0.2260E+03  0.1692E+00
  0.2270E+03  0.1651E+00
  0.2280E+03  0.1640E+00
  0.2290E+03  0.1551E+00
  0.2300E+03  0.1546E+00
  0.2310E+03  0.1428E+00
  0.2320E+03  0.1477E+00
  0.2330E+03  0.1363E+00
  0.2340E+03  0.1382E+00
  0.2350E+03  0.1385E+00
  0.2360E+03  0.1359E+00
  0.2370E+03  0.1159E+00
  0.2380E+03  0.1133E+00
  0.2390E+03  0.1205E+00
  0.2400E+03  0.1180E+00
  0.2410E+03  0.1090E+00
  0.2420E+03  0.1136E+00
  0.2430E+03  0.1084E+00
  0.2440E+03  0.1007E+00
  0.2450E+03  0.9725E-01
  0.2460E+03  0.1061E+00
  0.2470E+03  0.9979E-01
  0.2480E+03  0.9633E-01
  0.2490E+03  0.9262E-01
  0.2500E+03  0.9454E-01
  0.2510E+03  0.8526E-01
  0.2520E+03  0.9006E-01
  0.2530E+03  0.7774E-01
  0.2540E+03  0.7931E-01
  0.2550E+03  0.7757E-01
  0.2560E+03  0.7701E-01
  0.2570E+03  0.7097E-01
  0.2580E+03  0.6526E-01
  0.2590E+03  0.6797E-01
  0.2600E+03  0.6483E-01
  0.2610E+03  0.6147E-01
  0.2620E+03  0.5759E-01
  0.2630E+03  0.5883E-01
  0.2640E+03  0.5963E-01
  0.2650E+03  0.6171E-01
  0.2660E+03  0.4891E-01
  0.2670E+03  0.5545E-01
  0.2680E+03  0.4982E-01
  0.2690E+03  0.5103E-01
  0.2700E+03  0.5383E-01
  0.2710E+03  0.4757E-01
  0.2720E+03  0.5218E-01
  0.2730E+03  0.4738E-01
  0.2740E+03  0.5807E-01
  0.2750E+03  0.4592E-01
  0.2760E+03  0.5001E-01
  0.2770E+03  0.4018E-01
  0.2780E+03  0.4466E-01
  0.2790E+03  0.4183E-01
  0.2800E+03  0.4164E-01
  0.2810E+03  0.3916E-01
  0.2820E+03  0.4678E-01
  0.2830E+03  0.4443E-01
  0.2840E+03  0.4540E-01
  0.2850E+03  0.3789E-01
  0.2860E+03  0.4062E-01
  0.2870E+03  0.3848E-01
  0.2880E+03  0.4275E-01
  0.2890E+03  0.3829E-01
  0.2900E+03  0.4458E-01
  0.2910E+03  0.4615E-01
  0.2920E+03  0.4468E-01
  0.2930E+03  0.4663E-01
  0.2940E+03  0.4050E-01
  0.2950E+03  0.4029E-01
  0.2960E+03  0.3964E-01
  0.2970E+03  0.4127E-01
  0.2980E+03  0.3992E-01
  0.2990E+03  0.3687E-01
  0.3000E+03  0.3726E-01
  0.3010E+03  0.3659E-01
  0.3020E+03  0.3678E-01
  0.3030E+03  0.4346E-01
  0.3040E+03  0.4191E-01
  0.3050E+03  0.4060E-01
  0.3060E+03  0.3788E-01
  0.3070E+03  0.3884E-01
  0.3080E+03  0.3446E-01
  0.3090E+03  0.4124E-01
  0.3100E+03  0.3910E-01
  0.3110E+03  0.3959E-01
  0.3120E+03  0.3681E-01
  0.3130E+03  0.4143E-01
  0.3140E+03  0.3611E-01
  0.3150E+03  0.3656E-01
  0.3160E+03  0.3437E-01
  0.3170E+03  0.4073E-01
  0.3180E+03  0.3342E-01
  0.3190E+03  0.4050E-01
  0.3200E+03  0.3208E-01
  0.3210E+03  0.3555E-01
  0.3220E+03  0.3008E-01
  0.3230E+03  0.3750E-01
  0.3240E+03  0.3623E-01
  0.3250E+03  0.3200E-01
  0.3260E+03  0.2998E-01
  0.3270E+03  0.3305E-01
  0.3280E+03  0.3077E-01
  0.3290E+03  0.3114E-01
  0.3300E+03  0.2984E-01
  0.3310E+03  0.3440E-01
  0.3320E+03  0.3840E-01
  0.3330E+03  0.3451E-01
  0.3340E+03  0.3155E-01
  0.3350E+03  0.3097E-01
  0.3360E+03  0.2917E-01
  0.3370E+03  0.3008E-01
  0.3380E+03  0.2576E-01
  0.3390E+03  0.2807E-01
  0.3400E+03  0.2653E-01
  0.3410E+03  0.2533E-01
  0.3420E+03  0.2812E-01
  0.3430E+03  0.3078E-01
  0.3440E+03  0.3043E-01
  0.3450E+03  0.3093E-01
  0.3460E+03  0.3026E-01
  0.3470E+03  0.2789E-01
  0.3480E+03  0.2788E-01
  0.3490E+03  0.2942E-01
  0.3500E+03  0.2671E-01
  0.3510E+03  0.2866E-01
  0.3520E+03  0.2928E-01
  0.3530E+03  0.2942E-01
  0.3540E+03  0.2581E-01
  0.3550E+03  0.2667E-01
  0.3560E+03  0.2386E-01
  0.3570E+03  0.2433E-01
  0.3580E+03  0.2575E-01
  0.3590E+03  0.2682E-01
  0.3600E+03  0.2864E-01
  0.3610E+03  0.2676E-01
  0.3620E+03  0.2632E-01
  0.3630E+03  0.2342E-01
  0.3640E+03  0.2577E-01
  0.3650E+03  0.2439E-01
  0.3660E+03  0.2317E-01
  0.3670E+03  0.2669E-01
  0.3680E+03  0.2492E-01
  0.3690E+03  0.2697E-01
  0.3700E+03  0.2784E-01
  0.3710E+03  0.2303E-01
  0.3720E+03  0.2006E-01
  0.3730E+03  0.2740E-01
  0.3740E+03  0.2356E-01
  0.3750E+03  0.2416E-01
  0.3760E+03  0.2772E-01
  0.3770E+03  0.2551E-01
  0.3780E+03  0.2313E-01
  0.3790E+03  0.2177E-01
  0.3800E+03  0.1770E-01
  0.3810E+03  0.2412E-01
  0.3820E+03  0.2561E-01
  0.3830E+03  0.2226E-01
  0.3840E+03  0.2131E-01
  0.3850E+03  0.2294E-01
  0.3860E+03  0.1941E-01
  0.3870E+03  0.2286E-01
  0.3880E+03  0.2159E-01
  0.3890E+03  0.2351E-01
  0.3900E+03  0.2327E-01
  0.3910E+03  0.2143E-01
  0.3920E+03  0.2105E-01
  0.3930E+03  0.2337E-01
  0.3940E+03  0.2292E-01
  0.3950E+03  0.2056E-01
  0.3960E+03  0.1877E-01
  0.3970E+03  0.1678E-01
  0.3980E+03  0.2061E-01
  0.3990E+03  0.1741E-01
  0.4000E+03  0.1582E-01
  0.4010E+03  0.2109E-01
  0.4020E+03  0.1603E-01
  0.4030E+03  0.1743E-01
  0.4040E+03  0.1998E-01
  0.4050E+03  0.2031E-01
  0.4060E+03  0.1776E-01
  0.4070E+03  0.1778E-01
  0.4080E+03  0.1943E-01
  0.4090E+03  0.1619E-01
  0.4100E+03  0.1379E-01
  0.4110E+03  0.1432E-01
  0.4120E+03  0.1691E-01
  0.4130E+03  0.1492E-01
  0.4140E+03  0.1527E-01
  0.4150E+03  0.1564E-01
  0.4160E+03  0.1676E-01
  0.4170E+03  0.1211E-01
  0.4180E+03  0.1301E-01
  0.4190E+03  0.1557E-01
  0.4200E+03  0.1350E-01
  0.4210E+03  0.1713E-01
  0.4220E+03  0.1065E-01
  0.4230E+03  0.1490E-01
  0.4240E+03  0.1453E-01
  0.4250E+03  0.1553E-01
  0.4260E+03  0.1252E-01
  0.4270E+03  0.1286E-01
  0.4280E+03  0.1441E-01
  0.4290E+03  0.1375E-01
  0.4300E+03  0.1418E-01
  0.4310E+03  0.1405E-01
  0.4320E+03  0.1061E-01
  0.4330E+03  0.1344E-01
  0.4340E+03  0.1280E-01
  0.4350E+03  0.1438E-01
  0.4360E+03  0.1330E-01
  0.4370E+03  0.1382E-01
  0.4380E+03  0.1273E-01
  0.4390E+03  0.8042E-02
  0.4400E+03  0.1303E-01
  0.4410E+03  0.1044E-01
  0.4420E+03  0.8848E-02
  0.4430E+03  0.1012E-01
  0.4440E+03  0.1127E-01
  0.4450E+03  0.1101E-01
  0.4460E+03  0.1342E-01
  0.4470E+03  0.9656E-02
  0.4480E+03  0.8749E-02
  0.4490E+03  0.1112E-01
  0.4500E+03  0.1182E-01
  0.4510E+03  0.6219E-02
  0.4520E+03  0.1001E-01
  0.4530E+03  0.1069E-01
  0.4540E+03  0.9194E-02
  0.4550E+03  0.6921E-02
  0.4560E+03  0.9968E-02
  0.4570E+03  0.7586E-02
  0.4580E+03  0.8845E-02
  0.4590E+03  0.1134E-01
  0.4600E+03  0.6949E-02
  0.4610E+03  0.9721E-02
  0.4620E+03  0.7633E-02
  0.4630E+03  0.7704E-02
  0.4640E+03  0.8724E-02
  0.4650E+03  0.7158E-02
  0.4660E+03  0.9827E-02
  0.4670E+03  0.1113E-01
  0.4680E+03  0.8784E-02
  0.4690E+03  0.8990E-02
  0.4700E+03  0.7839E-02
  0.4710E+03  0.9687E-02
  0.4720E+03  0.9081E-02
  0.4730E+03  0.9139E-02
  0.4740E+03  0.9956E-02
  0.4750E+03  0.7332E-02
  0.4760E+03  0.8806E-02
  0.4770E+03  0.7605E-02
  0.4780E+03  0.8893E-02
  0.4790E+03  0.9781E-02
  0.4800E+03  0.8419E-02
  0.4810E+03  0.1052E-01
  0.4820E+03  0.8619E-02
  0.4830E+03  0.8349E-02
  0.4840E+03  0.9600E-02
  0.4850E+03  0.9815E-02
  0.4860E+03  0.6754E-02
  0.4870E+03  0.9870E-02
  0.4880E+03  0.8167E-02
  0.4890E+03  0.7095E-02
  0.4900E+03  0.8139E-02
  0.4910E+03  0.6499E-02
  0.4920E+03  0.7721E-02
  0.4930E+03  0.9627E-02
  0.4940E+03  0.7663E-02
  0.4950E+03  0.7357E-02
  0.4960E+03  0.7979E-02
  0.4970E+03  0.6924E-02
  0.4980E+03  0.7584E-02
  0.4990E+03  0.5987E-02
  0.5000E+03  0.6635E-02
  0.5010E+03  0.9168E-02
  0.5020E+03  0.8817E-02
  0.5030E+03  0.7242E-02
  0.5040E+03  0.6281E-02
  0.5050E+03  0.6491E-02
  0.5060E+03  0.7326E-02
  0.5070E+03  0.4878E-02
  0.5080E+03  0.6178E-02
  0.5090E+03  0.8707E-02
  0.5100E+03  0.6512E-02
  0.5110E+03  0.0000E+00
  0.5120E+03  0.0000E+00
