  0.1000E+01  0.1968E+02
  0.2000E+01  0.2243E+02
  0.3000E+01  0.2271E+02
  0.4000E+01  0.2327E+02
  0.5000E+01  0.2284E+02
  0.6000E+01  0.2351E+02
  0.7000E+01  0.2373E+02
  0.8000E+01  0.2320E+02
  0.9000E+01  0.2387E+02
  0.1000E+02  0.2432E+02
  0.1100E+02  0.2322E+02
  0.1200E+02  0.2403E+02
  0.1300E+02  0.2359E+02
  0.1400E+02  0.2324E+02
  0.1500E+02  0.2395E+02
  0.1600E+02  0.2398E+02
  0.1700E+02  0.2414E+02
  0.1800E+02  0.2315E+02
  0.1900E+02  0.2336E+02
  0.2000E+02  0.2332E+02
  0.2100E+02  0.2365E+02
  0.2200E+02  0.2295E+02
  0.2300E+02  0.2300E+02
  0.2400E+02  0.2277E+02
  0.2500E+02  0.2329E+02
  0.2600E+02  0.2270E+02
  0.2700E+02  0.2303E+02
  0.2800E+02  0.2313E+02
  0.2900E+02  0.2264E+02
  0.3000E+02  0.2290E+02
  0.3100E+02  0.2258E+02
  0.3200E+02  0.2220E+02
  0.3300E+02  0.2190E+02
  0.3400E+02  0.2156E+02
  0.3500E+02  0.2231E+02
  0.3600E+02  0.2210E+02
  0.3700E+02  0.2240E+02
  0.3800E+02  0.2160E+02
  0.3900E+02  0.2170E+02
  0.4000E+02  0.2116E+02
  0.4100E+02  0.2091E+02
  0.4200E+02  0.2114E+02
  0.4300E+02  0.2149E+02
  0.4400E+02  0.2203E+02
  0.4500E+02  0.2199E+02
  0.4600E+02  0.2212E+02
  0.4700E+02  0.2086E+02
  0.4800E+02  0.2258E+02
  0.4900E+02  0.2245E+02
  0.5000E+02  0.2305E+02
  0.5100E+02  0.2294E+02
  0.5200E+02  0.2340E+02
  0.5300E+02  0.2449E+02
  0.5400E+02  0.2493E+02
  0.5500E+02  0.2342E+02
  0.5600E+02  0.2404E+02
  0.5700E+02  0.2573E+02
  0.5800E+02  0.2589E+02
  0.5900E+02  0.2616E+02
  0.6000E+02  0.2623E+02
  0.6100E+02  0.2688E+02
  0.6200E+02  0.2764E+02
  0.6300E+02  0.2778E+02
  0.6400E+02  0.2845E+02
  0.6500E+02  0.2921E+02
  0.6600E+02  0.2949E+02
  0.6700E+02  0.2968E+02
  0.6800E+02  0.3057E+02
  0.6900E+02  0.3004E+02
  0.7000E+02  0.3154E+02
  0.7100E+02  0.3182E+02
  0.7200E+02  0.3170E+02
  0.7300E+02  0.3271E+02
  0.7400E+02  0.3311E+02
  0.7500E+02  0.3356E+02
  0.7600E+02  0.3374E+02
  0.7700E+02  0.3396E+02
  0.7800E+02  0.3396E+02
  0.7900E+02  0.3402E+02
  0.8000E+02  0.3483E+02
  0.8100E+02  0.3482E+02
  0.8200E+02  0.3436E+02
  0.8300E+02  0.3428E+02
  0.8400E+02  0.3550E+02
  0.8500E+02  0.3374E+02
  0.8600E+02  0.3431E+02
  0.8700E+02  0.3461E+02
  0.8800E+02  0.3510E+02
  0.8900E+02  0.3503E+02
  0.9000E+02  0.3530E+02
  0.9100E+02  0.3503E+02
  0.9200E+02  0.3593E+02
  0.9300E+02  0.3518E+02
  0.9400E+02  0.3609E+02
  0.9500E+02  0.3537E+02
  0.9600E+02  0.3475E+02
  0.9700E+02  0.3575E+02
  0.9800E+02  0.3507E+02
  0.9900E+02  0.3548E+02
  0.1000E+03  0.3551E+02
  0.1010E+03  0.3530E+02
  0.1020E+03  0.3645E+02
  0.1030E+03  0.3622E+02
  0.1040E+03  0.3552E+02
  0.1050E+03  0.3657E+02
  0.1060E+03  0.3539E+02
  0.1070E+03  0.3565E+02
  0.1080E+03  0.3562E+02
  0.1090E+03  0.3648E+02
  0.1100E+03  0.3612E+02
  0.1110E+03  0.3589E+02
  0.1120E+03  0.3612E+02
  0.1130E+03  0.3556E+02
  0.1140E+03  0.3646E+02
  0.1150E+03  0.3648E+02
  0.1160E+03  0.3638E+02
  0.1170E+03  0.3712E+02
  0.1180E+03  0.3684E+02
  0.1190E+03  0.3599E+02
  0.1200E+03  0.3763E+02
  0.1210E+03  0.3701E+02
  0.1220E+03  0.3817E+02
  0.1230E+03  0.3871E+02
  0.1240E+03  0.3877E+02
  0.1250E+03  0.3776E+02
  0.1260E+03  0.3934E+02
  0.1270E+03  0.3921E+02
  0.1280E+03  0.4082E+02
  0.1290E+03  0.3983E+02
  0.1300E+03  0.3953E+02
  0.1310E+03  0.4029E+02
  0.1320E+03  0.4086E+02
  0.1330E+03  0.4126E+02
  0.1340E+03  0.4110E+02
  0.1350E+03  0.4249E+02
  0.1360E+03  0.4214E+02
  0.1370E+03  0.4249E+02
  0.1380E+03  0.4192E+02
  0.1390E+03  0.4283E+02
  0.1400E+03  0.4313E+02
  0.1410E+03  0.4387E+02
  0.1420E+03  0.4402E+02
  0.1430E+03  0.4472E+02
  0.1440E+03  0.4516E+02
  0.1450E+03  0.4588E+02
  0.1460E+03  0.4560E+02
  0.1470E+03  0.4567E+02
  0.1480E+03  0.4672E+02
  0.1490E+03  0.4692E+02
  0.1500E+03  0.4732E+02
  0.1510E+03  0.4769E+02
  0.1520E+03  0.4844E+02
  0.1530E+03  0.4819E+02
  0.1540E+03  0.4819E+02
  0.1550E+03  0.4967E+02
  0.1560E+03  0.5006E+02
  0.1570E+03  0.5033E+02
  0.1580E+03  0.5048E+02
  0.1590E+03  0.5228E+02
  0.1600E+03  0.5181E+02
  0.1610E+03  0.5209E+02
  0.1620E+03  0.5320E+02
  0.1630E+03  0.5290E+02
  0.1640E+03  0.5275E+02
  0.1650E+03  0.5423E+02
  0.1660E+03  0.5418E+02
  0.1670E+03  0.5455E+02
  0.1680E+03  0.5573E+02
  0.1690E+03  0.5626E+02
  0.1700E+03  0.5564E+02
  0.1710E+03  0.5626E+02
  0.1720E+03  0.5551E+02
  0.1730E+03  0.5508E+02
  0.1740E+03  0.5511E+02
  0.1750E+03  0.5371E+02
  0.1760E+03  0.5392E+02
  0.1770E+03  0.5373E+02
  0.1780E+03  0.5303E+02
  0.1790E+03  0.5365E+02
  0.1800E+03  0.5191E+02
  0.1810E+03  0.5076E+02
  0.1820E+03  0.5162E+02
  0.1830E+03  0.4968E+02
  0.1840E+03  0.4895E+02
  0.1850E+03  0.4846E+02
  0.1860E+03  0.4701E+02
  0.1870E+03  0.4641E+02
  0.1880E+03  0.4471E+02
  0.1890E+03  0.4439E+02
  0.1900E+03  0.4247E+02
  0.1910E+03  0.4173E+02
  0.1920E+03  0.4149E+02
  0.1930E+03  0.4071E+02
  0.1940E+03  0.3996E+02
  0.1950E+03  0.3923E+02
  0.1960E+03  0.3815E+02
  0.1970E+03  0.3774E+02
  0.1980E+03  0.3588E+02
  0.1990E+03  0.3563E+02
  0.2000E+03  0.3518E+02
  0.2010E+03  0.3569E+02
  0.2020E+03  0.3502E+02
  0.2030E+03  0.3316E+02
  0.2040E+03  0.3278E+02
  0.2050E+03  0.3231E+02
  0.2060E+03  0.3096E+02
  0.2070E+03  0.3084E+02
  0.2080E+03  0.3061E+02
  0.2090E+03  0.2926E+02
  0.2100E+03  0.2866E+02
  0.2110E+03  0.2749E+02
  0.2120E+03  0.2781E+02
  0.2130E+03  0.2740E+02
  0.2140E+03  0.2628E+02
  0.2150E+03  0.2622E+02
  0.2160E+03  0.2549E+02
  0.2170E+03  0.2579E+02
  0.2180E+03  0.2463E+02
  0.2190E+03  0.2516E+02
  0.2200E+03  0.2373E+02
  0.2210E+03  0.2430E+02
  0.2220E+03  0.2381E+02
  0.2230E+03  0.2272E+02
  0.2240E+03  0.2312E+02
  0.2250E+03  0.2167E+02
  0.2260E+03  0.2176E+02
  0.2270E+03  0.2116E+02
  0.2280E+03  0.2207E+02
  0.2290E+03  0.2139E+02
  0.2300E+03  0.2054E+02
  0.2310E+03  0.1973E+02
  0.2320E+03  0.1992E+02
  0.2330E+03  0.1961E+02
  0.2340E+03  0.1897E+02
  0.2350E+03  0.1883E+02
  0.2360E+03  0.1860E+02
  0.2370E+03  0.1851E+02
  0.2380E+03  0.1831E+02
  0.2390E+03  0.1790E+02
  0.2400E+03  0.1759E+02
  0.2410E+03  0.1755E+02
  0.2420E+03  0.1711E+02
  0.2430E+03  0.1686E+02
  0.2440E+03  0.1653E+02
  0.2450E+03  0.1634E+02
  0.2460E+03  0.1637E+02
  0.2470E+03  0.1623E+02
  0.2480E+03  0.1599E+02
  0.2490E+03  0.1583E+02
  0.2500E+03  0.1486E+02
  0.2510E+03  0.1489E+02
  0.2520E+03  0.1533E+02
  0.2530E+03  0.1459E+02
  0.2540E+03  0.1418E+02
  0.2550E+03  0.1395E+02
  0.2560E+03  0.1376E+02
  0.2570E+03  0.1357E+02
  0.2580E+03  0.1337E+02
  0.2590E+03  0.1342E+02
  0.2600E+03  0.1276E+02
  0.2610E+03  0.1344E+02
  0.2620E+03  0.1365E+02
  0.2630E+03  0.1282E+02
  0.2640E+03  0.1281E+02
  0.2650E+03  0.1249E+02
  0.2660E+03  0.1304E+02
  0.2670E+03  0.1221E+02
  0.2680E+03  0.1244E+02
  0.2690E+03  0.1166E+02
  0.2700E+03  0.1160E+02
  0.2710E+03  0.1177E+02
  0.2720E+03  0.1168E+02
  0.2730E+03  0.1113E+02
  0.2740E+03  0.1106E+02
  0.2750E+03  0.1124E+02
  0.2760E+03  0.1113E+02
  0.2770E+03  0.1050E+02
  0.2780E+03  0.1099E+02
  0.2790E+03  0.1021E+02
  0.2800E+03  0.1102E+02
  0.2810E+03  0.1042E+02
  0.2820E+03  0.1014E+02
  0.2830E+03  0.9733E+01
  0.2840E+03  0.1006E+02
  0.2850E+03  0.9271E+01
  0.2860E+03  0.9661E+01
  0.2870E+03  0.9298E+01
  0.2880E+03  0.9236E+01
  0.2890E+03  0.9067E+01
  0.2900E+03  0.9820E+01
  0.2910E+03  0.9144E+01
  0.2920E+03  0.8846E+01
  0.2930E+03  0.8527E+01
  0.2940E+03  0.8893E+01
  0.2950E+03  0.8692E+01
  0.2960E+03  0.8373E+01
  0.2970E+03  0.8513E+01
  0.2980E+03  0.8550E+01
  0.2990E+03  0.8110E+01
  0.3000E+03  0.8224E+01
  0.3010E+03  0.8288E+01
  0.3020E+03  0.7921E+01
  0.3030E+03  0.7949E+01
  0.3040E+03  0.7867E+01
  0.3050E+03  0.7852E+01
  0.3060E+03  0.7595E+01
  0.3070E+03  0.7879E+01
  0.3080E+03  0.7645E+01
  0.3090E+03  0.7352E+01
  0.3100E+03  0.7538E+01
  0.3110E+03  0.7505E+01
  0.3120E+03  0.7432E+01
  0.3130E+03  0.7046E+01
  0.3140E+03  0.7016E+01
  0.3150E+03  0.7039E+01
  0.3160E+03  0.6973E+01
  0.3170E+03  0.6937E+01
  0.3180E+03  0.6556E+01
  0.3190E+03  0.6486E+01
  0.3200E+03  0.6440E+01
  0.3210E+03  0.6136E+01
  0.3220E+03  0.6350E+01
  0.3230E+03  0.6670E+01
  0.3240E+03  0.6232E+01
  0.3250E+03  0.6347E+01
  0.3260E+03  0.6140E+01
  0.3270E+03  0.6097E+01
  0.3280E+03  0.5878E+01
  0.3290E+03  0.5761E+01
  0.3300E+03  0.5639E+01
  0.3310E+03  0.5705E+01
  0.3320E+03  0.5631E+01
  0.3330E+03  0.5550E+01
  0.3340E+03  0.5621E+01
  0.3350E+03  0.5818E+01
  0.3360E+03  0.5136E+01
  0.3370E+03  0.5521E+01
  0.3380E+03  0.5617E+01
  0.3390E+03  0.5416E+01
  0.3400E+03  0.5328E+01
  0.3410E+03  0.5261E+01
  0.3420E+03  0.5157E+01
  0.3430E+03  0.5127E+01
  0.3440E+03  0.5014E+01
  0.3450E+03  0.4670E+01
  0.3460E+03  0.4713E+01
  0.3470E+03  0.4718E+01
  0.3480E+03  0.4746E+01
  0.3490E+03  0.4406E+01
  0.3500E+03  0.4753E+01
  0.3510E+03  0.4577E+01
  0.3520E+03  0.4735E+01
  0.3530E+03  0.4404E+01
  0.3540E+03  0.4460E+01
  0.3550E+03  0.4845E+01
  0.3560E+03  0.4339E+01
  0.3570E+03  0.4359E+01
  0.3580E+03  0.4433E+01
  0.3590E+03  0.4174E+01
  0.3600E+03  0.4234E+01
  0.3610E+03  0.3970E+01
  0.3620E+03  0.4315E+01
  0.3630E+03  0.3958E+01
  0.3640E+03  0.4284E+01
  0.3650E+03  0.3811E+01
  0.3660E+03  0.3923E+01
  0.3670E+03  0.3906E+01
  0.3680E+03  0.3876E+01
  0.3690E+03  0.3888E+01
  0.3700E+03  0.3604E+01
  0.3710E+03  0.3716E+01
  0.3720E+03  0.3872E+01
  0.3730E+03  0.3872E+01
  0.3740E+03  0.3658E+01
  0.3750E+03  0.3702E+01
  0.3760E+03  0.3576E+01
  0.3770E+03  0.3571E+01
  0.3780E+03  0.3643E+01
  0.3790E+03  0.2982E+01
  0.3800E+03  0.3427E+01
  0.3810E+03  0.3466E+01
  0.3820E+03  0.3454E+01
  0.3830E+03  0.3452E+01
  0.3840E+03  0.3304E+01
  0.3850E+03  0.3431E+01
  0.3860E+03  0.3319E+01
  0.3870E+03  0.3037E+01
  0.3880E+03  0.3018E+01
  0.3890E+03  0.3134E+01
  0.3900E+03  0.2935E+01
  0.3910E+03  0.3041E+01
  0.3920E+03  0.3005E+01
  0.3930E+03  0.3006E+01
  0.3940E+03  0.3059E+01
  0.3950E+03  0.3035E+01
  0.3960E+03  0.2943E+01
  0.3970E+03  0.2736E+01
  0.3980E+03  0.2834E+01
  0.3990E+03  0.2776E+01
  0.4000E+03  0.2739E+01
  0.4010E+03  0.2672E+01
  0.4020E+03  0.2845E+01
  0.4030E+03  0.2645E+01
  0.4040E+03  0.2667E+01
  0.4050E+03  0.2559E+01
  0.4060E+03  0.2640E+01
  0.4070E+03  0.2512E+01
  0.4080E+03  0.2211E+01
  0.4090E+03  0.2459E+01
  0.4100E+03  0.2375E+01
  0.4110E+03  0.2726E+01
  0.4120E+03  0.2142E+01
  0.4130E+03  0.2204E+01
  0.4140E+03  0.2276E+01
  0.4150E+03  0.2379E+01
  0.4160E+03  0.2347E+01
  0.4170E+03  0.2165E+01
  0.4180E+03  0.2258E+01
  0.4190E+03  0.2103E+01
  0.4200E+03  0.2183E+01
  0.4210E+03  0.2224E+01
  0.4220E+03  0.1963E+01
  0.4230E+03  0.2041E+01
  0.4240E+03  0.1748E+01
  0.4250E+03  0.2221E+01
  0.4260E+03  0.1976E+01
  0.4270E+03  0.1863E+01
  0.4280E+03  0.1705E+01
  0.4290E+03  0.1990E+01
  0.4300E+03  0.1614E+01
  0.4310E+03  0.1849E+01
  0.4320E+03  0.1828E+01
  0.4330E+03  0.1872E+01
  0.4340E+03  0.1665E+01
  0.4350E+03  0.1669E+01
  0.4360E+03  0.1746E+01
  0.4370E+03  0.1717E+01
  0.4380E+03  0.1643E+01
  0.4390E+03  0.1785E+01
  0.4400E+03  0.1686E+01
  0.4410E+03  0.1557E+01
  0.4420E+03  0.1580E+01
  0.4430E+03  0.1652E+01
  0.4440E+03  0.1491E+01
  0.4450E+03  0.1596E+01
  0.4460E+03  0.1606E+01
  0.4470E+03  0.1400E+01
  0.4480E+03  0.1530E+01
  0.4490E+03  0.1474E+01
  0.4500E+03  0.1385E+01
  0.4510E+03  0.1532E+01
  0.4520E+03  0.1349E+01
  0.4530E+03  0.1265E+01
  0.4540E+03  0.1392E+01
  0.4550E+03  0.1265E+01
  0.4560E+03  0.1286E+01
  0.4570E+03  0.1229E+01
  0.4580E+03  0.1338E+01
  0.4590E+03  0.1335E+01
  0.4600E+03  0.1319E+01
  0.4610E+03  0.1227E+01
  0.4620E+03  0.1207E+01
  0.4630E+03  0.1305E+01
  0.4640E+03  0.1120E+01
  0.4650E+03  0.1238E+01
  0.4660E+03  0.1155E+01
  0.4670E+03  0.9957E+00
  0.4680E+03  0.9648E+00
  0.4690E+03  0.1144E+01
  0.4700E+03  0.1012E+01
  0.4710E+03  0.1008E+01
  0.4720E+03  0.9870E+00
  0.4730E+03  0.1032E+01
  0.4740E+03  0.1059E+01
  0.4750E+03  0.9988E+00
  0.4760E+03  0.1017E+01
  0.4770E+03  0.1083E+01
  0.4780E+03  0.9551E+00
  0.4790E+03  0.8034E+00
  0.4800E+03  0.9652E+00
  0.4810E+03  0.9445E+00
  0.4820E+03  0.9368E+00
  0.4830E+03  0.9153E+00
  0.4840E+03  0.1016E+01
  0.4850E+03  0.8441E+00
  0.4860E+03  0.7386E+00
  0.4870E+03  0.7930E+00
  0.4880E+03  0.9725E+00
  0.4890E+03  0.7727E+00
  0.4900E+03  0.8147E+00
  0.4910E+03  0.9110E+00
  0.4920E+03  0.6678E+00
  0.4930E+03  0.8804E+00
  0.4940E+03  0.9654E+00
  0.4950E+03  0.9055E+00
  0.4960E+03  0.5824E+00
  0.4970E+03  0.7389E+00
  0.4980E+03  0.8466E+00
  0.4990E+03  0.6205E+00
  0.5000E+03  0.7644E+00
  0.5010E+03  0.6484E+00
  0.5020E+03  0.6190E+00
  0.5030E+03  0.7210E+00
  0.5040E+03  0.6558E+00
  0.5050E+03  0.5939E+00
  0.5060E+03  0.6995E+00
  0.5070E+03  0.6815E+00
  0.5080E+03  0.4889E+00
  0.5090E+03  0.6537E+00
  0.5100E+03  0.5714E+00
  0.5110E+03  0.0000E+00
  0.5120E+03  0.0000E+00
