  0.1000E+01  0.1890E+02
  0.2000E+01  0.2150E+02
  0.3000E+01  0.2241E+02
  0.4000E+01  0.2336E+02
  0.5000E+01  0.2325E+02
  0.6000E+01  0.2385E+02
  0.7000E+01  0.2376E+02
  0.8000E+01  0.2430E+02
  0.9000E+01  0.2490E+02
  0.1000E+02  0.2529E+02
  0.1100E+02  0.2485E+02
  0.1200E+02  0.2453E+02
  0.1300E+02  0.2395E+02
  0.1400E+02  0.2433E+02
  0.1500E+02  0.2445E+02
  0.1600E+02  0.2467E+02
  0.1700E+02  0.2413E+02
  0.1800E+02  0.2422E+02
  0.1900E+02  0.2415E+02
  0.2000E+02  0.2464E+02
  0.2100E+02  0.2453E+02
  0.2200E+02  0.2481E+02
  0.2300E+02  0.2386E+02
  0.2400E+02  0.2488E+02
  0.2500E+02  0.2725E+02
  0.2600E+02  0.2827E+02
  0.2700E+02  0.2981E+02
  0.2800E+02  0.2889E+02
  0.2900E+02  0.2856E+02
  0.3000E+02  0.2649E+02
  0.3100E+02  0.2604E+02
  0.3200E+02  0.2480E+02
  0.3300E+02  0.2409E+02
  0.3400E+02  0.2310E+02
  0.3500E+02  0.2383E+02
  0.3600E+02  0.2334E+02
  0.3700E+02  0.2264E+02
  0.3800E+02  0.2219E+02
  0.3900E+02  0.2223E+02
  0.4000E+02  0.2217E+02
  0.4100E+02  0.2305E+02
  0.4200E+02  0.2291E+02
  0.4300E+02  0.2222E+02
  0.4400E+02  0.2277E+02
  0.4500E+02  0.2213E+02
  0.4600E+02  0.2288E+02
  0.4700E+02  0.2253E+02
  0.4800E+02  0.2246E+02
  0.4900E+02  0.2233E+02
  0.5000E+02  0.2271E+02
  0.5100E+02  0.2308E+02
  0.5200E+02  0.2269E+02
  0.5300E+02  0.2314E+02
  0.5400E+02  0.2196E+02
  0.5500E+02  0.2269E+02
  0.5600E+02  0.2335E+02
  0.5700E+02  0.2272E+02
  0.5800E+02  0.2212E+02
  0.5900E+02  0.2233E+02
  0.6000E+02  0.2221E+02
  0.6100E+02  0.2080E+02
  0.6200E+02  0.2131E+02
  0.6300E+02  0.2126E+02
  0.6400E+02  0.2101E+02
  0.6500E+02  0.2057E+02
  0.6600E+02  0.2058E+02
  0.6700E+02  0.2020E+02
  0.6800E+02  0.1975E+02
  0.6900E+02  0.1967E+02
  0.7000E+02  0.1968E+02
  0.7100E+02  0.1954E+02
  0.7200E+02  0.1989E+02
  0.7300E+02  0.1953E+02
  0.7400E+02  0.1941E+02
  0.7500E+02  0.1971E+02
  0.7600E+02  0.1981E+02
  0.7700E+02  0.1946E+02
  0.7800E+02  0.1965E+02
  0.7900E+02  0.1872E+02
  0.8000E+02  0.1825E+02
  0.8100E+02  0.1904E+02
  0.8200E+02  0.1787E+02
  0.8300E+02  0.1880E+02
  0.8400E+02  0.1826E+02
  0.8500E+02  0.1850E+02
  0.8600E+02  0.1848E+02
  0.8700E+02  0.1883E+02
  0.8800E+02  0.1789E+02
  0.8900E+02  0.1922E+02
  0.9000E+02  0.1808E+02
  0.9100E+02  0.1817E+02
  0.9200E+02  0.1781E+02
  0.9300E+02  0.1867E+02
  0.9400E+02  0.1770E+02
  0.9500E+02  0.1792E+02
  0.9600E+02  0.1830E+02
  0.9700E+02  0.1822E+02
  0.9800E+02  0.1805E+02
  0.9900E+02  0.1767E+02
  0.1000E+03  0.1772E+02
  0.1010E+03  0.1783E+02
  0.1020E+03  0.1768E+02
  0.1030E+03  0.1825E+02
  0.1040E+03  0.1744E+02
  0.1050E+03  0.1733E+02
  0.1060E+03  0.1727E+02
  0.1070E+03  0.1799E+02
  0.1080E+03  0.1741E+02
  0.1090E+03  0.1790E+02
  0.1100E+03  0.1708E+02
  0.1110E+03  0.1803E+02
  0.1120E+03  0.1790E+02
  0.1130E+03  0.1753E+02
  0.1140E+03  0.1721E+02
  0.1150E+03  0.1721E+02
  0.1160E+03  0.1763E+02
  0.1170E+03  0.1754E+02
  0.1180E+03  0.1749E+02
  0.1190E+03  0.1824E+02
  0.1200E+03  0.1820E+02
  0.1210E+03  0.1790E+02
  0.1220E+03  0.1778E+02
  0.1230E+03  0.1808E+02
  0.1240E+03  0.1924E+02
  0.1250E+03  0.1829E+02
  0.1260E+03  0.1835E+02
  0.1270E+03  0.1870E+02
  0.1280E+03  0.1836E+02
  0.1290E+03  0.1979E+02
  0.1300E+03  0.1885E+02
  0.1310E+03  0.1913E+02
  0.1320E+03  0.1898E+02
  0.1330E+03  0.1858E+02
  0.1340E+03  0.1838E+02
  0.1350E+03  0.1926E+02
  0.1360E+03  0.1896E+02
  0.1370E+03  0.1922E+02
  0.1380E+03  0.1880E+02
  0.1390E+03  0.1977E+02
  0.1400E+03  0.1944E+02
  0.1410E+03  0.2082E+02
  0.1420E+03  0.2193E+02
  0.1430E+03  0.2287E+02
  0.1440E+03  0.2528E+02
  0.1450E+03  0.2852E+02
  0.1460E+03  0.3087E+02
  0.1470E+03  0.3569E+02
  0.1480E+03  0.3991E+02
  0.1490E+03  0.4476E+02
  0.1500E+03  0.5153E+02
  0.1510E+03  0.5859E+02
  0.1520E+03  0.6464E+02
  0.1530E+03  0.7264E+02
  0.1540E+03  0.7962E+02
  0.1550E+03  0.8527E+02
  0.1560E+03  0.9006E+02
  0.1570E+03  0.9360E+02
  0.1580E+03  0.9684E+02
  0.1590E+03  0.9684E+02
  0.1600E+03  0.9557E+02
  0.1610E+03  0.9370E+02
  0.1620E+03  0.9053E+02
  0.1630E+03  0.8477E+02
  0.1640E+03  0.7823E+02
  0.1650E+03  0.7106E+02
  0.1660E+03  0.6503E+02
  0.1670E+03  0.5811E+02
  0.1680E+03  0.5106E+02
  0.1690E+03  0.4554E+02
  0.1700E+03  0.3920E+02
  0.1710E+03  0.3416E+02
  0.1720E+03  0.3127E+02
  0.1730E+03  0.2799E+02
  0.1740E+03  0.2554E+02
  0.1750E+03  0.2293E+02
  0.1760E+03  0.2133E+02
  0.1770E+03  0.2038E+02
  0.1780E+03  0.2058E+02
  0.1790E+03  0.2000E+02
  0.1800E+03  0.2003E+02
  0.1810E+03  0.1966E+02
  0.1820E+03  0.1923E+02
  0.1830E+03  0.1892E+02
  0.1840E+03  0.1946E+02
  0.1850E+03  0.1967E+02
  0.1860E+03  0.1969E+02
  0.1870E+03  0.1949E+02
  0.1880E+03  0.1980E+02
  0.1890E+03  0.2018E+02
  0.1900E+03  0.1968E+02
  0.1910E+03  0.2016E+02
  0.1920E+03  0.1964E+02
  0.1930E+03  0.2038E+02
  0.1940E+03  0.2004E+02
  0.1950E+03  0.2079E+02
  0.1960E+03  0.2014E+02
  0.1970E+03  0.2032E+02
  0.1980E+03  0.2046E+02
  0.1990E+03  0.2015E+02
  0.2000E+03  0.2156E+02
  0.2010E+03  0.2082E+02
  0.2020E+03  0.2118E+02
  0.2030E+03  0.2045E+02
  0.2040E+03  0.1988E+02
  0.2050E+03  0.2076E+02
  0.2060E+03  0.2154E+02
  0.2070E+03  0.2186E+02
  0.2080E+03  0.2119E+02
  0.2090E+03  0.2123E+02
  0.2100E+03  0.2113E+02
  0.2110E+03  0.2156E+02
  0.2120E+03  0.2183E+02
  0.2130E+03  0.2213E+02
  0.2140E+03  0.2218E+02
  0.2150E+03  0.2203E+02
  0.2160E+03  0.2206E+02
  0.2170E+03  0.2321E+02
  0.2180E+03  0.2255E+02
  0.2190E+03  0.2237E+02
  0.2200E+03  0.2328E+02
  0.2210E+03  0.2306E+02
  0.2220E+03  0.2393E+02
  0.2230E+03  0.2400E+02
  0.2240E+03  0.2429E+02
  0.2250E+03  0.2451E+02
  0.2260E+03  0.2398E+02
  0.2270E+03  0.2546E+02
  0.2280E+03  0.2469E+02
  0.2290E+03  0.2503E+02
  0.2300E+03  0.2507E+02
  0.2310E+03  0.2544E+02
  0.2320E+03  0.2572E+02
  0.2330E+03  0.2623E+02
  0.2340E+03  0.2705E+02
  0.2350E+03  0.2687E+02
  0.2360E+03  0.2745E+02
  0.2370E+03  0.2769E+02
  0.2380E+03  0.2860E+02
  0.2390E+03  0.2841E+02
  0.2400E+03  0.2876E+02
  0.2410E+03  0.2944E+02
  0.2420E+03  0.2991E+02
  0.2430E+03  0.3072E+02
  0.2440E+03  0.3078E+02
  0.2450E+03  0.3031E+02
  0.2460E+03  0.3090E+02
  0.2470E+03  0.3134E+02
  0.2480E+03  0.3146E+02
  0.2490E+03  0.3219E+02
  0.2500E+03  0.3277E+02
  0.2510E+03  0.3244E+02
  0.2520E+03  0.3276E+02
  0.2530E+03  0.3268E+02
  0.2540E+03  0.3345E+02
  0.2550E+03  0.3437E+02
  0.2560E+03  0.3378E+02
  0.2570E+03  0.3395E+02
  0.2580E+03  0.3417E+02
  0.2590E+03  0.3386E+02
  0.2600E+03  0.3455E+02
  0.2610E+03  0.3484E+02
  0.2620E+03  0.3575E+02
  0.2630E+03  0.3528E+02
  0.2640E+03  0.3591E+02
  0.2650E+03  0.3565E+02
  0.2660E+03  0.3578E+02
  0.2670E+03  0.3638E+02
  0.2680E+03  0.3832E+02
  0.2690E+03  0.3800E+02
  0.2700E+03  0.3826E+02
  0.2710E+03  0.3811E+02
  0.2720E+03  0.3822E+02
  0.2730E+03  0.3859E+02
  0.2740E+03  0.3839E+02
  0.2750E+03  0.3996E+02
  0.2760E+03  0.3950E+02
  0.2770E+03  0.3941E+02
  0.2780E+03  0.3987E+02
  0.2790E+03  0.3954E+02
  0.2800E+03  0.3978E+02
  0.2810E+03  0.3928E+02
  0.2820E+03  0.3923E+02
  0.2830E+03  0.3926E+02
  0.2840E+03  0.3940E+02
  0.2850E+03  0.3866E+02
  0.2860E+03  0.3861E+02
  0.2870E+03  0.3793E+02
  0.2880E+03  0.3873E+02
  0.2890E+03  0.3864E+02
  0.2900E+03  0.3775E+02
  0.2910E+03  0.3823E+02
  0.2920E+03  0.3745E+02
  0.2930E+03  0.3798E+02
  0.2940E+03  0.3714E+02
  0.2950E+03  0.3758E+02
  0.2960E+03  0.3785E+02
  0.2970E+03  0.3698E+02
  0.2980E+03  0.3848E+02
  0.2990E+03  0.3746E+02
  0.3000E+03  0.3782E+02
  0.3010E+03  0.3762E+02
  0.3020E+03  0.3749E+02
  0.3030E+03  0.3809E+02
  0.3040E+03  0.3754E+02
  0.3050E+03  0.3877E+02
  0.3060E+03  0.3907E+02
  0.3070E+03  0.4111E+02
  0.3080E+03  0.4021E+02
  0.3090E+03  0.4096E+02
  0.3100E+03  0.4047E+02
  0.3110E+03  0.4146E+02
  0.3120E+03  0.4195E+02
  0.3130E+03  0.4298E+02
  0.3140E+03  0.4434E+02
  0.3150E+03  0.4582E+02
  0.3160E+03  0.4496E+02
  0.3170E+03  0.4630E+02
  0.3180E+03  0.4746E+02
  0.3190E+03  0.4680E+02
  0.3200E+03  0.4834E+02
  0.3210E+03  0.5029E+02
  0.3220E+03  0.5075E+02
  0.3230E+03  0.5162E+02
  0.3240E+03  0.5275E+02
  0.3250E+03  0.5333E+02
  0.3260E+03  0.5457E+02
  0.3270E+03  0.5584E+02
  0.3280E+03  0.5681E+02
  0.3290E+03  0.5923E+02
  0.3300E+03  0.5951E+02
  0.3310E+03  0.5998E+02
  0.3320E+03  0.6087E+02
  0.3330E+03  0.6262E+02
  0.3340E+03  0.6370E+02
  0.3350E+03  0.6474E+02
  0.3360E+03  0.6326E+02
  0.3370E+03  0.6590E+02
  0.3380E+03  0.6587E+02
  0.3390E+03  0.6697E+02
  0.3400E+03  0.6782E+02
  0.3410E+03  0.6691E+02
  0.3420E+03  0.6817E+02
  0.3430E+03  0.6831E+02
  0.3440E+03  0.6694E+02
  0.3450E+03  0.6689E+02
  0.3460E+03  0.6626E+02
  0.3470E+03  0.6563E+02
  0.3480E+03  0.6541E+02
  0.3490E+03  0.6422E+02
  0.3500E+03  0.6190E+02
  0.3510E+03  0.6181E+02
  0.3520E+03  0.6030E+02
  0.3530E+03  0.5818E+02
  0.3540E+03  0.5553E+02
  0.3550E+03  0.5435E+02
  0.3560E+03  0.5384E+02
  0.3570E+03  0.5177E+02
  0.3580E+03  0.4778E+02
  0.3590E+03  0.4639E+02
  0.3600E+03  0.4417E+02
  0.3610E+03  0.4190E+02
  0.3620E+03  0.3971E+02
  0.3630E+03  0.3771E+02
  0.3640E+03  0.3587E+02
  0.3650E+03  0.3341E+02
  0.3660E+03  0.3195E+02
  0.3670E+03  0.3103E+02
  0.3680E+03  0.2889E+02
  0.3690E+03  0.2610E+02
  0.3700E+03  0.2512E+02
  0.3710E+03  0.2421E+02
  0.3720E+03  0.2192E+02
  0.3730E+03  0.2109E+02
  0.3740E+03  0.2051E+02
  0.3750E+03  0.1916E+02
  0.3760E+03  0.1779E+02
  0.3770E+03  0.1713E+02
  0.3780E+03  0.1667E+02
  0.3790E+03  0.1532E+02
  0.3800E+03  0.1512E+02
  0.3810E+03  0.1385E+02
  0.3820E+03  0.1379E+02
  0.3830E+03  0.1309E+02
  0.3840E+03  0.1242E+02
  0.3850E+03  0.1231E+02
  0.3860E+03  0.1184E+02
  0.3870E+03  0.1152E+02
  0.3880E+03  0.1120E+02
  0.3890E+03  0.1119E+02
  0.3900E+03  0.1078E+02
  0.3910E+03  0.1074E+02
  0.3920E+03  0.1080E+02
  0.3930E+03  0.1067E+02
  0.3940E+03  0.1081E+02
  0.3950E+03  0.1154E+02
  0.3960E+03  0.1089E+02
  0.3970E+03  0.1157E+02
  0.3980E+03  0.1135E+02
  0.3990E+03  0.1195E+02
  0.4000E+03  0.1218E+02
  0.4010E+03  0.1301E+02
  0.4020E+03  0.1273E+02
  0.4030E+03  0.1326E+02
  0.4040E+03  0.1338E+02
  0.4050E+03  0.1472E+02
  0.4060E+03  0.1546E+02
  0.4070E+03  0.1594E+02
  0.4080E+03  0.1700E+02
  0.4090E+03  0.1793E+02
  0.4100E+03  0.2007E+02
  0.4110E+03  0.2148E+02
  0.4120E+03  0.2206E+02
  0.4130E+03  0.2339E+02
  0.4140E+03  0.2615E+02
  0.4150E+03  0.2669E+02
  0.4160E+03  0.2871E+02
  0.4170E+03  0.3030E+02
  0.4180E+03  0.3298E+02
  0.4190E+03  0.3483E+02
  0.4200E+03  0.3754E+02
  0.4210E+03  0.4036E+02
  0.4220E+03  0.4175E+02
  0.4230E+03  0.4448E+02
  0.4240E+03  0.4678E+02
  0.4250E+03  0.4897E+02
  0.4260E+03  0.5183E+02
  0.4270E+03  0.5319E+02
  0.4280E+03  0.5568E+02
  0.4290E+03  0.5872E+02
  0.4300E+03  0.6020E+02
  0.4310E+03  0.6212E+02
  0.4320E+03  0.6444E+02
  0.4330E+03  0.6697E+02
  0.4340E+03  0.6631E+02
  0.4350E+03  0.6893E+02
  0.4360E+03  0.7061E+02
  0.4370E+03  0.7041E+02
  0.4380E+03  0.7215E+02
  0.4390E+03  0.7080E+02
  0.4400E+03  0.7161E+02
  0.4410E+03  0.7180E+02
  0.4420E+03  0.7172E+02
  0.4430E+03  0.7097E+02
  0.4440E+03  0.6868E+02
  0.4450E+03  0.6791E+02
  0.4460E+03  0.6700E+02
  0.4470E+03  0.6462E+02
  0.4480E+03  0.6410E+02
  0.4490E+03  0.6168E+02
  0.4500E+03  0.5897E+02
  0.4510E+03  0.5731E+02
  0.4520E+03  0.5624E+02
  0.4530E+03  0.5272E+02
  0.4540E+03  0.4971E+02
  0.4550E+03  0.4836E+02
  0.4560E+03  0.4595E+02
  0.4570E+03  0.4237E+02
  0.4580E+03  0.4120E+02
  0.4590E+03  0.3905E+02
  0.4600E+03  0.3732E+02
  0.4610E+03  0.3557E+02
  0.4620E+03  0.3276E+02
  0.4630E+03  0.3107E+02
  0.4640E+03  0.2969E+02
  0.4650E+03  0.2800E+02
  0.4660E+03  0.2661E+02
  0.4670E+03  0.2580E+02
  0.4680E+03  0.2442E+02
  0.4690E+03  0.2359E+02
  0.4700E+03  0.2345E+02
  0.4710E+03  0.2281E+02
  0.4720E+03  0.2249E+02
  0.4730E+03  0.2309E+02
  0.4740E+03  0.2354E+02
  0.4750E+03  0.2392E+02
  0.4760E+03  0.2447E+02
  0.4770E+03  0.2565E+02
  0.4780E+03  0.2657E+02
  0.4790E+03  0.2812E+02
  0.4800E+03  0.2988E+02
  0.4810E+03  0.3096E+02
  0.4820E+03  0.3240E+02
  0.4830E+03  0.3505E+02
  0.4840E+03  0.3747E+02
  0.4850E+03  0.3955E+02
  0.4860E+03  0.4331E+02
  0.4870E+03  0.4654E+02
  0.4880E+03  0.5012E+02
  0.4890E+03  0.5264E+02
  0.4900E+03  0.5538E+02
  0.4910E+03  0.6016E+02
  0.4920E+03  0.6444E+02
  0.4930E+03  0.6827E+02
  0.4940E+03  0.7361E+02
  0.4950E+03  0.7767E+02
  0.4960E+03  0.8250E+02
  0.4970E+03  0.8851E+02
  0.4980E+03  0.9370E+02
  0.4990E+03  0.1003E+03
  0.5000E+03  0.1056E+03
  0.5010E+03  0.1106E+03
  0.5020E+03  0.1165E+03
  0.5030E+03  0.1235E+03
  0.5040E+03  0.1291E+03
  0.5050E+03  0.1364E+03
  0.5060E+03  0.1439E+03
  0.5070E+03  0.1486E+03
  0.5080E+03  0.1558E+03
  0.5090E+03  0.1624E+03
  0.5100E+03  0.1688E+03
  0.5110E+03  0.0000E+00
  0.5120E+03  0.0000E+00
