  0.1000E+01  0.1909E+02
  0.2000E+01  0.2172E+02
  0.3000E+01  0.2271E+02
  0.4000E+01  0.2217E+02
  0.5000E+01  0.2347E+02
  0.6000E+01  0.2433E+02
  0.7000E+01  0.2372E+02
  0.8000E+01  0.2354E+02
  0.9000E+01  0.2383E+02
  0.1000E+02  0.2451E+02
  0.1100E+02  0.2408E+02
  0.1200E+02  0.2427E+02
  0.1300E+02  0.2297E+02
  0.1400E+02  0.2374E+02
  0.1500E+02  0.2325E+02
  0.1600E+02  0.2382E+02
  0.1700E+02  0.2324E+02
  0.1800E+02  0.2429E+02
  0.1900E+02  0.2354E+02
  0.2000E+02  0.2345E+02
  0.2100E+02  0.2387E+02
  0.2200E+02  0.2329E+02
  0.2300E+02  0.2284E+02
  0.2400E+02  0.2295E+02
  0.2500E+02  0.2287E+02
  0.2600E+02  0.2205E+02
  0.2700E+02  0.2334E+02
  0.2800E+02  0.2335E+02
  0.2900E+02  0.2296E+02
  0.3000E+02  0.2165E+02
  0.3100E+02  0.2283E+02
  0.3200E+02  0.2242E+02
  0.3300E+02  0.2223E+02
  0.3400E+02  0.2159E+02
  0.3500E+02  0.2122E+02
  0.3600E+02  0.2222E+02
  0.3700E+02  0.2233E+02
  0.3800E+02  0.2206E+02
  0.3900E+02  0.2170E+02
  0.4000E+02  0.2154E+02
  0.4100E+02  0.2195E+02
  0.4200E+02  0.2180E+02
  0.4300E+02  0.2136E+02
  0.4400E+02  0.2152E+02
  0.4500E+02  0.2130E+02
  0.4600E+02  0.2219E+02
  0.4700E+02  0.2180E+02
  0.4800E+02  0.2228E+02
  0.4900E+02  0.2253E+02
  0.5000E+02  0.2289E+02
  0.5100E+02  0.2352E+02
  0.5200E+02  0.2449E+02
  0.5300E+02  0.2387E+02
  0.5400E+02  0.2359E+02
  0.5500E+02  0.2460E+02
  0.5600E+02  0.2491E+02
  0.5700E+02  0.2485E+02
  0.5800E+02  0.2607E+02
  0.5900E+02  0.2677E+02
  0.6000E+02  0.2689E+02
  0.6100E+02  0.2683E+02
  0.6200E+02  0.2735E+02
  0.6300E+02  0.2855E+02
  0.6400E+02  0.2951E+02
  0.6500E+02  0.2939E+02
  0.6600E+02  0.2878E+02
  0.6700E+02  0.2996E+02
  0.6800E+02  0.2956E+02
  0.6900E+02  0.3135E+02
  0.7000E+02  0.3125E+02
  0.7100E+02  0.3150E+02
  0.7200E+02  0.3233E+02
  0.7300E+02  0.3175E+02
  0.7400E+02  0.3207E+02
  0.7500E+02  0.3300E+02
  0.7600E+02  0.3335E+02
  0.7700E+02  0.3326E+02
  0.7800E+02  0.3326E+02
  0.7900E+02  0.3340E+02
  0.8000E+02  0.3434E+02
  0.8100E+02  0.3460E+02
  0.8200E+02  0.3512E+02
  0.8300E+02  0.3480E+02
  0.8400E+02  0.3511E+02
  0.8500E+02  0.3458E+02
  0.8600E+02  0.3537E+02
  0.8700E+02  0.3439E+02
  0.8800E+02  0.3554E+02
  0.8900E+02  0.3423E+02
  0.9000E+02  0.3520E+02
  0.9100E+02  0.3395E+02
  0.9200E+02  0.3479E+02
  0.9300E+02  0.3498E+02
  0.9400E+02  0.3530E+02
  0.9500E+02  0.3536E+02
  0.9600E+02  0.3621E+02
  0.9700E+02  0.3611E+02
  0.9800E+02  0.3536E+02
  0.9900E+02  0.3596E+02
  0.1000E+03  0.3457E+02
  0.1010E+03  0.3505E+02
  0.1020E+03  0.3571E+02
  0.1030E+03  0.3575E+02
  0.1040E+03  0.3597E+02
  0.1050E+03  0.3569E+02
  0.1060E+03  0.3568E+02
  0.1070E+03  0.3538E+02
  0.1080E+03  0.3569E+02
  0.1090E+03  0.3554E+02
  0.1100E+03  0.3611E+02
  0.1110E+03  0.3617E+02
  0.1120E+03  0.3627E+02
  0.1130E+03  0.3632E+02
  0.1140E+03  0.3660E+02
  0.1150E+03  0.3601E+02
  0.1160E+03  0.3685E+02
  0.1170E+03  0.3678E+02
  0.1180E+03  0.3743E+02
  0.1190E+03  0.3664E+02
  0.1200E+03  0.3682E+02
  0.1210E+03  0.3698E+02
  0.1220E+03  0.3733E+02
  0.1230E+03  0.3758E+02
  0.1240E+03  0.3845E+02
  0.1250E+03  0.3839E+02
  0.1260E+03  0.3966E+02
  0.1270E+03  0.3932E+02
  0.1280E+03  0.3852E+02
  0.1290E+03  0.3925E+02
  0.1300E+03  0.4009E+02
  0.1310E+03  0.4071E+02
  0.1320E+03  0.3996E+02
  0.1330E+03  0.4169E+02
  0.1340E+03  0.4172E+02
  0.1350E+03  0.4180E+02
  0.1360E+03  0.4200E+02
  0.1370E+03  0.4191E+02
  0.1380E+03  0.4202E+02
  0.1390E+03  0.4272E+02
  0.1400E+03  0.4273E+02
  0.1410E+03  0.4346E+02
  0.1420E+03  0.4362E+02
  0.1430E+03  0.4461E+02
  0.1440E+03  0.4407E+02
  0.1450E+03  0.4485E+02
  0.1460E+03  0.4573E+02
  0.1470E+03  0.4601E+02
  0.1480E+03  0.4654E+02
  0.1490E+03  0.4687E+02
  0.1500E+03  0.4751E+02
  0.1510E+03  0.4662E+02
  0.1520E+03  0.4856E+02
  0.1530E+03  0.4857E+02
  0.1540E+03  0.4913E+02
  0.1550E+03  0.5027E+02
  0.1560E+03  0.4998E+02
  0.1570E+03  0.5049E+02
  0.1580E+03  0.5028E+02
  0.1590E+03  0.5109E+02
  0.1600E+03  0.5088E+02
  0.1610E+03  0.5235E+02
  0.1620E+03  0.5283E+02
  0.1630E+03  0.5341E+02
  0.1640E+03  0.5373E+02
  0.1650E+03  0.5536E+02
  0.1660E+03  0.5443E+02
  0.1670E+03  0.5391E+02
  0.1680E+03  0.5398E+02
  0.1690E+03  0.5449E+02
  0.1700E+03  0.5481E+02
  0.1710E+03  0.5529E+02
  0.1720E+03  0.5544E+02
  0.1730E+03  0.5645E+02
  0.1740E+03  0.5492E+02
  0.1750E+03  0.5397E+02
  0.1760E+03  0.5445E+02
  0.1770E+03  0.5325E+02
  0.1780E+03  0.5308E+02
  0.1790E+03  0.5352E+02
  0.1800E+03  0.5280E+02
  0.1810E+03  0.5147E+02
  0.1820E+03  0.4941E+02
  0.1830E+03  0.4947E+02
  0.1840E+03  0.4816E+02
  0.1850E+03  0.4875E+02
  0.1860E+03  0.4707E+02
  0.1870E+03  0.4636E+02
  0.1880E+03  0.4527E+02
  0.1890E+03  0.4388E+02
  0.1900E+03  0.4313E+02
  0.1910E+03  0.4332E+02
  0.1920E+03  0.4227E+02
  0.1930E+03  0.3983E+02
  0.1940E+03  0.3986E+02
  0.1950E+03  0.3880E+02
  0.1960E+03  0.3822E+02
  0.1970E+03  0.3728E+02
  0.1980E+03  0.3644E+02
  0.1990E+03  0.3589E+02
  0.2000E+03  0.3490E+02
  0.2010E+03  0.3485E+02
  0.2020E+03  0.3361E+02
  0.2030E+03  0.3289E+02
  0.2040E+03  0.3246E+02
  0.2050E+03  0.3262E+02
  0.2060E+03  0.3095E+02
  0.2070E+03  0.3040E+02
  0.2080E+03  0.3078E+02
  0.2090E+03  0.2877E+02
  0.2100E+03  0.2853E+02
  0.2110E+03  0.2897E+02
  0.2120E+03  0.2725E+02
  0.2130E+03  0.2697E+02
  0.2140E+03  0.2700E+02
  0.2150E+03  0.2665E+02
  0.2160E+03  0.2608E+02
  0.2170E+03  0.2495E+02
  0.2180E+03  0.2570E+02
  0.2190E+03  0.2493E+02
  0.2200E+03  0.2464E+02
  0.2210E+03  0.2404E+02
  0.2220E+03  0.2383E+02
  0.2230E+03  0.2320E+02
  0.2240E+03  0.2260E+02
  0.2250E+03  0.2259E+02
  0.2260E+03  0.2273E+02
  0.2270E+03  0.2152E+02
  0.2280E+03  0.2092E+02
  0.2290E+03  0.2060E+02
  0.2300E+03  0.2094E+02
  0.2310E+03  0.2011E+02
  0.2320E+03  0.2048E+02
  0.2330E+03  0.1938E+02
  0.2340E+03  0.1908E+02
  0.2350E+03  0.1908E+02
  0.2360E+03  0.1872E+02
  0.2370E+03  0.1769E+02
  0.2380E+03  0.1839E+02
  0.2390E+03  0.1812E+02
  0.2400E+03  0.1860E+02
  0.2410E+03  0.1734E+02
  0.2420E+03  0.1732E+02
  0.2430E+03  0.1660E+02
  0.2440E+03  0.1639E+02
  0.2450E+03  0.1627E+02
  0.2460E+03  0.1606E+02
  0.2470E+03  0.1609E+02
  0.2480E+03  0.1560E+02
  0.2490E+03  0.1537E+02
  0.2500E+03  0.1539E+02
  0.2510E+03  0.1487E+02
  0.2520E+03  0.1493E+02
  0.2530E+03  0.1481E+02
  0.2540E+03  0.1492E+02
  0.2550E+03  0.1431E+02
  0.2560E+03  0.1424E+02
  0.2570E+03  0.1411E+02
  0.2580E+03  0.1359E+02
  0.2590E+03  0.1323E+02
  0.2600E+03  0.1361E+02
  0.2610E+03  0.1294E+02
  0.2620E+03  0.1328E+02
  0.2630E+03  0.1270E+02
  0.2640E+03  0.1262E+02
  0.2650E+03  0.1237E+02
  0.2660E+03  0.1232E+02
  0.2670E+03  0.1236E+02
  0.2680E+03  0.1189E+02
  0.2690E+03  0.1165E+02
  0.2700E+03  0.1189E+02
  0.2710E+03  0.1227E+02
  0.2720E+03  0.1127E+02
  0.2730E+03  0.1151E+02
  0.2740E+03  0.1173E+02
  0.2750E+03  0.1089E+02
  0.2760E+03  0.1120E+02
  0.2770E+03  0.1087E+02
  0.2780E+03  0.1079E+02
  0.2790E+03  0.1070E+02
  0.2800E+03  0.1086E+02
  0.2810E+03  0.1069E+02
  0.2820E+03  0.9539E+01
  0.2830E+03  0.9774E+01
  0.2840E+03  0.9795E+01
  0.2850E+03  0.9201E+01
  0.2860E+03  0.9408E+01
  0.2870E+03  0.9204E+01
  0.2880E+03  0.9328E+01
  0.2890E+03  0.9361E+01
  0.2900E+03  0.9330E+01
  0.2910E+03  0.8975E+01
  0.2920E+03  0.9163E+01
  0.2930E+03  0.8905E+01
  0.2940E+03  0.8871E+01
  0.2950E+03  0.8740E+01
  0.2960E+03  0.8769E+01
  0.2970E+03  0.7999E+01
  0.2980E+03  0.8393E+01
  0.2990E+03  0.8262E+01
  0.3000E+03  0.8303E+01
  0.3010E+03  0.8172E+01
  0.3020E+03  0.8429E+01
  0.3030E+03  0.7773E+01
  0.3040E+03  0.7661E+01
  0.3050E+03  0.7786E+01
  0.3060E+03  0.8169E+01
  0.3070E+03  0.7648E+01
  0.3080E+03  0.7471E+01
  0.3090E+03  0.7614E+01
  0.3100E+03  0.7760E+01
  0.3110E+03  0.7309E+01
  0.3120E+03  0.7275E+01
  0.3130E+03  0.6893E+01
  0.3140E+03  0.7281E+01
  0.3150E+03  0.6734E+01
  0.3160E+03  0.7190E+01
  0.3170E+03  0.7014E+01
  0.3180E+03  0.6519E+01
  0.3190E+03  0.6320E+01
  0.3200E+03  0.6526E+01
  0.3210E+03  0.6359E+01
  0.3220E+03  0.6336E+01
  0.3230E+03  0.6729E+01
  0.3240E+03  0.5922E+01
  0.3250E+03  0.6303E+01
  0.3260E+03  0.6093E+01
  0.3270E+03  0.6230E+01
  0.3280E+03  0.6042E+01
  0.3290E+03  0.5928E+01
  0.3300E+03  0.5748E+01
  0.3310E+03  0.5513E+01
  0.3320E+03  0.5578E+01
  0.3330E+03  0.5876E+01
  0.3340E+03  0.5239E+01
  0.3350E+03  0.5699E+01
  0.3360E+03  0.5206E+01
  0.3370E+03  0.5437E+01
  0.3380E+03  0.5360E+01
  0.3390E+03  0.4835E+01
  0.3400E+03  0.5067E+01
  0.3410E+03  0.5112E+01
  0.3420E+03  0.5021E+01
  0.3430E+03  0.4810E+01
  0.3440E+03  0.5044E+01
  0.3450E+03  0.4905E+01
  0.3460E+03  0.4881E+01
  0.3470E+03  0.4845E+01
  0.3480E+03  0.5010E+01
  0.3490E+03  0.4879E+01
  0.3500E+03  0.4981E+01
  0.3510E+03  0.4412E+01
  0.3520E+03  0.4510E+01
  0.3530E+03  0.4492E+01
  0.3540E+03  0.4654E+01
  0.3550E+03  0.4715E+01
  0.3560E+03  0.4514E+01
  0.3570E+03  0.4519E+01
  0.3580E+03  0.4511E+01
  0.3590E+03  0.4292E+01
  0.3600E+03  0.4382E+01
  0.3610E+03  0.4304E+01
  0.3620E+03  0.4015E+01
  0.3630E+03  0.4217E+01
  0.3640E+03  0.4158E+01
  0.3650E+03  0.3769E+01
  0.3660E+03  0.3853E+01
  0.3670E+03  0.3676E+01
  0.3680E+03  0.3966E+01
  0.3690E+03  0.3784E+01
  0.3700E+03  0.3871E+01
  0.3710E+03  0.3530E+01
  0.3720E+03  0.3467E+01
  0.3730E+03  0.3666E+01
  0.3740E+03  0.3714E+01
  0.3750E+03  0.3485E+01
  0.3760E+03  0.3635E+01
  0.3770E+03  0.3612E+01
  0.3780E+03  0.3608E+01
  0.3790E+03  0.3290E+01
  0.3800E+03  0.3409E+01
  0.3810E+03  0.3434E+01
  0.3820E+03  0.3182E+01
  0.3830E+03  0.3360E+01
  0.3840E+03  0.3271E+01
  0.3850E+03  0.3198E+01
  0.3860E+03  0.3124E+01
  0.3870E+03  0.3370E+01
  0.3880E+03  0.3176E+01
  0.3890E+03  0.2998E+01
  0.3900E+03  0.2879E+01
  0.3910E+03  0.2943E+01
  0.3920E+03  0.2606E+01
  0.3930E+03  0.2651E+01
  0.3940E+03  0.3091E+01
  0.3950E+03  0.2922E+01
  0.3960E+03  0.2955E+01
  0.3970E+03  0.2676E+01
  0.3980E+03  0.2729E+01
  0.3990E+03  0.3058E+01
  0.4000E+03  0.2738E+01
  0.4010E+03  0.2779E+01
  0.4020E+03  0.2718E+01
  0.4030E+03  0.2657E+01
  0.4040E+03  0.2630E+01
  0.4050E+03  0.2742E+01
  0.4060E+03  0.2732E+01
  0.4070E+03  0.2578E+01
  0.4080E+03  0.2376E+01
  0.4090E+03  0.2309E+01
  0.4100E+03  0.2349E+01
  0.4110E+03  0.2465E+01
  0.4120E+03  0.2487E+01
  0.4130E+03  0.2178E+01
  0.4140E+03  0.2455E+01
  0.4150E+03  0.2392E+01
  0.4160E+03  0.2207E+01
  0.4170E+03  0.2262E+01
  0.4180E+03  0.2090E+01
  0.4190E+03  0.2149E+01
  0.4200E+03  0.2198E+01
  0.4210E+03  0.2304E+01
  0.4220E+03  0.2084E+01
  0.4230E+03  0.2070E+01
  0.4240E+03  0.2195E+01
  0.4250E+03  0.1978E+01
  0.4260E+03  0.1980E+01
  0.4270E+03  0.1841E+01
  0.4280E+03  0.1805E+01
  0.4290E+03  0.1973E+01
  0.4300E+03  0.1774E+01
  0.4310E+03  0.2001E+01
  0.4320E+03  0.1791E+01
  0.4330E+03  0.1663E+01
  0.4340E+03  0.1729E+01
  0.4350E+03  0.1631E+01
  0.4360E+03  0.1775E+01
  0.4370E+03  0.1486E+01
  0.4380E+03  0.1548E+01
  0.4390E+03  0.1752E+01
  0.4400E+03  0.1555E+01
  0.4410E+03  0.1628E+01
  0.4420E+03  0.1449E+01
  0.4430E+03  0.1555E+01
  0.4440E+03  0.1402E+01
  0.4450E+03  0.1459E+01
  0.4460E+03  0.1459E+01
  0.4470E+03  0.1509E+01
  0.4480E+03  0.1603E+01
  0.4490E+03  0.1465E+01
  0.4500E+03  0.1424E+01
  0.4510E+03  0.1465E+01
  0.4520E+03  0.1191E+01
  0.4530E+03  0.1601E+01
  0.4540E+03  0.1408E+01
  0.4550E+03  0.1412E+01
  0.4560E+03  0.1278E+01
  0.4570E+03  0.1223E+01
  0.4580E+03  0.1241E+01
  0.4590E+03  0.1128E+01
  0.4600E+03  0.1259E+01
  0.4610E+03  0.1228E+01
  0.4620E+03  0.1169E+01
  0.4630E+03  0.1047E+01
  0.4640E+03  0.1164E+01
  0.4650E+03  0.1287E+01
  0.4660E+03  0.1082E+01
  0.4670E+03  0.1087E+01
  0.4680E+03  0.1161E+01
  0.4690E+03  0.1099E+01
  0.4700E+03  0.1081E+01
  0.4710E+03  0.1251E+01
  0.4720E+03  0.9678E+00
  0.4730E+03  0.1177E+01
  0.4740E+03  0.1096E+01
  0.4750E+03  0.1121E+01
  0.4760E+03  0.9882E+00
  0.4770E+03  0.1070E+01
  0.4780E+03  0.9386E+00
  0.4790E+03  0.8813E+00
  0.4800E+03  0.1060E+01
  0.4810E+03  0.1075E+01
  0.4820E+03  0.9323E+00
  0.4830E+03  0.8740E+00
  0.4840E+03  0.8606E+00
  0.4850E+03  0.6987E+00
  0.4860E+03  0.9170E+00
  0.4870E+03  0.9251E+00
  0.4880E+03  0.9315E+00
  0.4890E+03  0.9222E+00
  0.4900E+03  0.8563E+00
  0.4910E+03  0.6610E+00
  0.4920E+03  0.6811E+00
  0.4930E+03  0.7484E+00
  0.4940E+03  0.6672E+00
  0.4950E+03  0.6816E+00
  0.4960E+03  0.7480E+00
  0.4970E+03  0.6315E+00
  0.4980E+03  0.7430E+00
  0.4990E+03  0.7880E+00
  0.5000E+03  0.6906E+00
  0.5010E+03  0.7462E+00
  0.5020E+03  0.6627E+00
  0.5030E+03  0.5282E+00
  0.5040E+03  0.7255E+00
  0.5050E+03  0.5792E+00
  0.5060E+03  0.6660E+00
  0.5070E+03  0.5638E+00
  0.5080E+03  0.5202E+00
  0.5090E+03  0.4232E+00
  0.5100E+03  0.5716E+00
  0.5110E+03  0.0000E+00
  0.5120E+03  0.0000E+00
