  0.1000E+01  0.3622E+01
  0.2000E+01  0.3899E+01
  0.3000E+01  0.3984E+01
  0.4000E+01  0.3912E+01
  0.5000E+01  0.3896E+01
  0.6000E+01  0.3774E+01
  0.7000E+01  0.3595E+01
  0.8000E+01  0.3530E+01
  0.9000E+01  0.3411E+01
  0.1000E+02  0.3202E+01
  0.1100E+02  0.3052E+01
  0.1200E+02  0.2871E+01
  0.1300E+02  0.2704E+01
  0.1400E+02  0.2517E+01
  0.1500E+02  0.2427E+01
  0.1600E+02  0.2298E+01
  0.1700E+02  0.2113E+01
  0.1800E+02  0.1997E+01
  0.1900E+02  0.1871E+01
  0.2000E+02  0.1725E+01
  0.2100E+02  0.1610E+01
  0.2200E+02  0.1513E+01
  0.2300E+02  0.1412E+01
  0.2400E+02  0.1266E+01
  0.2500E+02  0.1226E+01
  0.2600E+02  0.1096E+01
  0.2700E+02  0.1051E+01
  0.2800E+02  0.9671E+00
  0.2900E+02  0.9300E+00
  0.3000E+02  0.8285E+00
  0.3100E+02  0.7841E+00
  0.3200E+02  0.7149E+00
  0.3300E+02  0.6597E+00
  0.3400E+02  0.6251E+00
  0.3500E+02  0.5929E+00
  0.3600E+02  0.5449E+00
  0.3700E+02  0.5166E+00
  0.3800E+02  0.4959E+00
  0.3900E+02  0.4839E+00
  0.4000E+02  0.4710E+00
  0.4100E+02  0.4735E+00
  0.4200E+02  0.4865E+00
  0.4300E+02  0.5019E+00
  0.4400E+02  0.5361E+00
  0.4500E+02  0.5762E+00
  0.4600E+02  0.6069E+00
  0.4700E+02  0.6837E+00
  0.4800E+02  0.7457E+00
  0.4900E+02  0.8099E+00
  0.5000E+02  0.8892E+00
  0.5100E+02  0.9863E+00
  0.5200E+02  0.1099E+01
  0.5300E+02  0.1222E+01
  0.5400E+02  0.1330E+01
  0.5500E+02  0.1443E+01
  0.5600E+02  0.1559E+01
  0.5700E+02  0.1667E+01
  0.5800E+02  0.1799E+01
  0.5900E+02  0.1887E+01
  0.6000E+02  0.2015E+01
  0.6100E+02  0.2132E+01
  0.6200E+02  0.2206E+01
  0.6300E+02  0.2329E+01
  0.6400E+02  0.2371E+01
  0.6500E+02  0.2502E+01
  0.6600E+02  0.2550E+01
  0.6700E+02  0.2679E+01
  0.6800E+02  0.2706E+01
  0.6900E+02  0.2765E+01
  0.7000E+02  0.2826E+01
  0.7100E+02  0.2872E+01
  0.7200E+02  0.2953E+01
  0.7300E+02  0.2986E+01
  0.7400E+02  0.3079E+01
  0.7500E+02  0.3079E+01
  0.7600E+02  0.3164E+01
  0.7700E+02  0.3272E+01
  0.7800E+02  0.3316E+01
  0.7900E+02  0.3406E+01
  0.8000E+02  0.3496E+01
  0.8100E+02  0.3635E+01
  0.8200E+02  0.3745E+01
  0.8300E+02  0.3924E+01
  0.8400E+02  0.4058E+01
  0.8500E+02  0.4245E+01
  0.8600E+02  0.4420E+01
  0.8700E+02  0.4638E+01
  0.8800E+02  0.4868E+01
  0.8900E+02  0.5136E+01
  0.9000E+02  0.5450E+01
  0.9100E+02  0.5954E+01
  0.9200E+02  0.6521E+01
  0.9300E+02  0.7028E+01
  0.9400E+02  0.7591E+01
  0.9500E+02  0.8290E+01
  0.9600E+02  0.9107E+01
  0.9700E+02  0.9692E+01
  0.9800E+02  0.1046E+02
  0.9900E+02  0.1098E+02
  0.1000E+03  0.1151E+02
  0.1010E+03  0.1174E+02
  0.1020E+03  0.1189E+02
  0.1030E+03  0.1177E+02
  0.1040E+03  0.1163E+02
  0.1050E+03  0.1122E+02
  0.1060E+03  0.1076E+02
  0.1070E+03  0.1018E+02
  0.1080E+03  0.9499E+01
  0.1090E+03  0.8808E+01
  0.1100E+03  0.8228E+01
  0.1110E+03  0.7552E+01
  0.1120E+03  0.6865E+01
  0.1130E+03  0.6203E+01
  0.1140E+03  0.5657E+01
  0.1150E+03  0.5115E+01
  0.1160E+03  0.4525E+01
  0.1170E+03  0.4079E+01
  0.1180E+03  0.3677E+01
  0.1190E+03  0.3364E+01
  0.1200E+03  0.2993E+01
  0.1210E+03  0.2718E+01
  0.1220E+03  0.2525E+01
  0.1230E+03  0.2370E+01
  0.1240E+03  0.2212E+01
  0.1250E+03  0.2100E+01
  0.1260E+03  0.2072E+01
  0.1270E+03  0.2000E+01
  0.1280E+03  0.1946E+01
  0.1290E+03  0.1858E+01
  0.1300E+03  0.1778E+01
  0.1310E+03  0.1734E+01
  0.1320E+03  0.1620E+01
  0.1330E+03  0.1506E+01
  0.1340E+03  0.1329E+01
  0.1350E+03  0.1244E+01
  0.1360E+03  0.1084E+01
  0.1370E+03  0.9929E+00
  0.1380E+03  0.8751E+00
  0.1390E+03  0.7863E+00
  0.1400E+03  0.7002E+00
  0.1410E+03  0.6192E+00
  0.1420E+03  0.5593E+00
  0.1430E+03  0.5009E+00
  0.1440E+03  0.4740E+00
  0.1450E+03  0.4296E+00
  0.1460E+03  0.4093E+00
  0.1470E+03  0.4051E+00
  0.1480E+03  0.3964E+00
  0.1490E+03  0.3696E+00
  0.1500E+03  0.3636E+00
  0.1510E+03  0.3559E+00
  0.1520E+03  0.3426E+00
  0.1530E+03  0.3557E+00
  0.1540E+03  0.3458E+00
  0.1550E+03  0.3219E+00
  0.1560E+03  0.3223E+00
  0.1570E+03  0.3240E+00
  0.1580E+03  0.3172E+00
  0.1590E+03  0.3236E+00
  0.1600E+03  0.3366E+00
  0.1610E+03  0.3172E+00
  0.1620E+03  0.3326E+00
  0.1630E+03  0.3424E+00
  0.1640E+03  0.3306E+00
  0.1650E+03  0.3480E+00
  0.1660E+03  0.3314E+00
  0.1670E+03  0.3430E+00
  0.1680E+03  0.3438E+00
  0.1690E+03  0.3496E+00
  0.1700E+03  0.3696E+00
  0.1710E+03  0.3411E+00
  0.1720E+03  0.3798E+00
  0.1730E+03  0.3679E+00
  0.1740E+03  0.3688E+00
  0.1750E+03  0.3816E+00
  0.1760E+03  0.3714E+00
  0.1770E+03  0.3777E+00
  0.1780E+03  0.3839E+00
  0.1790E+03  0.3904E+00
  0.1800E+03  0.3655E+00
  0.1810E+03  0.4085E+00
  0.1820E+03  0.3974E+00
  0.1830E+03  0.3724E+00
  0.1840E+03  0.3821E+00
  0.1850E+03  0.3872E+00
  0.1860E+03  0.3663E+00
  0.1870E+03  0.3752E+00
  0.1880E+03  0.3432E+00
  0.1890E+03  0.3453E+00
  0.1900E+03  0.3427E+00
  0.1910E+03  0.3116E+00
  0.1920E+03  0.3486E+00
  0.1930E+03  0.3221E+00
  0.1940E+03  0.3241E+00
  0.1950E+03  0.3122E+00
  0.1960E+03  0.3180E+00
  0.1970E+03  0.3045E+00
  0.1980E+03  0.2923E+00
  0.1990E+03  0.2959E+00
  0.2000E+03  0.3009E+00
  0.2010E+03  0.2884E+00
  0.2020E+03  0.2668E+00
  0.2030E+03  0.2686E+00
  0.2040E+03  0.2807E+00
  0.2050E+03  0.2565E+00
  0.2060E+03  0.2691E+00
  0.2070E+03  0.2552E+00
  0.2080E+03  0.2539E+00
  0.2090E+03  0.2319E+00
  0.2100E+03  0.2507E+00
  0.2110E+03  0.2404E+00
  0.2120E+03  0.2391E+00
  0.2130E+03  0.2227E+00
  0.2140E+03  0.2155E+00
  0.2150E+03  0.2280E+00
  0.2160E+03  0.2094E+00
  0.2170E+03  0.1951E+00
  0.2180E+03  0.2010E+00
  0.2190E+03  0.1935E+00
  0.2200E+03  0.1937E+00
  0.2210E+03  0.1894E+00
  0.2220E+03  0.1841E+00
  0.2230E+03  0.1736E+00
  0.2240E+03  0.1907E+00
  0.2250E+03  0.1703E+00
  0.2260E+03  0.1674E+00
  0.2270E+03  0.1600E+00
  0.2280E+03  0.1568E+00
  0.2290E+03  0.1444E+00
  0.2300E+03  0.1491E+00
  0.2310E+03  0.1400E+00
  0.2320E+03  0.1412E+00
  0.2330E+03  0.1425E+00
  0.2340E+03  0.1345E+00
  0.2350E+03  0.1397E+00
  0.2360E+03  0.1343E+00
  0.2370E+03  0.1226E+00
  0.2380E+03  0.1190E+00
  0.2390E+03  0.1205E+00
  0.2400E+03  0.1119E+00
  0.2410E+03  0.1240E+00
  0.2420E+03  0.1129E+00
  0.2430E+03  0.1063E+00
  0.2440E+03  0.1032E+00
  0.2450E+03  0.1079E+00
  0.2460E+03  0.8944E-01
  0.2470E+03  0.1034E+00
  0.2480E+03  0.9584E-01
  0.2490E+03  0.8498E-01
  0.2500E+03  0.8648E-01
  0.2510E+03  0.7674E-01
  0.2520E+03  0.7897E-01
  0.2530E+03  0.8245E-01
  0.2540E+03  0.7477E-01
  0.2550E+03  0.7560E-01
  0.2560E+03  0.7382E-01
  0.2570E+03  0.7674E-01
  0.2580E+03  0.6113E-01
  0.2590E+03  0.6902E-01
  0.2600E+03  0.6526E-01
  0.2610E+03  0.5786E-01
  0.2620E+03  0.5972E-01
  0.2630E+03  0.6134E-01
  0.2640E+03  0.5632E-01
  0.2650E+03  0.6100E-01
  0.2660E+03  0.5830E-01
  0.2670E+03  0.5229E-01
  0.2680E+03  0.6169E-01
  0.2690E+03  0.5447E-01
  0.2700E+03  0.4804E-01
  0.2710E+03  0.5425E-01
  0.2720E+03  0.5387E-01
  0.2730E+03  0.5242E-01
  0.2740E+03  0.4812E-01
  0.2750E+03  0.4687E-01
  0.2760E+03  0.5188E-01
  0.2770E+03  0.5166E-01
  0.2780E+03  0.4548E-01
  0.2790E+03  0.4849E-01
  0.2800E+03  0.4129E-01
  0.2810E+03  0.3807E-01
  0.2820E+03  0.4570E-01
  0.2830E+03  0.4879E-01
  0.2840E+03  0.4664E-01
  0.2850E+03  0.3973E-01
  0.2860E+03  0.4334E-01
  0.2870E+03  0.4341E-01
  0.2880E+03  0.4564E-01
  0.2890E+03  0.3783E-01
  0.2900E+03  0.4157E-01
  0.2910E+03  0.4102E-01
  0.2920E+03  0.3625E-01
  0.2930E+03  0.4893E-01
  0.2940E+03  0.3549E-01
  0.2950E+03  0.4168E-01
  0.2960E+03  0.4362E-01
  0.2970E+03  0.4112E-01
  0.2980E+03  0.4045E-01
  0.2990E+03  0.4182E-01
  0.3000E+03  0.4151E-01
  0.3010E+03  0.4216E-01
  0.3020E+03  0.3639E-01
  0.3030E+03  0.3679E-01
  0.3040E+03  0.3756E-01
  0.3050E+03  0.3435E-01
  0.3060E+03  0.3628E-01
  0.3070E+03  0.4155E-01
  0.3080E+03  0.3684E-01
  0.3090E+03  0.3602E-01
  0.3100E+03  0.3859E-01
  0.3110E+03  0.3557E-01
  0.3120E+03  0.3669E-01
  0.3130E+03  0.3551E-01
  0.3140E+03  0.3485E-01
  0.3150E+03  0.3232E-01
  0.3160E+03  0.3727E-01
  0.3170E+03  0.3162E-01
  0.3180E+03  0.3291E-01
  0.3190E+03  0.3285E-01
  0.3200E+03  0.3454E-01
  0.3210E+03  0.3310E-01
  0.3220E+03  0.3614E-01
  0.3230E+03  0.3162E-01
  0.3240E+03  0.2956E-01
  0.3250E+03  0.3784E-01
  0.3260E+03  0.3723E-01
  0.3270E+03  0.3783E-01
  0.3280E+03  0.2865E-01
  0.3290E+03  0.3093E-01
  0.3300E+03  0.2947E-01
  0.3310E+03  0.2936E-01
  0.3320E+03  0.2908E-01
  0.3330E+03  0.3483E-01
  0.3340E+03  0.3288E-01
  0.3350E+03  0.2850E-01
  0.3360E+03  0.3033E-01
  0.3370E+03  0.3290E-01
  0.3380E+03  0.3099E-01
  0.3390E+03  0.2751E-01
  0.3400E+03  0.2681E-01
  0.3410E+03  0.3279E-01
  0.3420E+03  0.2809E-01
  0.3430E+03  0.3610E-01
  0.3440E+03  0.2708E-01
  0.3450E+03  0.2776E-01
  0.3460E+03  0.3081E-01
  0.3470E+03  0.3100E-01
  0.3480E+03  0.3218E-01
  0.3490E+03  0.1946E-01
  0.3500E+03  0.2701E-01
  0.3510E+03  0.2475E-01
  0.3520E+03  0.2740E-01
  0.3530E+03  0.3131E-01
  0.3540E+03  0.2689E-01
  0.3550E+03  0.2391E-01
  0.3560E+03  0.2365E-01
  0.3570E+03  0.2979E-01
  0.3580E+03  0.2485E-01
  0.3590E+03  0.2533E-01
  0.3600E+03  0.2398E-01
  0.3610E+03  0.2360E-01
  0.3620E+03  0.2256E-01
  0.3630E+03  0.2511E-01
  0.3640E+03  0.2552E-01
  0.3650E+03  0.2219E-01
  0.3660E+03  0.2176E-01
  0.3670E+03  0.2708E-01
  0.3680E+03  0.2543E-01
  0.3690E+03  0.2646E-01
  0.3700E+03  0.2308E-01
  0.3710E+03  0.2492E-01
  0.3720E+03  0.2250E-01
  0.3730E+03  0.2227E-01
  0.3740E+03  0.1881E-01
  0.3750E+03  0.2619E-01
  0.3760E+03  0.2601E-01
  0.3770E+03  0.2369E-01
  0.3780E+03  0.2089E-01
  0.3790E+03  0.2126E-01
  0.3800E+03  0.2241E-01
  0.3810E+03  0.2164E-01
  0.3820E+03  0.2503E-01
  0.3830E+03  0.2281E-01
  0.3840E+03  0.2305E-01
  0.3850E+03  0.2029E-01
  0.3860E+03  0.2826E-01
  0.3870E+03  0.2045E-01
  0.3880E+03  0.2128E-01
  0.3890E+03  0.2043E-01
  0.3900E+03  0.2321E-01
  0.3910E+03  0.1849E-01
  0.3920E+03  0.1827E-01
  0.3930E+03  0.1552E-01
  0.3940E+03  0.2129E-01
  0.3950E+03  0.1979E-01
  0.3960E+03  0.2235E-01
  0.3970E+03  0.1823E-01
  0.3980E+03  0.1857E-01
  0.3990E+03  0.1790E-01
  0.4000E+03  0.1724E-01
  0.4010E+03  0.1888E-01
  0.4020E+03  0.1771E-01
  0.4030E+03  0.1596E-01
  0.4040E+03  0.1669E-01
  0.4050E+03  0.1711E-01
  0.4060E+03  0.2010E-01
  0.4070E+03  0.1991E-01
  0.4080E+03  0.1749E-01
  0.4090E+03  0.1310E-01
  0.4100E+03  0.1478E-01
  0.4110E+03  0.1814E-01
  0.4120E+03  0.1700E-01
  0.4130E+03  0.1660E-01
  0.4140E+03  0.1594E-01
  0.4150E+03  0.1477E-01
  0.4160E+03  0.1936E-01
  0.4170E+03  0.1646E-01
  0.4180E+03  0.1671E-01
  0.4190E+03  0.1504E-01
  0.4200E+03  0.1891E-01
  0.4210E+03  0.1433E-01
  0.4220E+03  0.1614E-01
  0.4230E+03  0.1462E-01
  0.4240E+03  0.1159E-01
  0.4250E+03  0.1210E-01
  0.4260E+03  0.1691E-01
  0.4270E+03  0.1534E-01
  0.4280E+03  0.1436E-01
  0.4290E+03  0.1153E-01
  0.4300E+03  0.1397E-01
  0.4310E+03  0.1429E-01
  0.4320E+03  0.1266E-01
  0.4330E+03  0.1408E-01
  0.4340E+03  0.1127E-01
  0.4350E+03  0.1043E-01
  0.4360E+03  0.1401E-01
  0.4370E+03  0.1036E-01
  0.4380E+03  0.9584E-02
  0.4390E+03  0.1404E-01
  0.4400E+03  0.1138E-01
  0.4410E+03  0.9831E-02
  0.4420E+03  0.8834E-02
  0.4430E+03  0.6486E-02
  0.4440E+03  0.1168E-01
  0.4450E+03  0.1172E-01
  0.4460E+03  0.1069E-01
  0.4470E+03  0.8937E-02
  0.4480E+03  0.1030E-01
  0.4490E+03  0.1302E-01
  0.4500E+03  0.1032E-01
  0.4510E+03  0.8638E-02
  0.4520E+03  0.1311E-01
  0.4530E+03  0.6352E-02
  0.4540E+03  0.1208E-01
  0.4550E+03  0.1022E-01
  0.4560E+03  0.9150E-02
  0.4570E+03  0.1010E-01
  0.4580E+03  0.8027E-02
  0.4590E+03  0.9470E-02
  0.4600E+03  0.1014E-01
  0.4610E+03  0.1181E-01
  0.4620E+03  0.8186E-02
  0.4630E+03  0.9218E-02
  0.4640E+03  0.8085E-02
  0.4650E+03  0.9724E-02
  0.4660E+03  0.1075E-01
  0.4670E+03  0.8418E-02
  0.4680E+03  0.6555E-02
  0.4690E+03  0.9882E-02
  0.4700E+03  0.7356E-02
  0.4710E+03  0.6868E-02
  0.4720E+03  0.7230E-02
  0.4730E+03  0.8962E-02
  0.4740E+03  0.1042E-01
  0.4750E+03  0.1129E-01
  0.4760E+03  0.8997E-02
  0.4770E+03  0.7197E-02
  0.4780E+03  0.7074E-02
  0.4790E+03  0.1037E-01
  0.4800E+03  0.8799E-02
  0.4810E+03  0.1161E-01
  0.4820E+03  0.1087E-01
  0.4830E+03  0.9776E-02
  0.4840E+03  0.8414E-02
  0.4850E+03  0.9690E-02
  0.4860E+03  0.8594E-02
  0.4870E+03  0.8702E-02
  0.4880E+03  0.8820E-02
  0.4890E+03  0.8401E-02
  0.4900E+03  0.7164E-02
  0.4910E+03  0.6284E-02
  0.4920E+03  0.8168E-02
  0.4930E+03  0.8483E-02
  0.4940E+03  0.6488E-02
  0.4950E+03  0.8009E-02
  0.4960E+03  0.7709E-02
  0.4970E+03  0.1124E-01
  0.4980E+03  0.5951E-02
  0.4990E+03  0.7102E-02
  0.5000E+03  0.5572E-02
  0.5010E+03  0.5514E-02
  0.5020E+03  0.7570E-02
  0.5030E+03  0.5027E-02
  0.5040E+03  0.5758E-02
  0.5050E+03  0.7718E-02
  0.5060E+03  0.7223E-02
  0.5070E+03  0.5749E-02
  0.5080E+03  0.4388E-02
  0.5090E+03  0.5888E-02
  0.5100E+03  0.5652E-02
  0.5110E+03  0.0000E+00
  0.5120E+03  0.0000E+00
