  0.1000E+01  0.9842E+02
  0.2000E+01  0.1139E+03
  0.3000E+01  0.1172E+03
  0.4000E+01  0.1160E+03
  0.5000E+01  0.1179E+03
  0.6000E+01  0.1202E+03
  0.7000E+01  0.1210E+03
  0.8000E+01  0.1212E+03
  0.9000E+01  0.1230E+03
  0.1000E+02  0.1224E+03
  0.1100E+02  0.1226E+03
  0.1200E+02  0.1225E+03
  0.1300E+02  0.1214E+03
  0.1400E+02  0.1217E+03
  0.1500E+02  0.1216E+03
  0.1600E+02  0.1214E+03
  0.1700E+02  0.1211E+03
  0.1800E+02  0.1196E+03
  0.1900E+02  0.1208E+03
  0.2000E+02  0.1198E+03
  0.2100E+02  0.1252E+03
  0.2200E+02  0.1466E+03
  0.2300E+02  0.1997E+03
  0.2400E+02  0.3255E+03
  0.2500E+02  0.5268E+03
  0.2600E+02  0.7572E+03
  0.2700E+02  0.9177E+03
  0.2800E+02  0.9290E+03
  0.2900E+02  0.8038E+03
  0.3000E+02  0.6203E+03
  0.3100E+02  0.4669E+03
  0.3200E+02  0.3512E+03
  0.3300E+02  0.2662E+03
  0.3400E+02  0.2040E+03
  0.3500E+02  0.1593E+03
  0.3600E+02  0.1346E+03
  0.3700E+02  0.1219E+03
  0.3800E+02  0.1182E+03
  0.3900E+02  0.1201E+03
  0.4000E+02  0.1227E+03
  0.4100E+02  0.1296E+03
  0.4200E+02  0.1336E+03
  0.4300E+02  0.1363E+03
  0.4400E+02  0.1408E+03
  0.4500E+02  0.1398E+03
  0.4600E+02  0.1429E+03
  0.4700E+02  0.1406E+03
  0.4800E+02  0.1385E+03
  0.4900E+02  0.1355E+03
  0.5000E+02  0.1347E+03
  0.5100E+02  0.1340E+03
  0.5200E+02  0.1345E+03
  0.5300E+02  0.1376E+03
  0.5400E+02  0.1383E+03
  0.5500E+02  0.1416E+03
  0.5600E+02  0.1445E+03
  0.5700E+02  0.1452E+03
  0.5800E+02  0.1481E+03
  0.5900E+02  0.1494E+03
  0.6000E+02  0.1488E+03
  0.6100E+02  0.1484E+03
  0.6200E+02  0.1505E+03
  0.6300E+02  0.1559E+03
  0.6400E+02  0.1621E+03
  0.6500E+02  0.1706E+03
  0.6600E+02  0.1821E+03
  0.6700E+02  0.2014E+03
  0.6800E+02  0.2251E+03
  0.6900E+02  0.2589E+03
  0.7000E+02  0.2887E+03
  0.7100E+02  0.3220E+03
  0.7200E+02  0.3523E+03
  0.7300E+02  0.3741E+03
  0.7400E+02  0.3881E+03
  0.7500E+02  0.3854E+03
  0.7600E+02  0.3768E+03
  0.7700E+02  0.3569E+03
  0.7800E+02  0.3355E+03
  0.7900E+02  0.3122E+03
  0.8000E+02  0.2950E+03
  0.8100E+02  0.2853E+03
  0.8200E+02  0.2789E+03
  0.8300E+02  0.2749E+03
  0.8400E+02  0.2750E+03
  0.8500E+02  0.2698E+03
  0.8600E+02  0.2670E+03
  0.8700E+02  0.2574E+03
  0.8800E+02  0.2484E+03
  0.8900E+02  0.2371E+03
  0.9000E+02  0.2222E+03
  0.9100E+02  0.2115E+03
  0.9200E+02  0.2018E+03
  0.9300E+02  0.1948E+03
  0.9400E+02  0.1877E+03
  0.9500E+02  0.1831E+03
  0.9600E+02  0.1805E+03
  0.9700E+02  0.1802E+03
  0.9800E+02  0.1790E+03
  0.9900E+02  0.1767E+03
  0.1000E+03  0.1764E+03
  0.1010E+03  0.1762E+03
  0.1020E+03  0.1779E+03
  0.1030E+03  0.1780E+03
  0.1040E+03  0.1757E+03
  0.1050E+03  0.1751E+03
  0.1060E+03  0.1748E+03
  0.1070E+03  0.1748E+03
  0.1080E+03  0.1739E+03
  0.1090E+03  0.1721E+03
  0.1100E+03  0.1730E+03
  0.1110E+03  0.1717E+03
  0.1120E+03  0.1711E+03
  0.1130E+03  0.1698E+03
  0.1140E+03  0.1717E+03
  0.1150E+03  0.1702E+03
  0.1160E+03  0.1718E+03
  0.1170E+03  0.1704E+03
  0.1180E+03  0.1718E+03
  0.1190E+03  0.1729E+03
  0.1200E+03  0.1748E+03
  0.1210E+03  0.1742E+03
  0.1220E+03  0.1747E+03
  0.1230E+03  0.1763E+03
  0.1240E+03  0.1805E+03
  0.1250E+03  0.1804E+03
  0.1260E+03  0.1834E+03
  0.1270E+03  0.1833E+03
  0.1280E+03  0.1827E+03
  0.1290E+03  0.1862E+03
  0.1300E+03  0.1867E+03
  0.1310E+03  0.1887E+03
  0.1320E+03  0.1894E+03
  0.1330E+03  0.1911E+03
  0.1340E+03  0.1916E+03
  0.1350E+03  0.1911E+03
  0.1360E+03  0.1925E+03
  0.1370E+03  0.1930E+03
  0.1380E+03  0.1949E+03
  0.1390E+03  0.1989E+03
  0.1400E+03  0.2003E+03
  0.1410E+03  0.2068E+03
  0.1420E+03  0.2139E+03
  0.1430E+03  0.2224E+03
  0.1440E+03  0.2318E+03
  0.1450E+03  0.2486E+03
  0.1460E+03  0.2652E+03
  0.1470E+03  0.2876E+03
  0.1480E+03  0.3149E+03
  0.1490E+03  0.3426E+03
  0.1500E+03  0.3757E+03
  0.1510E+03  0.4095E+03
  0.1520E+03  0.4477E+03
  0.1530E+03  0.4855E+03
  0.1540E+03  0.5192E+03
  0.1550E+03  0.5528E+03
  0.1560E+03  0.5789E+03
  0.1570E+03  0.5999E+03
  0.1580E+03  0.6135E+03
  0.1590E+03  0.6198E+03
  0.1600E+03  0.6171E+03
  0.1610E+03  0.6051E+03
  0.1620E+03  0.5887E+03
  0.1630E+03  0.5637E+03
  0.1640E+03  0.5343E+03
  0.1650E+03  0.5029E+03
  0.1660E+03  0.4702E+03
  0.1670E+03  0.4387E+03
  0.1680E+03  0.4065E+03
  0.1690E+03  0.3794E+03
  0.1700E+03  0.3540E+03
  0.1710E+03  0.3317E+03
  0.1720E+03  0.3180E+03
  0.1730E+03  0.3025E+03
  0.1740E+03  0.2916E+03
  0.1750E+03  0.2839E+03
  0.1760E+03  0.2750E+03
  0.1770E+03  0.2697E+03
  0.1780E+03  0.2677E+03
  0.1790E+03  0.2661E+03
  0.1800E+03  0.2638E+03
  0.1810E+03  0.2596E+03
  0.1820E+03  0.2535E+03
  0.1830E+03  0.2531E+03
  0.1840E+03  0.2505E+03
  0.1850E+03  0.2502E+03
  0.1860E+03  0.2459E+03
  0.1870E+03  0.2438E+03
  0.1880E+03  0.2402E+03
  0.1890E+03  0.2359E+03
  0.1900E+03  0.2331E+03
  0.1910E+03  0.2296E+03
  0.1920E+03  0.2247E+03
  0.1930E+03  0.2213E+03
  0.1940E+03  0.2171E+03
  0.1950E+03  0.2163E+03
  0.1960E+03  0.2116E+03
  0.1970E+03  0.2106E+03
  0.1980E+03  0.2048E+03
  0.1990E+03  0.2031E+03
  0.2000E+03  0.2000E+03
  0.2010E+03  0.1979E+03
  0.2020E+03  0.1938E+03
  0.2030E+03  0.1896E+03
  0.2040E+03  0.1876E+03
  0.2050E+03  0.1875E+03
  0.2060E+03  0.1846E+03
  0.2070E+03  0.1822E+03
  0.2080E+03  0.1781E+03
  0.2090E+03  0.1743E+03
  0.2100E+03  0.1731E+03
  0.2110E+03  0.1708E+03
  0.2120E+03  0.1687E+03
  0.2130E+03  0.1668E+03
  0.2140E+03  0.1655E+03
  0.2150E+03  0.1632E+03
  0.2160E+03  0.1610E+03
  0.2170E+03  0.1585E+03
  0.2180E+03  0.1564E+03
  0.2190E+03  0.1553E+03
  0.2200E+03  0.1545E+03
  0.2210E+03  0.1535E+03
  0.2220E+03  0.1518E+03
  0.2230E+03  0.1508E+03
  0.2240E+03  0.1488E+03
  0.2250E+03  0.1487E+03
  0.2260E+03  0.1464E+03
  0.2270E+03  0.1458E+03
  0.2280E+03  0.1442E+03
  0.2290E+03  0.1437E+03
  0.2300E+03  0.1418E+03
  0.2310E+03  0.1407E+03
  0.2320E+03  0.1412E+03
  0.2330E+03  0.1388E+03
  0.2340E+03  0.1374E+03
  0.2350E+03  0.1379E+03
  0.2360E+03  0.1376E+03
  0.2370E+03  0.1361E+03
  0.2380E+03  0.1365E+03
  0.2390E+03  0.1362E+03
  0.2400E+03  0.1352E+03
  0.2410E+03  0.1336E+03
  0.2420E+03  0.1343E+03
  0.2430E+03  0.1338E+03
  0.2440E+03  0.1335E+03
  0.2450E+03  0.1308E+03
  0.2460E+03  0.1304E+03
  0.2470E+03  0.1310E+03
  0.2480E+03  0.1305E+03
  0.2490E+03  0.1297E+03
  0.2500E+03  0.1295E+03
  0.2510E+03  0.1283E+03
  0.2520E+03  0.1291E+03
  0.2530E+03  0.1274E+03
  0.2540E+03  0.1273E+03
  0.2550E+03  0.1287E+03
  0.2560E+03  0.1262E+03
  0.2570E+03  0.1259E+03
  0.2580E+03  0.1240E+03
  0.2590E+03  0.1223E+03
  0.2600E+03  0.1245E+03
  0.2610E+03  0.1226E+03
  0.2620E+03  0.1252E+03
  0.2630E+03  0.1233E+03
  0.2640E+03  0.1223E+03
  0.2650E+03  0.1214E+03
  0.2660E+03  0.1212E+03
  0.2670E+03  0.1230E+03
  0.2680E+03  0.1232E+03
  0.2690E+03  0.1226E+03
  0.2700E+03  0.1233E+03
  0.2710E+03  0.1217E+03
  0.2720E+03  0.1214E+03
  0.2730E+03  0.1222E+03
  0.2740E+03  0.1205E+03
  0.2750E+03  0.1216E+03
  0.2760E+03  0.1203E+03
  0.2770E+03  0.1203E+03
  0.2780E+03  0.1198E+03
  0.2790E+03  0.1189E+03
  0.2800E+03  0.1196E+03
  0.2810E+03  0.1188E+03
  0.2820E+03  0.1153E+03
  0.2830E+03  0.1170E+03
  0.2840E+03  0.1153E+03
  0.2850E+03  0.1157E+03
  0.2860E+03  0.1137E+03
  0.2870E+03  0.1129E+03
  0.2880E+03  0.1134E+03
  0.2890E+03  0.1140E+03
  0.2900E+03  0.1123E+03
  0.2910E+03  0.1120E+03
  0.2920E+03  0.1119E+03
  0.2930E+03  0.1104E+03
  0.2940E+03  0.1088E+03
  0.2950E+03  0.1098E+03
  0.2960E+03  0.1096E+03
  0.2970E+03  0.1074E+03
  0.2980E+03  0.1090E+03
  0.2990E+03  0.1074E+03
  0.3000E+03  0.1076E+03
  0.3010E+03  0.1070E+03
  0.3020E+03  0.1068E+03
  0.3030E+03  0.1070E+03
  0.3040E+03  0.1058E+03
  0.3050E+03  0.1066E+03
  0.3060E+03  0.1066E+03
  0.3070E+03  0.1101E+03
  0.3080E+03  0.1075E+03
  0.3090E+03  0.1083E+03
  0.3100E+03  0.1082E+03
  0.3110E+03  0.1090E+03
  0.3120E+03  0.1075E+03
  0.3130E+03  0.1072E+03
  0.3140E+03  0.1102E+03
  0.3150E+03  0.1109E+03
  0.3160E+03  0.1106E+03
  0.3170E+03  0.1117E+03
  0.3180E+03  0.1112E+03
  0.3190E+03  0.1108E+03
  0.3200E+03  0.1139E+03
  0.3210E+03  0.1141E+03
  0.3220E+03  0.1151E+03
  0.3230E+03  0.1168E+03
  0.3240E+03  0.1160E+03
  0.3250E+03  0.1172E+03
  0.3260E+03  0.1180E+03
  0.3270E+03  0.1182E+03
  0.3280E+03  0.1207E+03
  0.3290E+03  0.1224E+03
  0.3300E+03  0.1224E+03
  0.3310E+03  0.1224E+03
  0.3320E+03  0.1230E+03
  0.3330E+03  0.1249E+03
  0.3340E+03  0.1263E+03
  0.3350E+03  0.1273E+03
  0.3360E+03  0.1253E+03
  0.3370E+03  0.1266E+03
  0.3380E+03  0.1267E+03
  0.3390E+03  0.1274E+03
  0.3400E+03  0.1294E+03
  0.3410E+03  0.1281E+03
  0.3420E+03  0.1290E+03
  0.3430E+03  0.1283E+03
  0.3440E+03  0.1262E+03
  0.3450E+03  0.1270E+03
  0.3460E+03  0.1259E+03
  0.3470E+03  0.1252E+03
  0.3480E+03  0.1238E+03
  0.3490E+03  0.1234E+03
  0.3500E+03  0.1198E+03
  0.3510E+03  0.1201E+03
  0.3520E+03  0.1169E+03
  0.3530E+03  0.1148E+03
  0.3540E+03  0.1120E+03
  0.3550E+03  0.1109E+03
  0.3560E+03  0.1099E+03
  0.3570E+03  0.1074E+03
  0.3580E+03  0.1030E+03
  0.3590E+03  0.1006E+03
  0.3600E+03  0.9797E+02
  0.3610E+03  0.9558E+02
  0.3620E+03  0.9310E+02
  0.3630E+03  0.9174E+02
  0.3640E+03  0.8796E+02
  0.3650E+03  0.8554E+02
  0.3660E+03  0.8390E+02
  0.3670E+03  0.8259E+02
  0.3680E+03  0.8076E+02
  0.3690E+03  0.7638E+02
  0.3700E+03  0.7554E+02
  0.3710E+03  0.7375E+02
  0.3720E+03  0.7116E+02
  0.3730E+03  0.7054E+02
  0.3740E+03  0.6925E+02
  0.3750E+03  0.6752E+02
  0.3760E+03  0.6640E+02
  0.3770E+03  0.6652E+02
  0.3780E+03  0.6458E+02
  0.3790E+03  0.6332E+02
  0.3800E+03  0.6271E+02
  0.3810E+03  0.6143E+02
  0.3820E+03  0.6176E+02
  0.3830E+03  0.6117E+02
  0.3840E+03  0.5999E+02
  0.3850E+03  0.6027E+02
  0.3860E+03  0.5920E+02
  0.3870E+03  0.5851E+02
  0.3880E+03  0.5873E+02
  0.3890E+03  0.5897E+02
  0.3900E+03  0.5854E+02
  0.3910E+03  0.5804E+02
  0.3920E+03  0.5736E+02
  0.3930E+03  0.5726E+02
  0.3940E+03  0.5713E+02
  0.3950E+03  0.5736E+02
  0.3960E+03  0.5736E+02
  0.3970E+03  0.5717E+02
  0.3980E+03  0.5752E+02
  0.3990E+03  0.5903E+02
  0.4000E+03  0.5780E+02
  0.4010E+03  0.6068E+02
  0.4020E+03  0.5850E+02
  0.4030E+03  0.5967E+02
  0.4040E+03  0.5893E+02
  0.4050E+03  0.6127E+02
  0.4060E+03  0.6270E+02
  0.4070E+03  0.6271E+02
  0.4080E+03  0.6376E+02
  0.4090E+03  0.6366E+02
  0.4100E+03  0.6584E+02
  0.4110E+03  0.6782E+02
  0.4120E+03  0.6869E+02
  0.4130E+03  0.6911E+02
  0.4140E+03  0.7203E+02
  0.4150E+03  0.7298E+02
  0.4160E+03  0.7544E+02
  0.4170E+03  0.7719E+02
  0.4180E+03  0.7920E+02
  0.4190E+03  0.8160E+02
  0.4200E+03  0.8445E+02
  0.4210E+03  0.8650E+02
  0.4220E+03  0.8838E+02
  0.4230E+03  0.9247E+02
  0.4240E+03  0.9350E+02
  0.4250E+03  0.9544E+02
  0.4260E+03  0.1000E+03
  0.4270E+03  0.1009E+03
  0.4280E+03  0.1035E+03
  0.4290E+03  0.1063E+03
  0.4300E+03  0.1070E+03
  0.4310E+03  0.1094E+03
  0.4320E+03  0.1118E+03
  0.4330E+03  0.1141E+03
  0.4340E+03  0.1138E+03
  0.4350E+03  0.1160E+03
  0.4360E+03  0.1175E+03
  0.4370E+03  0.1164E+03
  0.4380E+03  0.1184E+03
  0.4390E+03  0.1179E+03
  0.4400E+03  0.1179E+03
  0.4410E+03  0.1172E+03
  0.4420E+03  0.1164E+03
  0.4430E+03  0.1162E+03
  0.4440E+03  0.1143E+03
  0.4450E+03  0.1129E+03
  0.4460E+03  0.1122E+03
  0.4470E+03  0.1093E+03
  0.4480E+03  0.1079E+03
  0.4490E+03  0.1050E+03
  0.4500E+03  0.1020E+03
  0.4510E+03  0.9942E+02
  0.4520E+03  0.9761E+02
  0.4530E+03  0.9417E+02
  0.4540E+03  0.9107E+02
  0.4550E+03  0.8877E+02
  0.4560E+03  0.8626E+02
  0.4570E+03  0.8179E+02
  0.4580E+03  0.8038E+02
  0.4590E+03  0.7777E+02
  0.4600E+03  0.7573E+02
  0.4610E+03  0.7233E+02
  0.4620E+03  0.7046E+02
  0.4630E+03  0.6926E+02
  0.4640E+03  0.6670E+02
  0.4650E+03  0.6448E+02
  0.4660E+03  0.6284E+02
  0.4670E+03  0.6158E+02
  0.4680E+03  0.5964E+02
  0.4690E+03  0.5883E+02
  0.4700E+03  0.5853E+02
  0.4710E+03  0.5818E+02
  0.4720E+03  0.5791E+02
  0.4730E+03  0.5831E+02
  0.4740E+03  0.5842E+02
  0.4750E+03  0.5871E+02
  0.4760E+03  0.5943E+02
  0.4770E+03  0.6017E+02
  0.4780E+03  0.6068E+02
  0.4790E+03  0.6337E+02
  0.4800E+03  0.6378E+02
  0.4810E+03  0.6582E+02
  0.4820E+03  0.6685E+02
  0.4830E+03  0.6988E+02
  0.4840E+03  0.7236E+02
  0.4850E+03  0.7438E+02
  0.4860E+03  0.7842E+02
  0.4870E+03  0.8207E+02
  0.4880E+03  0.8598E+02
  0.4890E+03  0.8793E+02
  0.4900E+03  0.9118E+02
  0.4910E+03  0.9630E+02
  0.4920E+03  0.1006E+03
  0.4930E+03  0.1039E+03
  0.4940E+03  0.1098E+03
  0.4950E+03  0.1133E+03
  0.4960E+03  0.1195E+03
  0.4970E+03  0.1252E+03
  0.4980E+03  0.1310E+03
  0.4990E+03  0.1379E+03
  0.5000E+03  0.1428E+03
  0.5010E+03  0.1483E+03
  0.5020E+03  0.1551E+03
  0.5030E+03  0.1613E+03
  0.5040E+03  0.1678E+03
  0.5050E+03  0.1746E+03
  0.5060E+03  0.1832E+03
  0.5070E+03  0.1872E+03
  0.5080E+03  0.1948E+03
  0.5090E+03  0.2014E+03
  0.5100E+03  0.2073E+03
  0.5110E+03  0.0000E+00
  0.5120E+03  0.0000E+00
