  0.1000E+01  0.6811E+01
  0.2000E+01  0.8081E+01
  0.3000E+01  0.7800E+01
  0.4000E+01  0.8222E+01
  0.5000E+01  0.8672E+01
  0.6000E+01  0.8934E+01
  0.7000E+01  0.9051E+01
  0.8000E+01  0.8860E+01
  0.9000E+01  0.9562E+01
  0.1000E+02  0.9066E+01
  0.1100E+02  0.8879E+01
  0.1200E+02  0.9344E+01
  0.1300E+02  0.9568E+01
  0.1400E+02  0.9099E+01
  0.1500E+02  0.9360E+01
  0.1600E+02  0.9466E+01
  0.1700E+02  0.9631E+01
  0.1800E+02  0.9373E+01
  0.1900E+02  0.9452E+01
  0.2000E+02  0.9215E+01
  0.2100E+02  0.9034E+01
  0.2200E+02  0.9802E+01
  0.2300E+02  0.1024E+02
  0.2400E+02  0.1112E+02
  0.2500E+02  0.1392E+02
  0.2600E+02  0.1627E+02
  0.2700E+02  0.1769E+02
  0.2800E+02  0.1838E+02
  0.2900E+02  0.1728E+02
  0.3000E+02  0.1519E+02
  0.3100E+02  0.1372E+02
  0.3200E+02  0.1251E+02
  0.3300E+02  0.1123E+02
  0.3400E+02  0.1023E+02
  0.3500E+02  0.9796E+01
  0.3600E+02  0.9401E+01
  0.3700E+02  0.8902E+01
  0.3800E+02  0.9131E+01
  0.3900E+02  0.9298E+01
  0.4000E+02  0.9254E+01
  0.4100E+02  0.9897E+01
  0.4200E+02  0.9087E+01
  0.4300E+02  0.9269E+01
  0.4400E+02  0.9505E+01
  0.4500E+02  0.9034E+01
  0.4600E+02  0.9562E+01
  0.4700E+02  0.9484E+01
  0.4800E+02  0.9161E+01
  0.4900E+02  0.9759E+01
  0.5000E+02  0.9491E+01
  0.5100E+02  0.9494E+01
  0.5200E+02  0.9293E+01
  0.5300E+02  0.9594E+01
  0.5400E+02  0.9755E+01
  0.5500E+02  0.9881E+01
  0.5600E+02  0.9792E+01
  0.5700E+02  0.9576E+01
  0.5800E+02  0.9820E+01
  0.5900E+02  0.9909E+01
  0.6000E+02  0.9588E+01
  0.6100E+02  0.9543E+01
  0.6200E+02  0.8850E+01
  0.6300E+02  0.8886E+01
  0.6400E+02  0.9256E+01
  0.6500E+02  0.9088E+01
  0.6600E+02  0.9050E+01
  0.6700E+02  0.8640E+01
  0.6800E+02  0.9088E+01
  0.6900E+02  0.9091E+01
  0.7000E+02  0.8564E+01
  0.7100E+02  0.8722E+01
  0.7200E+02  0.8999E+01
  0.7300E+02  0.8756E+01
  0.7400E+02  0.8877E+01
  0.7500E+02  0.8629E+01
  0.7600E+02  0.9282E+01
  0.7700E+02  0.8961E+01
  0.7800E+02  0.8909E+01
  0.7900E+02  0.9495E+01
  0.8000E+02  0.9184E+01
  0.8100E+02  0.9076E+01
  0.8200E+02  0.9188E+01
  0.8300E+02  0.9035E+01
  0.8400E+02  0.9483E+01
  0.8500E+02  0.8976E+01
  0.8600E+02  0.9230E+01
  0.8700E+02  0.8692E+01
  0.8800E+02  0.9154E+01
  0.8900E+02  0.9138E+01
  0.9000E+02  0.8921E+01
  0.9100E+02  0.9131E+01
  0.9200E+02  0.9055E+01
  0.9300E+02  0.9066E+01
  0.9400E+02  0.9106E+01
  0.9500E+02  0.9233E+01
  0.9600E+02  0.8805E+01
  0.9700E+02  0.9536E+01
  0.9800E+02  0.9270E+01
  0.9900E+02  0.9274E+01
  0.1000E+03  0.8961E+01
  0.1010E+03  0.9285E+01
  0.1020E+03  0.9762E+01
  0.1030E+03  0.9170E+01
  0.1040E+03  0.9184E+01
  0.1050E+03  0.8828E+01
  0.1060E+03  0.9734E+01
  0.1070E+03  0.9639E+01
  0.1080E+03  0.9595E+01
  0.1090E+03  0.9579E+01
  0.1100E+03  0.9810E+01
  0.1110E+03  0.9555E+01
  0.1120E+03  0.9819E+01
  0.1130E+03  0.9352E+01
  0.1140E+03  0.9966E+01
  0.1150E+03  0.9897E+01
  0.1160E+03  0.9856E+01
  0.1170E+03  0.1023E+02
  0.1180E+03  0.1002E+02
  0.1190E+03  0.9980E+01
  0.1200E+03  0.1045E+02
  0.1210E+03  0.1071E+02
  0.1220E+03  0.1090E+02
  0.1230E+03  0.1120E+02
  0.1240E+03  0.1086E+02
  0.1250E+03  0.1083E+02
  0.1260E+03  0.1172E+02
  0.1270E+03  0.1157E+02
  0.1280E+03  0.1144E+02
  0.1290E+03  0.1164E+02
  0.1300E+03  0.1219E+02
  0.1310E+03  0.1172E+02
  0.1320E+03  0.1247E+02
  0.1330E+03  0.1242E+02
  0.1340E+03  0.1291E+02
  0.1350E+03  0.1276E+02
  0.1360E+03  0.1348E+02
  0.1370E+03  0.1331E+02
  0.1380E+03  0.1472E+02
  0.1390E+03  0.1460E+02
  0.1400E+03  0.1496E+02
  0.1410E+03  0.1553E+02
  0.1420E+03  0.1661E+02
  0.1430E+03  0.1713E+02
  0.1440E+03  0.1812E+02
  0.1450E+03  0.1934E+02
  0.1460E+03  0.2088E+02
  0.1470E+03  0.2184E+02
  0.1480E+03  0.2496E+02
  0.1490E+03  0.2746E+02
  0.1500E+03  0.2963E+02
  0.1510E+03  0.3198E+02
  0.1520E+03  0.3525E+02
  0.1530E+03  0.3830E+02
  0.1540E+03  0.4014E+02
  0.1550E+03  0.4230E+02
  0.1560E+03  0.4344E+02
  0.1570E+03  0.4512E+02
  0.1580E+03  0.4522E+02
  0.1590E+03  0.4556E+02
  0.1600E+03  0.4505E+02
  0.1610E+03  0.4372E+02
  0.1620E+03  0.4185E+02
  0.1630E+03  0.3965E+02
  0.1640E+03  0.3736E+02
  0.1650E+03  0.3431E+02
  0.1660E+03  0.3122E+02
  0.1670E+03  0.2842E+02
  0.1680E+03  0.2612E+02
  0.1690E+03  0.2372E+02
  0.1700E+03  0.2180E+02
  0.1710E+03  0.1944E+02
  0.1720E+03  0.1879E+02
  0.1730E+03  0.1737E+02
  0.1740E+03  0.1630E+02
  0.1750E+03  0.1576E+02
  0.1760E+03  0.1479E+02
  0.1770E+03  0.1480E+02
  0.1780E+03  0.1468E+02
  0.1790E+03  0.1407E+02
  0.1800E+03  0.1431E+02
  0.1810E+03  0.1442E+02
  0.1820E+03  0.1362E+02
  0.1830E+03  0.1401E+02
  0.1840E+03  0.1428E+02
  0.1850E+03  0.1443E+02
  0.1860E+03  0.1476E+02
  0.1870E+03  0.1484E+02
  0.1880E+03  0.1473E+02
  0.1890E+03  0.1512E+02
  0.1900E+03  0.1552E+02
  0.1910E+03  0.1530E+02
  0.1920E+03  0.1576E+02
  0.1930E+03  0.1579E+02
  0.1940E+03  0.1552E+02
  0.1950E+03  0.1595E+02
  0.1960E+03  0.1628E+02
  0.1970E+03  0.1672E+02
  0.1980E+03  0.1610E+02
  0.1990E+03  0.1693E+02
  0.2000E+03  0.1662E+02
  0.2010E+03  0.1714E+02
  0.2020E+03  0.1700E+02
  0.2030E+03  0.1728E+02
  0.2040E+03  0.1721E+02
  0.2050E+03  0.1811E+02
  0.2060E+03  0.1795E+02
  0.2070E+03  0.1810E+02
  0.2080E+03  0.1801E+02
  0.2090E+03  0.1873E+02
  0.2100E+03  0.1859E+02
  0.2110E+03  0.1818E+02
  0.2120E+03  0.1856E+02
  0.2130E+03  0.1878E+02
  0.2140E+03  0.1948E+02
  0.2150E+03  0.1933E+02
  0.2160E+03  0.1968E+02
  0.2170E+03  0.1926E+02
  0.2180E+03  0.1942E+02
  0.2190E+03  0.1972E+02
  0.2200E+03  0.2039E+02
  0.2210E+03  0.2039E+02
  0.2220E+03  0.2124E+02
  0.2230E+03  0.2129E+02
  0.2240E+03  0.2148E+02
  0.2250E+03  0.2134E+02
  0.2260E+03  0.2161E+02
  0.2270E+03  0.2172E+02
  0.2280E+03  0.2226E+02
  0.2290E+03  0.2248E+02
  0.2300E+03  0.2242E+02
  0.2310E+03  0.2280E+02
  0.2320E+03  0.2269E+02
  0.2330E+03  0.2278E+02
  0.2340E+03  0.2326E+02
  0.2350E+03  0.2348E+02
  0.2360E+03  0.2395E+02
  0.2370E+03  0.2390E+02
  0.2380E+03  0.2395E+02
  0.2390E+03  0.2523E+02
  0.2400E+03  0.2437E+02
  0.2410E+03  0.2454E+02
  0.2420E+03  0.2517E+02
  0.2430E+03  0.2564E+02
  0.2440E+03  0.2538E+02
  0.2450E+03  0.2581E+02
  0.2460E+03  0.2574E+02
  0.2470E+03  0.2603E+02
  0.2480E+03  0.2601E+02
  0.2490E+03  0.2566E+02
  0.2500E+03  0.2613E+02
  0.2510E+03  0.2655E+02
  0.2520E+03  0.2657E+02
  0.2530E+03  0.2631E+02
  0.2540E+03  0.2766E+02
  0.2550E+03  0.2769E+02
  0.2560E+03  0.2712E+02
  0.2570E+03  0.2741E+02
  0.2580E+03  0.2726E+02
  0.2590E+03  0.2708E+02
  0.2600E+03  0.2811E+02
  0.2610E+03  0.2754E+02
  0.2620E+03  0.2866E+02
  0.2630E+03  0.2871E+02
  0.2640E+03  0.2748E+02
  0.2650E+03  0.2843E+02
  0.2660E+03  0.2815E+02
  0.2670E+03  0.2923E+02
  0.2680E+03  0.2820E+02
  0.2690E+03  0.2854E+02
  0.2700E+03  0.2973E+02
  0.2710E+03  0.2915E+02
  0.2720E+03  0.2964E+02
  0.2730E+03  0.2996E+02
  0.2740E+03  0.2882E+02
  0.2750E+03  0.3051E+02
  0.2760E+03  0.2993E+02
  0.2770E+03  0.2993E+02
  0.2780E+03  0.2983E+02
  0.2790E+03  0.3025E+02
  0.2800E+03  0.3124E+02
  0.2810E+03  0.3048E+02
  0.2820E+03  0.2938E+02
  0.2830E+03  0.3000E+02
  0.2840E+03  0.2968E+02
  0.2850E+03  0.3059E+02
  0.2860E+03  0.2978E+02
  0.2870E+03  0.3027E+02
  0.2880E+03  0.3095E+02
  0.2890E+03  0.3058E+02
  0.2900E+03  0.3107E+02
  0.2910E+03  0.3122E+02
  0.2920E+03  0.3132E+02
  0.2930E+03  0.3017E+02
  0.2940E+03  0.3002E+02
  0.2950E+03  0.3052E+02
  0.2960E+03  0.3051E+02
  0.2970E+03  0.3073E+02
  0.2980E+03  0.3058E+02
  0.2990E+03  0.3033E+02
  0.3000E+03  0.3110E+02
  0.3010E+03  0.3110E+02
  0.3020E+03  0.3093E+02
  0.3030E+03  0.3098E+02
  0.3040E+03  0.3092E+02
  0.3050E+03  0.3079E+02
  0.3060E+03  0.3142E+02
  0.3070E+03  0.3163E+02
  0.3080E+03  0.3133E+02
  0.3090E+03  0.3172E+02
  0.3100E+03  0.3206E+02
  0.3110E+03  0.3289E+02
  0.3120E+03  0.3093E+02
  0.3130E+03  0.3068E+02
  0.3140E+03  0.3199E+02
  0.3150E+03  0.3219E+02
  0.3160E+03  0.3198E+02
  0.3170E+03  0.3246E+02
  0.3180E+03  0.3185E+02
  0.3190E+03  0.3202E+02
  0.3200E+03  0.3347E+02
  0.3210E+03  0.3270E+02
  0.3220E+03  0.3350E+02
  0.3230E+03  0.3399E+02
  0.3240E+03  0.3296E+02
  0.3250E+03  0.3342E+02
  0.3260E+03  0.3331E+02
  0.3270E+03  0.3308E+02
  0.3280E+03  0.3468E+02
  0.3290E+03  0.3399E+02
  0.3300E+03  0.3484E+02
  0.3310E+03  0.3465E+02
  0.3320E+03  0.3463E+02
  0.3330E+03  0.3427E+02
  0.3340E+03  0.3521E+02
  0.3350E+03  0.3490E+02
  0.3360E+03  0.3542E+02
  0.3370E+03  0.3399E+02
  0.3380E+03  0.3450E+02
  0.3390E+03  0.3528E+02
  0.3400E+03  0.3541E+02
  0.3410E+03  0.3544E+02
  0.3420E+03  0.3510E+02
  0.3430E+03  0.3490E+02
  0.3440E+03  0.3461E+02
  0.3450E+03  0.3527E+02
  0.3460E+03  0.3497E+02
  0.3470E+03  0.3503E+02
  0.3480E+03  0.3414E+02
  0.3490E+03  0.3489E+02
  0.3500E+03  0.3431E+02
  0.3510E+03  0.3431E+02
  0.3520E+03  0.3381E+02
  0.3530E+03  0.3369E+02
  0.3540E+03  0.3303E+02
  0.3550E+03  0.3376E+02
  0.3560E+03  0.3330E+02
  0.3570E+03  0.3319E+02
  0.3580E+03  0.3274E+02
  0.3590E+03  0.3197E+02
  0.3600E+03  0.3214E+02
  0.3610E+03  0.3214E+02
  0.3620E+03  0.3198E+02
  0.3630E+03  0.3218E+02
  0.3640E+03  0.3086E+02
  0.3650E+03  0.3136E+02
  0.3660E+03  0.3097E+02
  0.3670E+03  0.3078E+02
  0.3680E+03  0.3064E+02
  0.3690E+03  0.3061E+02
  0.3700E+03  0.3045E+02
  0.3710E+03  0.2984E+02
  0.3720E+03  0.2966E+02
  0.3730E+03  0.2979E+02
  0.3740E+03  0.2990E+02
  0.3750E+03  0.2935E+02
  0.3760E+03  0.2971E+02
  0.3770E+03  0.2985E+02
  0.3780E+03  0.2915E+02
  0.3790E+03  0.2958E+02
  0.3800E+03  0.2937E+02
  0.3810E+03  0.2919E+02
  0.3820E+03  0.2978E+02
  0.3830E+03  0.2980E+02
  0.3840E+03  0.2935E+02
  0.3850E+03  0.2994E+02
  0.3860E+03  0.2960E+02
  0.3870E+03  0.2906E+02
  0.3880E+03  0.3019E+02
  0.3890E+03  0.3095E+02
  0.3900E+03  0.3065E+02
  0.3910E+03  0.3059E+02
  0.3920E+03  0.3016E+02
  0.3930E+03  0.3003E+02
  0.3940E+03  0.2970E+02
  0.3950E+03  0.2960E+02
  0.3960E+03  0.3001E+02
  0.3970E+03  0.2981E+02
  0.3980E+03  0.3064E+02
  0.3990E+03  0.3111E+02
  0.4000E+03  0.3000E+02
  0.4010E+03  0.3181E+02
  0.4020E+03  0.3044E+02
  0.4030E+03  0.3115E+02
  0.4040E+03  0.3064E+02
  0.4050E+03  0.3118E+02
  0.4060E+03  0.3242E+02
  0.4070E+03  0.3166E+02
  0.4080E+03  0.3205E+02
  0.4090E+03  0.3170E+02
  0.4100E+03  0.3149E+02
  0.4110E+03  0.3216E+02
  0.4120E+03  0.3243E+02
  0.4130E+03  0.3210E+02
  0.4140E+03  0.3192E+02
  0.4150E+03  0.3258E+02
  0.4160E+03  0.3336E+02
  0.4170E+03  0.3349E+02
  0.4180E+03  0.3336E+02
  0.4190E+03  0.3375E+02
  0.4200E+03  0.3381E+02
  0.4210E+03  0.3372E+02
  0.4220E+03  0.3413E+02
  0.4230E+03  0.3518E+02
  0.4240E+03  0.3430E+02
  0.4250E+03  0.3454E+02
  0.4260E+03  0.3583E+02
  0.4270E+03  0.3560E+02
  0.4280E+03  0.3595E+02
  0.4290E+03  0.3590E+02
  0.4300E+03  0.3514E+02
  0.4310E+03  0.3570E+02
  0.4320E+03  0.3615E+02
  0.4330E+03  0.3606E+02
  0.4340E+03  0.3642E+02
  0.4350E+03  0.3632E+02
  0.4360E+03  0.3630E+02
  0.4370E+03  0.3552E+02
  0.4380E+03  0.3597E+02
  0.4390E+03  0.3646E+02
  0.4400E+03  0.3584E+02
  0.4410E+03  0.3533E+02
  0.4420E+03  0.3471E+02
  0.4430E+03  0.3513E+02
  0.4440E+03  0.3576E+02
  0.4450E+03  0.3490E+02
  0.4460E+03  0.3559E+02
  0.4470E+03  0.3502E+02
  0.4480E+03  0.3379E+02
  0.4490E+03  0.3422E+02
  0.4500E+03  0.3352E+02
  0.4510E+03  0.3273E+02
  0.4520E+03  0.3250E+02
  0.4530E+03  0.3238E+02
  0.4540E+03  0.3233E+02
  0.4550E+03  0.3182E+02
  0.4560E+03  0.3155E+02
  0.4570E+03  0.3057E+02
  0.4580E+03  0.3054E+02
  0.4590E+03  0.3037E+02
  0.4600E+03  0.3023E+02
  0.4610E+03  0.2845E+02
  0.4620E+03  0.2956E+02
  0.4630E+03  0.2992E+02
  0.4640E+03  0.2893E+02
  0.4650E+03  0.2836E+02
  0.4660E+03  0.2838E+02
  0.4670E+03  0.2775E+02
  0.4680E+03  0.2748E+02
  0.4690E+03  0.2773E+02
  0.4700E+03  0.2743E+02
  0.4710E+03  0.2762E+02
  0.4720E+03  0.2774E+02
  0.4730E+03  0.2731E+02
  0.4740E+03  0.2729E+02
  0.4750E+03  0.2744E+02
  0.4760E+03  0.2770E+02
  0.4770E+03  0.2743E+02
  0.4780E+03  0.2725E+02
  0.4790E+03  0.2787E+02
  0.4800E+03  0.2675E+02
  0.4810E+03  0.2768E+02
  0.4820E+03  0.2746E+02
  0.4830E+03  0.2778E+02
  0.4840E+03  0.2783E+02
  0.4850E+03  0.2815E+02
  0.4860E+03  0.2803E+02
  0.4870E+03  0.2876E+02
  0.4880E+03  0.2903E+02
  0.4890E+03  0.2877E+02
  0.4900E+03  0.2922E+02
  0.4910E+03  0.2967E+02
  0.4920E+03  0.2956E+02
  0.4930E+03  0.2884E+02
  0.4940E+03  0.2948E+02
  0.4950E+03  0.2921E+02
  0.4960E+03  0.3046E+02
  0.4970E+03  0.3075E+02
  0.4980E+03  0.3081E+02
  0.4990E+03  0.3116E+02
  0.5000E+03  0.3117E+02
  0.5010E+03  0.3186E+02
  0.5020E+03  0.3249E+02
  0.5030E+03  0.3251E+02
  0.5040E+03  0.3305E+02
  0.5050E+03  0.3281E+02
  0.5060E+03  0.3374E+02
  0.5070E+03  0.3308E+02
  0.5080E+03  0.3387E+02
  0.5090E+03  0.3428E+02
  0.5100E+03  0.3338E+02
  0.5110E+03  0.0000E+00
  0.5120E+03  0.0000E+00
