  0.1000E+01  0.4785E+02
  0.2000E+01  0.5136E+02
  0.3000E+01  0.5455E+02
  0.4000E+01  0.5605E+02
  0.5000E+01  0.5683E+02
  0.6000E+01  0.5762E+02
  0.7000E+01  0.5909E+02
  0.8000E+01  0.5928E+02
  0.9000E+01  0.5957E+02
  0.1000E+02  0.5859E+02
  0.1100E+02  0.5986E+02
  0.1200E+02  0.5948E+02
  0.1300E+02  0.6007E+02
  0.1400E+02  0.5943E+02
  0.1500E+02  0.5963E+02
  0.1600E+02  0.5889E+02
  0.1700E+02  0.5997E+02
  0.1800E+02  0.5821E+02
  0.1900E+02  0.6034E+02
  0.2000E+02  0.5836E+02
  0.2100E+02  0.5859E+02
  0.2200E+02  0.5985E+02
  0.2300E+02  0.5810E+02
  0.2400E+02  0.5989E+02
  0.2500E+02  0.5767E+02
  0.2600E+02  0.5848E+02
  0.2700E+02  0.5761E+02
  0.2800E+02  0.5728E+02
  0.2900E+02  0.5829E+02
  0.3000E+02  0.5812E+02
  0.3100E+02  0.5877E+02
  0.3200E+02  0.5855E+02
  0.3300E+02  0.5700E+02
  0.3400E+02  0.5909E+02
  0.3500E+02  0.5755E+02
  0.3600E+02  0.5742E+02
  0.3700E+02  0.5694E+02
  0.3800E+02  0.5658E+02
  0.3900E+02  0.5728E+02
  0.4000E+02  0.5708E+02
  0.4100E+02  0.5764E+02
  0.4200E+02  0.5831E+02
  0.4300E+02  0.5776E+02
  0.4400E+02  0.5762E+02
  0.4500E+02  0.5662E+02
  0.4600E+02  0.5831E+02
  0.4700E+02  0.5849E+02
  0.4800E+02  0.6004E+02
  0.4900E+02  0.6039E+02
  0.5000E+02  0.6240E+02
  0.5100E+02  0.6284E+02
  0.5200E+02  0.6367E+02
  0.5300E+02  0.6585E+02
  0.5400E+02  0.6697E+02
  0.5500E+02  0.6778E+02
  0.5600E+02  0.6861E+02
  0.5700E+02  0.6971E+02
  0.5800E+02  0.7199E+02
  0.5900E+02  0.7341E+02
  0.6000E+02  0.7385E+02
  0.6100E+02  0.7585E+02
  0.6200E+02  0.7731E+02
  0.6300E+02  0.8007E+02
  0.6400E+02  0.8099E+02
  0.6500E+02  0.8253E+02
  0.6600E+02  0.8319E+02
  0.6700E+02  0.8473E+02
  0.6800E+02  0.8564E+02
  0.6900E+02  0.8801E+02
  0.7000E+02  0.8824E+02
  0.7100E+02  0.8913E+02
  0.7200E+02  0.9205E+02
  0.7300E+02  0.9210E+02
  0.7400E+02  0.9440E+02
  0.7500E+02  0.9507E+02
  0.7600E+02  0.9496E+02
  0.7700E+02  0.9655E+02
  0.7800E+02  0.9799E+02
  0.7900E+02  0.9787E+02
  0.8000E+02  0.9900E+02
  0.8100E+02  0.9951E+02
  0.8200E+02  0.1011E+03
  0.8300E+02  0.9978E+02
  0.8400E+02  0.1023E+03
  0.8500E+02  0.1019E+03
  0.8600E+02  0.1011E+03
  0.8700E+02  0.1009E+03
  0.8800E+02  0.1013E+03
  0.8900E+02  0.1027E+03
  0.9000E+02  0.1009E+03
  0.9100E+02  0.1019E+03
  0.9200E+02  0.1025E+03
  0.9300E+02  0.1032E+03
  0.9400E+02  0.1035E+03
  0.9500E+02  0.1032E+03
  0.9600E+02  0.1021E+03
  0.9700E+02  0.1031E+03
  0.9800E+02  0.1037E+03
  0.9900E+02  0.1016E+03
  0.1000E+03  0.1029E+03
  0.1010E+03  0.1017E+03
  0.1020E+03  0.1024E+03
  0.1030E+03  0.1027E+03
  0.1040E+03  0.1011E+03
  0.1050E+03  0.1018E+03
  0.1060E+03  0.1011E+03
  0.1070E+03  0.1014E+03
  0.1080E+03  0.1014E+03
  0.1090E+03  0.9994E+02
  0.1100E+03  0.1014E+03
  0.1110E+03  0.1000E+03
  0.1120E+03  0.9983E+02
  0.1130E+03  0.9996E+02
  0.1140E+03  0.1017E+03
  0.1150E+03  0.1012E+03
  0.1160E+03  0.1020E+03
  0.1170E+03  0.1005E+03
  0.1180E+03  0.1016E+03
  0.1190E+03  0.1027E+03
  0.1200E+03  0.1039E+03
  0.1210E+03  0.1029E+03
  0.1220E+03  0.1026E+03
  0.1230E+03  0.1028E+03
  0.1240E+03  0.1049E+03
  0.1250E+03  0.1054E+03
  0.1260E+03  0.1055E+03
  0.1270E+03  0.1052E+03
  0.1280E+03  0.1055E+03
  0.1290E+03  0.1065E+03
  0.1300E+03  0.1064E+03
  0.1310E+03  0.1080E+03
  0.1320E+03  0.1090E+03
  0.1330E+03  0.1096E+03
  0.1340E+03  0.1102E+03
  0.1350E+03  0.1092E+03
  0.1360E+03  0.1100E+03
  0.1370E+03  0.1103E+03
  0.1380E+03  0.1106E+03
  0.1390E+03  0.1120E+03
  0.1400E+03  0.1116E+03
  0.1410E+03  0.1126E+03
  0.1420E+03  0.1132E+03
  0.1430E+03  0.1136E+03
  0.1440E+03  0.1127E+03
  0.1450E+03  0.1144E+03
  0.1460E+03  0.1140E+03
  0.1470E+03  0.1153E+03
  0.1480E+03  0.1165E+03
  0.1490E+03  0.1164E+03
  0.1500E+03  0.1164E+03
  0.1510E+03  0.1169E+03
  0.1520E+03  0.1182E+03
  0.1530E+03  0.1182E+03
  0.1540E+03  0.1181E+03
  0.1550E+03  0.1198E+03
  0.1560E+03  0.1217E+03
  0.1570E+03  0.1225E+03
  0.1580E+03  0.1236E+03
  0.1590E+03  0.1263E+03
  0.1600E+03  0.1289E+03
  0.1610E+03  0.1284E+03
  0.1620E+03  0.1315E+03
  0.1630E+03  0.1334E+03
  0.1640E+03  0.1359E+03
  0.1650E+03  0.1385E+03
  0.1660E+03  0.1422E+03
  0.1670E+03  0.1470E+03
  0.1680E+03  0.1490E+03
  0.1690E+03  0.1529E+03
  0.1700E+03  0.1556E+03
  0.1710E+03  0.1581E+03
  0.1720E+03  0.1628E+03
  0.1730E+03  0.1634E+03
  0.1740E+03  0.1673E+03
  0.1750E+03  0.1713E+03
  0.1760E+03  0.1703E+03
  0.1770E+03  0.1714E+03
  0.1780E+03  0.1725E+03
  0.1790E+03  0.1738E+03
  0.1800E+03  0.1735E+03
  0.1810E+03  0.1719E+03
  0.1820E+03  0.1696E+03
  0.1830E+03  0.1696E+03
  0.1840E+03  0.1677E+03
  0.1850E+03  0.1666E+03
  0.1860E+03  0.1637E+03
  0.1870E+03  0.1626E+03
  0.1880E+03  0.1599E+03
  0.1890E+03  0.1563E+03
  0.1900E+03  0.1543E+03
  0.1910E+03  0.1504E+03
  0.1920E+03  0.1466E+03
  0.1930E+03  0.1449E+03
  0.1940E+03  0.1413E+03
  0.1950E+03  0.1403E+03
  0.1960E+03  0.1366E+03
  0.1970E+03  0.1359E+03
  0.1980E+03  0.1315E+03
  0.1990E+03  0.1298E+03
  0.2000E+03  0.1266E+03
  0.2010E+03  0.1247E+03
  0.2020E+03  0.1216E+03
  0.2030E+03  0.1186E+03
  0.2040E+03  0.1177E+03
  0.2050E+03  0.1157E+03
  0.2060E+03  0.1139E+03
  0.2070E+03  0.1115E+03
  0.2080E+03  0.1078E+03
  0.2090E+03  0.1053E+03
  0.2100E+03  0.1046E+03
  0.2110E+03  0.1018E+03
  0.2120E+03  0.1008E+03
  0.2130E+03  0.9869E+02
  0.2140E+03  0.9663E+02
  0.2150E+03  0.9494E+02
  0.2160E+03  0.9297E+02
  0.2170E+03  0.9085E+02
  0.2180E+03  0.8854E+02
  0.2190E+03  0.8804E+02
  0.2200E+03  0.8600E+02
  0.2210E+03  0.8582E+02
  0.2220E+03  0.8262E+02
  0.2230E+03  0.8206E+02
  0.2240E+03  0.8018E+02
  0.2250E+03  0.8007E+02
  0.2260E+03  0.7787E+02
  0.2270E+03  0.7692E+02
  0.2280E+03  0.7618E+02
  0.2290E+03  0.7539E+02
  0.2300E+03  0.7321E+02
  0.2310E+03  0.7220E+02
  0.2320E+03  0.7216E+02
  0.2330E+03  0.7026E+02
  0.2340E+03  0.6782E+02
  0.2350E+03  0.6827E+02
  0.2360E+03  0.6732E+02
  0.2370E+03  0.6664E+02
  0.2380E+03  0.6540E+02
  0.2390E+03  0.6424E+02
  0.2400E+03  0.6326E+02
  0.2410E+03  0.6203E+02
  0.2420E+03  0.6170E+02
  0.2430E+03  0.6056E+02
  0.2440E+03  0.6075E+02
  0.2450E+03  0.5814E+02
  0.2460E+03  0.5744E+02
  0.2470E+03  0.5735E+02
  0.2480E+03  0.5720E+02
  0.2490E+03  0.5629E+02
  0.2500E+03  0.5500E+02
  0.2510E+03  0.5422E+02
  0.2520E+03  0.5462E+02
  0.2530E+03  0.5342E+02
  0.2540E+03  0.5110E+02
  0.2550E+03  0.5215E+02
  0.2560E+03  0.5085E+02
  0.2570E+03  0.5023E+02
  0.2580E+03  0.4881E+02
  0.2590E+03  0.4793E+02
  0.2600E+03  0.4807E+02
  0.2610E+03  0.4712E+02
  0.2620E+03  0.4735E+02
  0.2630E+03  0.4646E+02
  0.2640E+03  0.4616E+02
  0.2650E+03  0.4476E+02
  0.2660E+03  0.4485E+02
  0.2670E+03  0.4486E+02
  0.2680E+03  0.4465E+02
  0.2690E+03  0.4430E+02
  0.2700E+03  0.4326E+02
  0.2710E+03  0.4199E+02
  0.2720E+03  0.4209E+02
  0.2730E+03  0.4200E+02
  0.2740E+03  0.4140E+02
  0.2750E+03  0.4008E+02
  0.2760E+03  0.3955E+02
  0.2770E+03  0.3987E+02
  0.2780E+03  0.3910E+02
  0.2790E+03  0.3821E+02
  0.2800E+03  0.3760E+02
  0.2810E+03  0.3817E+02
  0.2820E+03  0.3696E+02
  0.2830E+03  0.3774E+02
  0.2840E+03  0.3624E+02
  0.2850E+03  0.3707E+02
  0.2860E+03  0.3577E+02
  0.2870E+03  0.3529E+02
  0.2880E+03  0.3419E+02
  0.2890E+03  0.3522E+02
  0.2900E+03  0.3396E+02
  0.2910E+03  0.3344E+02
  0.2920E+03  0.3383E+02
  0.2930E+03  0.3321E+02
  0.2940E+03  0.3262E+02
  0.2950E+03  0.3287E+02
  0.2960E+03  0.3237E+02
  0.2970E+03  0.3157E+02
  0.2980E+03  0.3140E+02
  0.2990E+03  0.3121E+02
  0.3000E+03  0.3028E+02
  0.3010E+03  0.3000E+02
  0.3020E+03  0.2989E+02
  0.3030E+03  0.3000E+02
  0.3040E+03  0.2960E+02
  0.3050E+03  0.2917E+02
  0.3060E+03  0.2783E+02
  0.3070E+03  0.2960E+02
  0.3080E+03  0.2841E+02
  0.3090E+03  0.2791E+02
  0.3100E+03  0.2779E+02
  0.3110E+03  0.2721E+02
  0.3120E+03  0.2723E+02
  0.3130E+03  0.2656E+02
  0.3140E+03  0.2648E+02
  0.3150E+03  0.2606E+02
  0.3160E+03  0.2632E+02
  0.3170E+03  0.2577E+02
  0.3180E+03  0.2527E+02
  0.3190E+03  0.2553E+02
  0.3200E+03  0.2538E+02
  0.3210E+03  0.2460E+02
  0.3220E+03  0.2434E+02
  0.3230E+03  0.2427E+02
  0.3240E+03  0.2417E+02
  0.3250E+03  0.2398E+02
  0.3260E+03  0.2389E+02
  0.3270E+03  0.2287E+02
  0.3280E+03  0.2298E+02
  0.3290E+03  0.2314E+02
  0.3300E+03  0.2218E+02
  0.3310E+03  0.2213E+02
  0.3320E+03  0.2174E+02
  0.3330E+03  0.2199E+02
  0.3340E+03  0.2196E+02
  0.3350E+03  0.2175E+02
  0.3360E+03  0.2121E+02
  0.3370E+03  0.2111E+02
  0.3380E+03  0.2078E+02
  0.3390E+03  0.2016E+02
  0.3400E+03  0.2093E+02
  0.3410E+03  0.2048E+02
  0.3420E+03  0.2051E+02
  0.3430E+03  0.2004E+02
  0.3440E+03  0.1942E+02
  0.3450E+03  0.1975E+02
  0.3460E+03  0.1962E+02
  0.3470E+03  0.1950E+02
  0.3480E+03  0.1908E+02
  0.3490E+03  0.1927E+02
  0.3500E+03  0.1841E+02
  0.3510E+03  0.1944E+02
  0.3520E+03  0.1806E+02
  0.3530E+03  0.1824E+02
  0.3540E+03  0.1858E+02
  0.3550E+03  0.1794E+02
  0.3560E+03  0.1812E+02
  0.3570E+03  0.1774E+02
  0.3580E+03  0.1782E+02
  0.3590E+03  0.1781E+02
  0.3600E+03  0.1716E+02
  0.3610E+03  0.1712E+02
  0.3620E+03  0.1728E+02
  0.3630E+03  0.1752E+02
  0.3640E+03  0.1697E+02
  0.3650E+03  0.1691E+02
  0.3660E+03  0.1705E+02
  0.3670E+03  0.1702E+02
  0.3680E+03  0.1717E+02
  0.3690E+03  0.1580E+02
  0.3700E+03  0.1602E+02
  0.3710E+03  0.1609E+02
  0.3720E+03  0.1606E+02
  0.3730E+03  0.1594E+02
  0.3740E+03  0.1508E+02
  0.3750E+03  0.1547E+02
  0.3760E+03  0.1520E+02
  0.3770E+03  0.1587E+02
  0.3780E+03  0.1511E+02
  0.3790E+03  0.1508E+02
  0.3800E+03  0.1476E+02
  0.3810E+03  0.1491E+02
  0.3820E+03  0.1497E+02
  0.3830E+03  0.1487E+02
  0.3840E+03  0.1491E+02
  0.3850E+03  0.1478E+02
  0.3860E+03  0.1459E+02
  0.3870E+03  0.1452E+02
  0.3880E+03  0.1412E+02
  0.3890E+03  0.1380E+02
  0.3900E+03  0.1419E+02
  0.3910E+03  0.1373E+02
  0.3920E+03  0.1376E+02
  0.3930E+03  0.1387E+02
  0.3940E+03  0.1350E+02
  0.3950E+03  0.1327E+02
  0.3960E+03  0.1347E+02
  0.3970E+03  0.1307E+02
  0.3980E+03  0.1276E+02
  0.3990E+03  0.1288E+02
  0.4000E+03  0.1284E+02
  0.4010E+03  0.1305E+02
  0.4020E+03  0.1258E+02
  0.4030E+03  0.1257E+02
  0.4040E+03  0.1224E+02
  0.4050E+03  0.1259E+02
  0.4060E+03  0.1204E+02
  0.4070E+03  0.1249E+02
  0.4080E+03  0.1229E+02
  0.4090E+03  0.1168E+02
  0.4100E+03  0.1188E+02
  0.4110E+03  0.1167E+02
  0.4120E+03  0.1165E+02
  0.4130E+03  0.1139E+02
  0.4140E+03  0.1144E+02
  0.4150E+03  0.1124E+02
  0.4160E+03  0.1108E+02
  0.4170E+03  0.1107E+02
  0.4180E+03  0.1069E+02
  0.4190E+03  0.1079E+02
  0.4200E+03  0.1081E+02
  0.4210E+03  0.1002E+02
  0.4220E+03  0.1032E+02
  0.4230E+03  0.1064E+02
  0.4240E+03  0.1012E+02
  0.4250E+03  0.9826E+01
  0.4260E+03  0.1026E+02
  0.4270E+03  0.1018E+02
  0.4280E+03  0.9935E+01
  0.4290E+03  0.9604E+01
  0.4300E+03  0.9743E+01
  0.4310E+03  0.9429E+01
  0.4320E+03  0.9254E+01
  0.4330E+03  0.9212E+01
  0.4340E+03  0.9172E+01
  0.4350E+03  0.8941E+01
  0.4360E+03  0.8603E+01
  0.4370E+03  0.8805E+01
  0.4380E+03  0.8593E+01
  0.4390E+03  0.8699E+01
  0.4400E+03  0.8750E+01
  0.4410E+03  0.8289E+01
  0.4420E+03  0.8361E+01
  0.4430E+03  0.8372E+01
  0.4440E+03  0.8303E+01
  0.4450E+03  0.8484E+01
  0.4460E+03  0.8031E+01
  0.4470E+03  0.8010E+01
  0.4480E+03  0.8234E+01
  0.4490E+03  0.7486E+01
  0.4500E+03  0.8000E+01
  0.4510E+03  0.7792E+01
  0.4520E+03  0.7547E+01
  0.4530E+03  0.7356E+01
  0.4540E+03  0.7512E+01
  0.4550E+03  0.7065E+01
  0.4560E+03  0.7376E+01
  0.4570E+03  0.7534E+01
  0.4580E+03  0.7312E+01
  0.4590E+03  0.7125E+01
  0.4600E+03  0.6836E+01
  0.4610E+03  0.6996E+01
  0.4620E+03  0.6899E+01
  0.4630E+03  0.7151E+01
  0.4640E+03  0.6862E+01
  0.4650E+03  0.6772E+01
  0.4660E+03  0.6707E+01
  0.4670E+03  0.6894E+01
  0.4680E+03  0.6527E+01
  0.4690E+03  0.6355E+01
  0.4700E+03  0.6513E+01
  0.4710E+03  0.6447E+01
  0.4720E+03  0.6664E+01
  0.4730E+03  0.6690E+01
  0.4740E+03  0.6452E+01
  0.4750E+03  0.6181E+01
  0.4760E+03  0.6231E+01
  0.4770E+03  0.5978E+01
  0.4780E+03  0.5874E+01
  0.4790E+03  0.6442E+01
  0.4800E+03  0.6037E+01
  0.4810E+03  0.6039E+01
  0.4820E+03  0.5994E+01
  0.4830E+03  0.6108E+01
  0.4840E+03  0.6138E+01
  0.4850E+03  0.5905E+01
  0.4860E+03  0.6088E+01
  0.4870E+03  0.5770E+01
  0.4880E+03  0.5817E+01
  0.4890E+03  0.5500E+01
  0.4900E+03  0.5632E+01
  0.4910E+03  0.5704E+01
  0.4920E+03  0.5768E+01
  0.4930E+03  0.5887E+01
  0.4940E+03  0.5884E+01
  0.4950E+03  0.5573E+01
  0.4960E+03  0.5654E+01
  0.4970E+03  0.5194E+01
  0.4980E+03  0.5588E+01
  0.4990E+03  0.5538E+01
  0.5000E+03  0.5130E+01
  0.5010E+03  0.4912E+01
  0.5020E+03  0.5250E+01
  0.5030E+03  0.4597E+01
  0.5040E+03  0.4729E+01
  0.5050E+03  0.4534E+01
  0.5060E+03  0.4738E+01
  0.5070E+03  0.4740E+01
  0.5080E+03  0.4354E+01
  0.5090E+03  0.4089E+01
  0.5100E+03  0.4306E+01
  0.5110E+03  0.0000E+00
  0.5120E+03  0.0000E+00
