  0.1000E+01  0.2093E+01
  0.2000E+01  0.7227E+01
  0.3000E+01  0.5530E+01
  0.4000E+01  0.1982E+01
  0.5000E+01  0.1415E+01
  0.6000E+01  0.1246E+01
  0.7000E+01  0.1179E+01
  0.8000E+01  0.1086E+01
  0.9000E+01  0.9865E+00
  0.1000E+02  0.8439E+00
  0.1100E+02  0.8067E+00
  0.1200E+02  0.7069E+00
  0.1300E+02  0.6340E+00
  0.1400E+02  0.5684E+00
  0.1500E+02  0.4879E+00
  0.1600E+02  0.4488E+00
  0.1700E+02  0.3879E+00
  0.1800E+02  0.3515E+00
  0.1900E+02  0.5274E+00
  0.2000E+02  0.1594E+01
  0.2100E+02  0.6974E+01
  0.2200E+02  0.2678E+02
  0.2300E+02  0.8293E+02
  0.2400E+02  0.2052E+03
  0.2500E+02  0.4037E+03
  0.2600E+02  0.6311E+03
  0.2700E+02  0.7882E+03
  0.2800E+02  0.8000E+03
  0.2900E+02  0.6755E+03
  0.3000E+02  0.4978E+03
  0.3100E+02  0.3441E+03
  0.3200E+02  0.2314E+03
  0.3300E+02  0.1499E+03
  0.3400E+02  0.8812E+02
  0.3500E+02  0.4459E+02
  0.3600E+02  0.1935E+02
  0.3700E+02  0.7165E+01
  0.3800E+02  0.2508E+01
  0.3900E+02  0.1298E+01
  0.4000E+02  0.1138E+01
  0.4100E+02  0.1339E+01
  0.4200E+02  0.1604E+01
  0.4300E+02  0.1923E+01
  0.4400E+02  0.2199E+01
  0.4500E+02  0.2469E+01
  0.4600E+02  0.2800E+01
  0.4700E+02  0.3122E+01
  0.4800E+02  0.3469E+01
  0.4900E+02  0.3820E+01
  0.5000E+02  0.4185E+01
  0.5100E+02  0.4478E+01
  0.5200E+02  0.4880E+01
  0.5300E+02  0.5247E+01
  0.5400E+02  0.5594E+01
  0.5500E+02  0.5804E+01
  0.5600E+02  0.5996E+01
  0.5700E+02  0.5914E+01
  0.5800E+02  0.5668E+01
  0.5900E+02  0.5157E+01
  0.6000E+02  0.4645E+01
  0.6100E+02  0.3886E+01
  0.6200E+02  0.3131E+01
  0.6300E+02  0.2344E+01
  0.6400E+02  0.1702E+01
  0.6500E+02  0.1175E+01
  0.6600E+02  0.8077E+00
  0.6700E+02  0.5284E+00
  0.6800E+02  0.3810E+00
  0.6900E+02  0.2925E+00
  0.7000E+02  0.2412E+00
  0.7100E+02  0.2006E+00
  0.7200E+02  0.1799E+00
  0.7300E+02  0.1901E+00
  0.7400E+02  0.1639E+00
  0.7500E+02  0.1684E+00
  0.7600E+02  0.1673E+00
  0.7700E+02  0.1522E+00
  0.7800E+02  0.1588E+00
  0.7900E+02  0.1587E+00
  0.8000E+02  0.1675E+00
  0.8100E+02  0.1720E+00
  0.8200E+02  0.1759E+00
  0.8300E+02  0.1958E+00
  0.8400E+02  0.2155E+00
  0.8500E+02  0.2119E+00
  0.8600E+02  0.2267E+00
  0.8700E+02  0.2305E+00
  0.8800E+02  0.2537E+00
  0.8900E+02  0.2503E+00
  0.9000E+02  0.2712E+00
  0.9100E+02  0.2830E+00
  0.9200E+02  0.3310E+00
  0.9300E+02  0.3163E+00
  0.9400E+02  0.3272E+00
  0.9500E+02  0.3279E+00
  0.9600E+02  0.3553E+00
  0.9700E+02  0.3610E+00
  0.9800E+02  0.3326E+00
  0.9900E+02  0.3296E+00
  0.1000E+03  0.3419E+00
  0.1010E+03  0.3309E+00
  0.1020E+03  0.3281E+00
  0.1030E+03  0.2965E+00
  0.1040E+03  0.2962E+00
  0.1050E+03  0.3006E+00
  0.1060E+03  0.2952E+00
  0.1070E+03  0.2914E+00
  0.1080E+03  0.2802E+00
  0.1090E+03  0.3040E+00
  0.1100E+03  0.3223E+00
  0.1110E+03  0.3644E+00
  0.1120E+03  0.4133E+00
  0.1130E+03  0.4876E+00
  0.1140E+03  0.5906E+00
  0.1150E+03  0.7522E+00
  0.1160E+03  0.9599E+00
  0.1170E+03  0.1246E+01
  0.1180E+03  0.1528E+01
  0.1190E+03  0.1964E+01
  0.1200E+03  0.2438E+01
  0.1210E+03  0.2958E+01
  0.1220E+03  0.3583E+01
  0.1230E+03  0.4201E+01
  0.1240E+03  0.4868E+01
  0.1250E+03  0.5399E+01
  0.1260E+03  0.6074E+01
  0.1270E+03  0.6539E+01
  0.1280E+03  0.6997E+01
  0.1290E+03  0.7214E+01
  0.1300E+03  0.7440E+01
  0.1310E+03  0.7410E+01
  0.1320E+03  0.7359E+01
  0.1330E+03  0.7258E+01
  0.1340E+03  0.7020E+01
  0.1350E+03  0.6895E+01
  0.1360E+03  0.6947E+01
  0.1370E+03  0.7254E+01
  0.1380E+03  0.7928E+01
  0.1390E+03  0.9043E+01
  0.1400E+03  0.1089E+02
  0.1410E+03  0.1375E+02
  0.1420E+03  0.1796E+02
  0.1430E+03  0.2364E+02
  0.1440E+03  0.3120E+02
  0.1450E+03  0.4108E+02
  0.1460E+03  0.5332E+02
  0.1470E+03  0.6847E+02
  0.1480E+03  0.8654E+02
  0.1490E+03  0.1068E+03
  0.1500E+03  0.1303E+03
  0.1510E+03  0.1552E+03
  0.1520E+03  0.1808E+03
  0.1530E+03  0.2075E+03
  0.1540E+03  0.2319E+03
  0.1550E+03  0.2550E+03
  0.1560E+03  0.2737E+03
  0.1570E+03  0.2882E+03
  0.1580E+03  0.2976E+03
  0.1590E+03  0.3000E+03
  0.1600E+03  0.2966E+03
  0.1610E+03  0.2869E+03
  0.1620E+03  0.2719E+03
  0.1630E+03  0.2523E+03
  0.1640E+03  0.2289E+03
  0.1650E+03  0.2034E+03
  0.1660E+03  0.1771E+03
  0.1670E+03  0.1510E+03
  0.1680E+03  0.1260E+03
  0.1690E+03  0.1025E+03
  0.1700E+03  0.8224E+02
  0.1710E+03  0.6444E+02
  0.1720E+03  0.4935E+02
  0.1730E+03  0.3693E+02
  0.1740E+03  0.2722E+02
  0.1750E+03  0.1962E+02
  0.1760E+03  0.1380E+02
  0.1770E+03  0.9504E+01
  0.1780E+03  0.6500E+01
  0.1790E+03  0.4304E+01
  0.1800E+03  0.2784E+01
  0.1810E+03  0.1793E+01
  0.1820E+03  0.1177E+01
  0.1830E+03  0.7511E+00
  0.1840E+03  0.4966E+00
  0.1850E+03  0.3241E+00
  0.1860E+03  0.2338E+00
  0.1870E+03  0.1870E+00
  0.1880E+03  0.1474E+00
  0.1890E+03  0.1383E+00
  0.1900E+03  0.1196E+00
  0.1910E+03  0.1122E+00
  0.1920E+03  0.1027E+00
  0.1930E+03  0.9741E-01
  0.1940E+03  0.9735E-01
  0.1950E+03  0.8764E-01
  0.1960E+03  0.8871E-01
  0.1970E+03  0.8202E-01
  0.1980E+03  0.7638E-01
  0.1990E+03  0.7452E-01
  0.2000E+03  0.6666E-01
  0.2010E+03  0.6499E-01
  0.2020E+03  0.5840E-01
  0.2030E+03  0.5662E-01
  0.2040E+03  0.5096E-01
  0.2050E+03  0.4479E-01
  0.2060E+03  0.4107E-01
  0.2070E+03  0.4074E-01
  0.2080E+03  0.3287E-01
  0.2090E+03  0.3196E-01
  0.2100E+03  0.3544E-01
  0.2110E+03  0.3100E-01
  0.2120E+03  0.3077E-01
  0.2130E+03  0.2685E-01
  0.2140E+03  0.2579E-01
  0.2150E+03  0.2403E-01
  0.2160E+03  0.2737E-01
  0.2170E+03  0.2224E-01
  0.2180E+03  0.2078E-01
  0.2190E+03  0.2478E-01
  0.2200E+03  0.2260E-01
  0.2210E+03  0.2496E-01
  0.2220E+03  0.2433E-01
  0.2230E+03  0.2515E-01
  0.2240E+03  0.2562E-01
  0.2250E+03  0.2790E-01
  0.2260E+03  0.2691E-01
  0.2270E+03  0.2646E-01
  0.2280E+03  0.3310E-01
  0.2290E+03  0.3944E-01
  0.2300E+03  0.4132E-01
  0.2310E+03  0.3904E-01
  0.2320E+03  0.4379E-01
  0.2330E+03  0.5015E-01
  0.2340E+03  0.5704E-01
  0.2350E+03  0.6022E-01
  0.2360E+03  0.7146E-01
  0.2370E+03  0.7779E-01
  0.2380E+03  0.8534E-01
  0.2390E+03  0.9625E-01
  0.2400E+03  0.9524E-01
  0.2410E+03  0.9514E-01
  0.2420E+03  0.1098E+00
  0.2430E+03  0.1300E+00
  0.2440E+03  0.1125E+00
  0.2450E+03  0.1262E+00
  0.2460E+03  0.1231E+00
  0.2470E+03  0.1315E+00
  0.2480E+03  0.1253E+00
  0.2490E+03  0.1281E+00
  0.2500E+03  0.1388E+00
  0.2510E+03  0.1333E+00
  0.2520E+03  0.1255E+00
  0.2530E+03  0.1280E+00
  0.2540E+03  0.1205E+00
  0.2550E+03  0.1230E+00
  0.2560E+03  0.1203E+00
  0.2570E+03  0.1088E+00
  0.2580E+03  0.1129E+00
  0.2590E+03  0.1080E+00
  0.2600E+03  0.9623E-01
  0.2610E+03  0.1034E+00
  0.2620E+03  0.9406E-01
  0.2630E+03  0.9298E-01
  0.2640E+03  0.8557E-01
  0.2650E+03  0.9657E-01
  0.2660E+03  0.7551E-01
  0.2670E+03  0.1053E+00
  0.2680E+03  0.9044E-01
  0.2690E+03  0.9679E-01
  0.2700E+03  0.1048E+00
  0.2710E+03  0.1169E+00
  0.2720E+03  0.1093E+00
  0.2730E+03  0.1203E+00
  0.2740E+03  0.1199E+00
  0.2750E+03  0.1172E+00
  0.2760E+03  0.1227E+00
  0.2770E+03  0.1339E+00
  0.2780E+03  0.1352E+00
  0.2790E+03  0.1331E+00
  0.2800E+03  0.1228E+00
  0.2810E+03  0.1342E+00
  0.2820E+03  0.1237E+00
  0.2830E+03  0.1346E+00
  0.2840E+03  0.1291E+00
  0.2850E+03  0.1302E+00
  0.2860E+03  0.1227E+00
  0.2870E+03  0.1224E+00
  0.2880E+03  0.1201E+00
  0.2890E+03  0.1176E+00
  0.2900E+03  0.1095E+00
  0.2910E+03  0.1072E+00
  0.2920E+03  0.1057E+00
  0.2930E+03  0.8922E-01
  0.2940E+03  0.9772E-01
  0.2950E+03  0.8885E-01
  0.2960E+03  0.8892E-01
  0.2970E+03  0.8633E-01
  0.2980E+03  0.7996E-01
  0.2990E+03  0.8172E-01
  0.3000E+03  0.7909E-01
  0.3010E+03  0.7395E-01
  0.3020E+03  0.7614E-01
  0.3030E+03  0.8365E-01
  0.3040E+03  0.7645E-01
  0.3050E+03  0.7800E-01
  0.3060E+03  0.6875E-01
  0.3070E+03  0.7817E-01
  0.3080E+03  0.7751E-01
  0.3090E+03  0.7009E-01
  0.3100E+03  0.7577E-01
  0.3110E+03  0.7586E-01
  0.3120E+03  0.8876E-01
  0.3130E+03  0.8674E-01
  0.3140E+03  0.8687E-01
  0.3150E+03  0.8914E-01
  0.3160E+03  0.8487E-01
  0.3170E+03  0.8961E-01
  0.3180E+03  0.9429E-01
  0.3190E+03  0.9986E-01
  0.3200E+03  0.1019E+00
  0.3210E+03  0.1020E+00
  0.3220E+03  0.1036E+00
  0.3230E+03  0.1098E+00
  0.3240E+03  0.1208E+00
  0.3250E+03  0.1235E+00
  0.3260E+03  0.1244E+00
  0.3270E+03  0.1198E+00
  0.3280E+03  0.1322E+00
  0.3290E+03  0.1259E+00
  0.3300E+03  0.1371E+00
  0.3310E+03  0.1350E+00
  0.3320E+03  0.1521E+00
  0.3330E+03  0.1521E+00
  0.3340E+03  0.1511E+00
  0.3350E+03  0.1512E+00
  0.3360E+03  0.1598E+00
  0.3370E+03  0.1680E+00
  0.3380E+03  0.1609E+00
  0.3390E+03  0.1656E+00
  0.3400E+03  0.1618E+00
  0.3410E+03  0.1744E+00
  0.3420E+03  0.1691E+00
  0.3430E+03  0.1685E+00
  0.3440E+03  0.1676E+00
  0.3450E+03  0.1753E+00
  0.3460E+03  0.1723E+00
  0.3470E+03  0.1574E+00
  0.3480E+03  0.1695E+00
  0.3490E+03  0.1647E+00
  0.3500E+03  0.1657E+00
  0.3510E+03  0.1507E+00
  0.3520E+03  0.1492E+00
  0.3530E+03  0.1565E+00
  0.3540E+03  0.1361E+00
  0.3550E+03  0.1333E+00
  0.3560E+03  0.1372E+00
  0.3570E+03  0.1218E+00
  0.3580E+03  0.1205E+00
  0.3590E+03  0.1214E+00
  0.3600E+03  0.9104E-01
  0.3610E+03  0.9580E-01
  0.3620E+03  0.9003E-01
  0.3630E+03  0.9110E-01
  0.3640E+03  0.7957E-01
  0.3650E+03  0.7187E-01
  0.3660E+03  0.6494E-01
  0.3670E+03  0.6504E-01
  0.3680E+03  0.6009E-01
  0.3690E+03  0.5272E-01
  0.3700E+03  0.5560E-01
  0.3710E+03  0.4767E-01
  0.3720E+03  0.3447E-01
  0.3730E+03  0.4267E-01
  0.3740E+03  0.3600E-01
  0.3750E+03  0.3105E-01
  0.3760E+03  0.3602E-01
  0.3770E+03  0.2866E-01
  0.3780E+03  0.2141E-01
  0.3790E+03  0.2731E-01
  0.3800E+03  0.2368E-01
  0.3810E+03  0.2201E-01
  0.3820E+03  0.2064E-01
  0.3830E+03  0.2044E-01
  0.3840E+03  0.1876E-01
  0.3850E+03  0.2046E-01
  0.3860E+03  0.1630E-01
  0.3870E+03  0.1598E-01
  0.3880E+03  0.1784E-01
  0.3890E+03  0.1232E-01
  0.3900E+03  0.1935E-01
  0.3910E+03  0.1906E-01
  0.3920E+03  0.1518E-01
  0.3930E+03  0.1589E-01
  0.3940E+03  0.1448E-01
  0.3950E+03  0.1570E-01
  0.3960E+03  0.1682E-01
  0.3970E+03  0.1687E-01
  0.3980E+03  0.1533E-01
  0.3990E+03  0.2225E-01
  0.4000E+03  0.1886E-01
  0.4010E+03  0.1859E-01
  0.4020E+03  0.2047E-01
  0.4030E+03  0.1947E-01
  0.4040E+03  0.2067E-01
  0.4050E+03  0.2506E-01
  0.4060E+03  0.2404E-01
  0.4070E+03  0.2999E-01
  0.4080E+03  0.2980E-01
  0.4090E+03  0.3112E-01
  0.4100E+03  0.3754E-01
  0.4110E+03  0.3389E-01
  0.4120E+03  0.4616E-01
  0.4130E+03  0.4532E-01
  0.4140E+03  0.4993E-01
  0.4150E+03  0.5567E-01
  0.4160E+03  0.5572E-01
  0.4170E+03  0.5257E-01
  0.4180E+03  0.6532E-01
  0.4190E+03  0.7064E-01
  0.4200E+03  0.7346E-01
  0.4210E+03  0.8177E-01
  0.4220E+03  0.8565E-01
  0.4230E+03  0.8324E-01
  0.4240E+03  0.9255E-01
  0.4250E+03  0.1067E+00
  0.4260E+03  0.1080E+00
  0.4270E+03  0.1064E+00
  0.4280E+03  0.1220E+00
  0.4290E+03  0.1116E+00
  0.4300E+03  0.1321E+00
  0.4310E+03  0.1254E+00
  0.4320E+03  0.1309E+00
  0.4330E+03  0.1466E+00
  0.4340E+03  0.1298E+00
  0.4350E+03  0.1401E+00
  0.4360E+03  0.1585E+00
  0.4370E+03  0.1493E+00
  0.4380E+03  0.1466E+00
  0.4390E+03  0.1410E+00
  0.4400E+03  0.1576E+00
  0.4410E+03  0.1512E+00
  0.4420E+03  0.1571E+00
  0.4430E+03  0.1526E+00
  0.4440E+03  0.1400E+00
  0.4450E+03  0.1408E+00
  0.4460E+03  0.1373E+00
  0.4470E+03  0.1378E+00
  0.4480E+03  0.1356E+00
  0.4490E+03  0.1380E+00
  0.4500E+03  0.1268E+00
  0.4510E+03  0.1206E+00
  0.4520E+03  0.1129E+00
  0.4530E+03  0.1111E+00
  0.4540E+03  0.1003E+00
  0.4550E+03  0.9967E-01
  0.4560E+03  0.9099E-01
  0.4570E+03  0.8314E-01
  0.4580E+03  0.8011E-01
  0.4590E+03  0.7803E-01
  0.4600E+03  0.7494E-01
  0.4610E+03  0.6762E-01
  0.4620E+03  0.6087E-01
  0.4630E+03  0.6408E-01
  0.4640E+03  0.5403E-01
  0.4650E+03  0.5523E-01
  0.4660E+03  0.4772E-01
  0.4670E+03  0.4557E-01
  0.4680E+03  0.4568E-01
  0.4690E+03  0.4637E-01
  0.4700E+03  0.4377E-01
  0.4710E+03  0.4421E-01
  0.4720E+03  0.4122E-01
  0.4730E+03  0.3731E-01
  0.4740E+03  0.4246E-01
  0.4750E+03  0.3779E-01
  0.4760E+03  0.3695E-01
  0.4770E+03  0.4041E-01
  0.4780E+03  0.4241E-01
  0.4790E+03  0.5070E-01
  0.4800E+03  0.4359E-01
  0.4810E+03  0.4962E-01
  0.4820E+03  0.5530E-01
  0.4830E+03  0.5999E-01
  0.4840E+03  0.5604E-01
  0.4850E+03  0.6832E-01
  0.4860E+03  0.6283E-01
  0.4870E+03  0.6538E-01
  0.4880E+03  0.7151E-01
  0.4890E+03  0.8504E-01
  0.4900E+03  0.8426E-01
  0.4910E+03  0.1013E+00
  0.4920E+03  0.9755E-01
  0.4930E+03  0.1056E+00
  0.4940E+03  0.1173E+00
  0.4950E+03  0.1183E+00
  0.4960E+03  0.1232E+00
  0.4970E+03  0.1394E+00
  0.4980E+03  0.1421E+00
  0.4990E+03  0.1511E+00
  0.5000E+03  0.1619E+00
  0.5010E+03  0.1682E+00
  0.5020E+03  0.1705E+00
  0.5030E+03  0.1962E+00
  0.5040E+03  0.1940E+00
  0.5050E+03  0.1972E+00
  0.5060E+03  0.2064E+00
  0.5070E+03  0.2311E+00
  0.5080E+03  0.2499E+00
  0.5090E+03  0.2508E+00
  0.5100E+03  0.2574E+00
  0.5110E+03  0.0000E+00
  0.5120E+03  0.0000E+00
