  0.1000E+01  0.2191E+00
  0.2000E+01  0.4171E+00
  0.3000E+01  0.4450E+00
  0.4000E+01  0.3431E+00
  0.5000E+01  0.3583E+00
  0.6000E+01  0.2814E+00
  0.7000E+01  0.3426E+00
  0.8000E+01  0.3851E+00
  0.9000E+01  0.2998E+00
  0.1000E+02  0.4085E+00
  0.1100E+02  0.3337E+00
  0.1200E+02  0.3394E+00
  0.1300E+02  0.3380E+00
  0.1400E+02  0.3589E+00
  0.1500E+02  0.3602E+00
  0.1600E+02  0.3375E+00
  0.1700E+02  0.2697E+00
  0.1800E+02  0.3691E+00
  0.1900E+02  0.3159E+00
  0.2000E+02  0.3063E+00
  0.2100E+02  0.3331E+00
  0.2200E+02  0.4090E+00
  0.2300E+02  0.2926E+00
  0.2400E+02  0.2783E+00
  0.2500E+02  0.2960E+00
  0.2600E+02  0.3163E+00
  0.2700E+02  0.3877E+00
  0.2800E+02  0.2740E+00
  0.2900E+02  0.3458E+00
  0.3000E+02  0.3451E+00
  0.3100E+02  0.3402E+00
  0.3200E+02  0.3084E+00
  0.3300E+02  0.2793E+00
  0.3400E+02  0.3679E+00
  0.3500E+02  0.2221E+00
  0.3600E+02  0.3623E+00
  0.3700E+02  0.2255E+00
  0.3800E+02  0.3255E+00
  0.3900E+02  0.3597E+00
  0.4000E+02  0.3064E+00
  0.4100E+02  0.3053E+00
  0.4200E+02  0.2518E+00
  0.4300E+02  0.2140E+00
  0.4400E+02  0.3191E+00
  0.4500E+02  0.2686E+00
  0.4600E+02  0.2719E+00
  0.4700E+02  0.3328E+00
  0.4800E+02  0.2906E+00
  0.4900E+02  0.3274E+00
  0.5000E+02  0.3295E+00
  0.5100E+02  0.3045E+00
  0.5200E+02  0.4177E+00
  0.5300E+02  0.3198E+00
  0.5400E+02  0.3347E+00
  0.5500E+02  0.3640E+00
  0.5600E+02  0.3806E+00
  0.5700E+02  0.3574E+00
  0.5800E+02  0.4103E+00
  0.5900E+02  0.3439E+00
  0.6000E+02  0.3118E+00
  0.6100E+02  0.3629E+00
  0.6200E+02  0.3454E+00
  0.6300E+02  0.3553E+00
  0.6400E+02  0.3353E+00
  0.6500E+02  0.3690E+00
  0.6600E+02  0.4577E+00
  0.6700E+02  0.5308E+00
  0.6800E+02  0.4638E+00
  0.6900E+02  0.4736E+00
  0.7000E+02  0.4849E+00
  0.7100E+02  0.3958E+00
  0.7200E+02  0.4725E+00
  0.7300E+02  0.4191E+00
  0.7400E+02  0.5620E+00
  0.7500E+02  0.4770E+00
  0.7600E+02  0.3278E+00
  0.7700E+02  0.4493E+00
  0.7800E+02  0.5171E+00
  0.7900E+02  0.5865E+00
  0.8000E+02  0.4218E+00
  0.8100E+02  0.4466E+00
  0.8200E+02  0.5001E+00
  0.8300E+02  0.5369E+00
  0.8400E+02  0.4330E+00
  0.8500E+02  0.5056E+00
  0.8600E+02  0.3891E+00
  0.8700E+02  0.5073E+00
  0.8800E+02  0.4894E+00
  0.8900E+02  0.4778E+00
  0.9000E+02  0.4928E+00
  0.9100E+02  0.4339E+00
  0.9200E+02  0.5465E+00
  0.9300E+02  0.5637E+00
  0.9400E+02  0.4304E+00
  0.9500E+02  0.3448E+00
  0.9600E+02  0.5815E+00
  0.9700E+02  0.4685E+00
  0.9800E+02  0.3900E+00
  0.9900E+02  0.4734E+00
  0.1000E+03  0.5153E+00
  0.1010E+03  0.4798E+00
  0.1020E+03  0.5263E+00
  0.1030E+03  0.4215E+00
  0.1040E+03  0.4351E+00
  0.1050E+03  0.4215E+00
  0.1060E+03  0.5297E+00
  0.1070E+03  0.4325E+00
  0.1080E+03  0.6418E+00
  0.1090E+03  0.4900E+00
  0.1100E+03  0.4619E+00
  0.1110E+03  0.5234E+00
  0.1120E+03  0.5660E+00
  0.1130E+03  0.4705E+00
  0.1140E+03  0.6047E+00
  0.1150E+03  0.4582E+00
  0.1160E+03  0.4944E+00
  0.1170E+03  0.4320E+00
  0.1180E+03  0.5231E+00
  0.1190E+03  0.4636E+00
  0.1200E+03  0.5330E+00
  0.1210E+03  0.5206E+00
  0.1220E+03  0.5605E+00
  0.1230E+03  0.6114E+00
  0.1240E+03  0.4946E+00
  0.1250E+03  0.4573E+00
  0.1260E+03  0.5394E+00
  0.1270E+03  0.5340E+00
  0.1280E+03  0.5112E+00
  0.1290E+03  0.5748E+00
  0.1300E+03  0.5199E+00
  0.1310E+03  0.6519E+00
  0.1320E+03  0.5905E+00
  0.1330E+03  0.6041E+00
  0.1340E+03  0.6768E+00
  0.1350E+03  0.5693E+00
  0.1360E+03  0.5879E+00
  0.1370E+03  0.5139E+00
  0.1380E+03  0.4399E+00
  0.1390E+03  0.5688E+00
  0.1400E+03  0.6595E+00
  0.1410E+03  0.6274E+00
  0.1420E+03  0.5625E+00
  0.1430E+03  0.7370E+00
  0.1440E+03  0.6149E+00
  0.1450E+03  0.6613E+00
  0.1460E+03  0.7258E+00
  0.1470E+03  0.6606E+00
  0.1480E+03  0.6541E+00
  0.1490E+03  0.5830E+00
  0.1500E+03  0.6654E+00
  0.1510E+03  0.6283E+00
  0.1520E+03  0.4812E+00
  0.1530E+03  0.5646E+00
  0.1540E+03  0.6309E+00
  0.1550E+03  0.6549E+00
  0.1560E+03  0.7197E+00
  0.1570E+03  0.6528E+00
  0.1580E+03  0.7321E+00
  0.1590E+03  0.6232E+00
  0.1600E+03  0.7712E+00
  0.1610E+03  0.7058E+00
  0.1620E+03  0.7394E+00
  0.1630E+03  0.7978E+00
  0.1640E+03  0.7437E+00
  0.1650E+03  0.6767E+00
  0.1660E+03  0.6693E+00
  0.1670E+03  0.6909E+00
  0.1680E+03  0.7937E+00
  0.1690E+03  0.7637E+00
  0.1700E+03  0.7214E+00
  0.1710E+03  0.7908E+00
  0.1720E+03  0.7652E+00
  0.1730E+03  0.8100E+00
  0.1740E+03  0.6875E+00
  0.1750E+03  0.8132E+00
  0.1760E+03  0.7170E+00
  0.1770E+03  0.7762E+00
  0.1780E+03  0.7184E+00
  0.1790E+03  0.8048E+00
  0.1800E+03  0.6824E+00
  0.1810E+03  0.6103E+00
  0.1820E+03  0.7413E+00
  0.1830E+03  0.6879E+00
  0.1840E+03  0.6577E+00
  0.1850E+03  0.7089E+00
  0.1860E+03  0.5877E+00
  0.1870E+03  0.7127E+00
  0.1880E+03  0.7394E+00
  0.1890E+03  0.6180E+00
  0.1900E+03  0.5472E+00
  0.1910E+03  0.4410E+00
  0.1920E+03  0.6253E+00
  0.1930E+03  0.6064E+00
  0.1940E+03  0.5244E+00
  0.1950E+03  0.4536E+00
  0.1960E+03  0.4859E+00
  0.1970E+03  0.4937E+00
  0.1980E+03  0.5250E+00
  0.1990E+03  0.5741E+00
  0.2000E+03  0.4732E+00
  0.2010E+03  0.5246E+00
  0.2020E+03  0.4721E+00
  0.2030E+03  0.5225E+00
  0.2040E+03  0.3522E+00
  0.2050E+03  0.4691E+00
  0.2060E+03  0.4645E+00
  0.2070E+03  0.4537E+00
  0.2080E+03  0.3158E+00
  0.2090E+03  0.3822E+00
  0.2100E+03  0.3800E+00
  0.2110E+03  0.3176E+00
  0.2120E+03  0.4014E+00
  0.2130E+03  0.3955E+00
  0.2140E+03  0.3711E+00
  0.2150E+03  0.3045E+00
  0.2160E+03  0.3214E+00
  0.2170E+03  0.2801E+00
  0.2180E+03  0.3663E+00
  0.2190E+03  0.3207E+00
  0.2200E+03  0.3312E+00
  0.2210E+03  0.3832E+00
  0.2220E+03  0.4143E+00
  0.2230E+03  0.3064E+00
  0.2240E+03  0.2807E+00
  0.2250E+03  0.2333E+00
  0.2260E+03  0.2704E+00
  0.2270E+03  0.2284E+00
  0.2280E+03  0.2637E+00
  0.2290E+03  0.2250E+00
  0.2300E+03  0.2526E+00
  0.2310E+03  0.2327E+00
  0.2320E+03  0.3410E+00
  0.2330E+03  0.2451E+00
  0.2340E+03  0.3033E+00
  0.2350E+03  0.2749E+00
  0.2360E+03  0.2351E+00
  0.2370E+03  0.3709E+00
  0.2380E+03  0.2515E+00
  0.2390E+03  0.2781E+00
  0.2400E+03  0.2535E+00
  0.2410E+03  0.3364E+00
  0.2420E+03  0.2524E+00
  0.2430E+03  0.2645E+00
  0.2440E+03  0.2137E+00
  0.2450E+03  0.2492E+00
  0.2460E+03  0.2390E+00
  0.2470E+03  0.2415E+00
  0.2480E+03  0.3319E+00
  0.2490E+03  0.2464E+00
  0.2500E+03  0.1916E+00
  0.2510E+03  0.2283E+00
  0.2520E+03  0.2515E+00
  0.2530E+03  0.1899E+00
  0.2540E+03  0.1930E+00
  0.2550E+03  0.1519E+00
  0.2560E+03  0.1929E+00
  0.2570E+03  0.1315E+00
  0.2580E+03  0.1822E+00
  0.2590E+03  0.2181E+00
  0.2600E+03  0.2584E+00
  0.2610E+03  0.2402E+00
  0.2620E+03  0.1745E+00
  0.2630E+03  0.2297E+00
  0.2640E+03  0.2150E+00
  0.2650E+03  0.2031E+00
  0.2660E+03  0.1623E+00
  0.2670E+03  0.1783E+00
  0.2680E+03  0.1521E+00
  0.2690E+03  0.1687E+00
  0.2700E+03  0.1604E+00
  0.2710E+03  0.1568E+00
  0.2720E+03  0.1601E+00
  0.2730E+03  0.1492E+00
  0.2740E+03  0.1231E+00
  0.2750E+03  0.9645E-01
  0.2760E+03  0.1247E+00
  0.2770E+03  0.1751E+00
  0.2780E+03  0.1354E+00
  0.2790E+03  0.1209E+00
  0.2800E+03  0.1840E+00
  0.2810E+03  0.1260E+00
  0.2820E+03  0.1327E+00
  0.2830E+03  0.1291E+00
  0.2840E+03  0.1393E+00
  0.2850E+03  0.1437E+00
  0.2860E+03  0.1115E+00
  0.2870E+03  0.1353E+00
  0.2880E+03  0.1589E+00
  0.2890E+03  0.1664E+00
  0.2900E+03  0.1634E+00
  0.2910E+03  0.1247E+00
  0.2920E+03  0.9760E-01
  0.2930E+03  0.1621E+00
  0.2940E+03  0.1297E+00
  0.2950E+03  0.1524E+00
  0.2960E+03  0.1540E+00
  0.2970E+03  0.1001E+00
  0.2980E+03  0.9233E-01
  0.2990E+03  0.1283E+00
  0.3000E+03  0.1210E+00
  0.3010E+03  0.8036E-01
  0.3020E+03  0.9242E-01
  0.3030E+03  0.1595E+00
  0.3040E+03  0.8480E-01
  0.3050E+03  0.8061E-01
  0.3060E+03  0.1348E+00
  0.3070E+03  0.7614E-01
  0.3080E+03  0.5363E-01
  0.3090E+03  0.7519E-01
  0.3100E+03  0.9012E-01
  0.3110E+03  0.9783E-01
  0.3120E+03  0.8305E-01
  0.3130E+03  0.9466E-01
  0.3140E+03  0.7768E-01
  0.3150E+03  0.7761E-01
  0.3160E+03  0.7087E-01
  0.3170E+03  0.1223E+00
  0.3180E+03  0.6656E-01
  0.3190E+03  0.9348E-01
  0.3200E+03  0.7989E-01
  0.3210E+03  0.8516E-01
  0.3220E+03  0.8881E-01
  0.3230E+03  0.1041E+00
  0.3240E+03  0.6769E-01
  0.3250E+03  0.9183E-01
  0.3260E+03  0.9465E-01
  0.3270E+03  0.1366E+00
  0.3280E+03  0.8472E-01
  0.3290E+03  0.8688E-01
  0.3300E+03  0.5213E-01
  0.3310E+03  0.1060E+00
  0.3320E+03  0.5810E-01
  0.3330E+03  0.1193E+00
  0.3340E+03  0.3857E-01
  0.3350E+03  0.6224E-01
  0.3360E+03  0.7956E-01
  0.3370E+03  0.4896E-01
  0.3380E+03  0.8666E-01
  0.3390E+03  0.5615E-01
  0.3400E+03  0.1072E+00
  0.3410E+03  0.9252E-01
  0.3420E+03  0.7354E-01
  0.3430E+03  0.4948E-01
  0.3440E+03  0.5810E-01
  0.3450E+03  0.8707E-01
  0.3460E+03  0.4528E-01
  0.3470E+03  0.1138E+00
  0.3480E+03  0.1055E+00
  0.3490E+03  0.1406E+00
  0.3500E+03  0.6475E-01
  0.3510E+03  0.7381E-01
  0.3520E+03  0.6993E-01
  0.3530E+03  0.2215E-01
  0.3540E+03  0.2958E-01
  0.3550E+03  0.5123E-01
  0.3560E+03  0.8147E-01
  0.3570E+03  0.4317E-01
  0.3580E+03  0.7093E-01
  0.3590E+03  0.6138E-01
  0.3600E+03  0.8267E-01
  0.3610E+03  0.3504E-01
  0.3620E+03  0.3970E-01
  0.3630E+03  0.8582E-01
  0.3640E+03  0.4696E-01
  0.3650E+03  0.4675E-01
  0.3660E+03  0.2487E-01
  0.3670E+03  0.5468E-01
  0.3680E+03  0.9405E-01
  0.3690E+03  0.7244E-01
  0.3700E+03  0.4879E-01
  0.3710E+03  0.4194E-01
  0.3720E+03  0.1822E-01
  0.3730E+03  0.3407E-01
  0.3740E+03  0.5824E-01
  0.3750E+03  0.5669E-01
  0.3760E+03  0.6712E-01
  0.3770E+03  0.4595E-01
  0.3780E+03  0.2218E-01
  0.3790E+03  0.4526E-01
  0.3800E+03  0.6446E-01
  0.3810E+03  0.7701E-01
  0.3820E+03  0.3158E-01
  0.3830E+03  0.3461E-01
  0.3840E+03  0.3593E-01
  0.3850E+03  0.3717E-01
  0.3860E+03  0.5048E-01
  0.3870E+03  0.3625E-01
  0.3880E+03  0.2489E-01
  0.3890E+03  0.2319E-01
  0.3900E+03  0.3259E-01
  0.3910E+03  0.3877E-01
  0.3920E+03  0.5686E-01
  0.3930E+03  0.4139E-01
  0.3940E+03  0.2197E-01
  0.3950E+03  0.5515E-01
  0.3960E+03  0.5102E-01
  0.3970E+03  0.2301E-01
  0.3980E+03  0.2312E-01
  0.3990E+03  0.7114E-02
  0.4000E+03  0.3046E-01
  0.4010E+03  0.7565E-01
  0.4020E+03  0.2014E-01
  0.4030E+03  0.2704E-01
  0.4040E+03  0.4265E-01
  0.4050E+03  0.3926E-01
  0.4060E+03  0.3770E-01
  0.4070E+03  0.7794E-01
  0.4080E+03  0.1870E-01
  0.4090E+03  0.1385E-01
  0.4100E+03  0.8495E-02
  0.4110E+03  0.3672E-01
  0.4120E+03  0.4661E-01
  0.4130E+03  0.3187E-01
  0.4140E+03  0.2243E-01
  0.4150E+03  0.4221E-01
  0.4160E+03  0.4770E-01
  0.4170E+03  0.2144E-01
  0.4180E+03  0.4299E-01
  0.4190E+03  0.2763E-01
  0.4200E+03  0.1995E-01
  0.4210E+03  0.3517E-01
  0.4220E+03  0.3537E-01
  0.4230E+03  0.1754E-01
  0.4240E+03  0.2171E-01
  0.4250E+03  0.3066E-01
  0.4260E+03  0.2436E-01
  0.4270E+03  0.3898E-01
  0.4280E+03  0.1825E-01
  0.4290E+03  0.2491E-01
  0.4300E+03  0.2295E-01
  0.4310E+03  0.2501E-01
  0.4320E+03  0.3575E-01
  0.4330E+03  0.8089E-02
  0.4340E+03  0.7237E-01
  0.4350E+03  0.1556E-01
  0.4360E+03  0.2966E-01
  0.4370E+03  0.2733E-01
  0.4380E+03  0.1636E-01
  0.4390E+03  0.2010E-01
  0.4400E+03  0.2486E-01
  0.4410E+03  0.7693E-02
  0.4420E+03  0.1316E-01
  0.4430E+03  0.1993E-01
  0.4440E+03  0.1635E-01
  0.4450E+03  0.1591E-01
  0.4460E+03  0.0000E+00
  0.4470E+03  0.3068E-01
  0.4480E+03  0.1400E-01
  0.4490E+03  0.1644E-01
  0.4500E+03  0.2035E-01
  0.4510E+03  0.1476E-01
  0.4520E+03  0.1795E-01
  0.4530E+03  0.8761E-02
  0.4540E+03  0.2082E-01
  0.4550E+03  0.1737E-01
  0.4560E+03  0.2246E-01
  0.4570E+03  0.1221E-01
  0.4580E+03  0.2437E-01
  0.4590E+03  0.1019E-01
  0.4600E+03  0.5631E-02
  0.4610E+03  0.1370E-01
  0.4620E+03  0.2555E-01
  0.4630E+03  0.7479E-02
  0.4640E+03  0.1115E-01
  0.4650E+03  0.1036E-01
  0.4660E+03  0.3257E-01
  0.4670E+03  0.2777E-01
  0.4680E+03  0.2295E-01
  0.4690E+03  0.1758E-01
  0.4700E+03  0.3185E-01
  0.4710E+03  0.4141E-02
  0.4720E+03  0.1404E-01
  0.4730E+03  0.3411E-01
  0.4740E+03  0.2147E-01
  0.4750E+03  0.1525E-01
  0.4760E+03  0.0000E+00
  0.4770E+03  0.1329E-01
  0.4780E+03  0.1979E-01
  0.4790E+03  0.1544E-01
  0.4800E+03  0.3544E-01
  0.4810E+03  0.1451E-01
  0.4820E+03  0.7590E-02
  0.4830E+03  0.8613E-02
  0.4840E+03  0.5980E-03
  0.4850E+03  0.9740E-02
  0.4860E+03  0.2141E-01
  0.4870E+03  0.2018E-01
  0.4880E+03  0.1272E-01
  0.4890E+03  0.3184E-02
  0.4900E+03  0.7366E-02
  0.4910E+03  0.1828E-01
  0.4920E+03  0.2597E-01
  0.4930E+03  0.1928E-01
  0.4940E+03  0.6053E-03
  0.4950E+03  0.1269E-01
  0.4960E+03  0.1177E-01
  0.4970E+03  0.1097E-01
  0.4980E+03  0.3862E-02
  0.4990E+03  0.1285E-02
  0.5000E+03  0.5732E-02
  0.5010E+03  0.2836E-02
  0.5020E+03  0.8153E-02
  0.5030E+03  0.3800E-01
  0.5040E+03  0.2067E-01
  0.5050E+03  0.4143E-02
  0.5060E+03  0.0000E+00
  0.5070E+03  0.4856E-02
  0.5080E+03  0.1255E-01
  0.5090E+03  0.8641E-02
  0.5100E+03  0.7781E-02
  0.5110E+03  0.0000E+00
  0.5120E+03  0.0000E+00
