  0.1000E+01  0.1072E+00
  0.2000E+01  0.1251E+00
  0.3000E+01  0.9168E-01
  0.4000E+01  0.1059E+00
  0.5000E+01  0.1194E+00
  0.6000E+01  0.1252E+00
  0.7000E+01  0.1927E+00
  0.8000E+01  0.1443E+00
  0.9000E+01  0.1247E+00
  0.1000E+02  0.7745E-01
  0.1100E+02  0.1084E+00
  0.1200E+02  0.1021E+00
  0.1300E+02  0.9673E-01
  0.1400E+02  0.1288E+00
  0.1500E+02  0.1006E+00
  0.1600E+02  0.1517E+00
  0.1700E+02  0.1179E+00
  0.1800E+02  0.1729E+00
  0.1900E+02  0.1729E+00
  0.2000E+02  0.1044E+00
  0.2100E+02  0.1351E+00
  0.2200E+02  0.1357E+00
  0.2300E+02  0.1929E+00
  0.2400E+02  0.1652E+00
  0.2500E+02  0.1694E+00
  0.2600E+02  0.1753E+00
  0.2700E+02  0.2314E+00
  0.2800E+02  0.2710E+00
  0.2900E+02  0.2445E+00
  0.3000E+02  0.1835E+00
  0.3100E+02  0.1948E+00
  0.3200E+02  0.1554E+00
  0.3300E+02  0.1245E+00
  0.3400E+02  0.1203E+00
  0.3500E+02  0.1023E+00
  0.3600E+02  0.1102E+00
  0.3700E+02  0.1561E+00
  0.3800E+02  0.1228E+00
  0.3900E+02  0.1666E+00
  0.4000E+02  0.1239E+00
  0.4100E+02  0.1299E+00
  0.4200E+02  0.1499E+00
  0.4300E+02  0.1839E+00
  0.4400E+02  0.1194E+00
  0.4500E+02  0.1301E+00
  0.4600E+02  0.1392E+00
  0.4700E+02  0.1061E+00
  0.4800E+02  0.2221E+00
  0.4900E+02  0.1533E+00
  0.5000E+02  0.1817E+00
  0.5100E+02  0.1153E+00
  0.5200E+02  0.1315E+00
  0.5300E+02  0.1028E+00
  0.5400E+02  0.1524E+00
  0.5500E+02  0.1199E+00
  0.5600E+02  0.1392E+00
  0.5700E+02  0.1525E+00
  0.5800E+02  0.1516E+00
  0.5900E+02  0.1440E+00
  0.6000E+02  0.1281E+00
  0.6100E+02  0.1380E+00
  0.6200E+02  0.1086E+00
  0.6300E+02  0.1177E+00
  0.6400E+02  0.1038E+00
  0.6500E+02  0.6356E-01
  0.6600E+02  0.1253E+00
  0.6700E+02  0.1438E+00
  0.6800E+02  0.1104E+00
  0.6900E+02  0.1577E+00
  0.7000E+02  0.1381E+00
  0.7100E+02  0.9418E-01
  0.7200E+02  0.1043E+00
  0.7300E+02  0.1337E+00
  0.7400E+02  0.1369E+00
  0.7500E+02  0.1059E+00
  0.7600E+02  0.1316E+00
  0.7700E+02  0.1259E+00
  0.7800E+02  0.9326E-01
  0.7900E+02  0.8447E-01
  0.8000E+02  0.1041E+00
  0.8100E+02  0.1263E+00
  0.8200E+02  0.6981E-01
  0.8300E+02  0.1420E+00
  0.8400E+02  0.9194E-01
  0.8500E+02  0.1556E+00
  0.8600E+02  0.1119E+00
  0.8700E+02  0.1045E+00
  0.8800E+02  0.1340E+00
  0.8900E+02  0.1384E+00
  0.9000E+02  0.1286E+00
  0.9100E+02  0.1089E+00
  0.9200E+02  0.1169E+00
  0.9300E+02  0.1586E+00
  0.9400E+02  0.1816E+00
  0.9500E+02  0.9940E-01
  0.9600E+02  0.1095E+00
  0.9700E+02  0.1233E+00
  0.9800E+02  0.1426E+00
  0.9900E+02  0.1467E+00
  0.1000E+03  0.1101E+00
  0.1010E+03  0.1107E+00
  0.1020E+03  0.1279E+00
  0.1030E+03  0.1761E+00
  0.1040E+03  0.9456E-01
  0.1050E+03  0.1378E+00
  0.1060E+03  0.1173E+00
  0.1070E+03  0.6379E-01
  0.1080E+03  0.9037E-01
  0.1090E+03  0.1894E+00
  0.1100E+03  0.2106E+00
  0.1110E+03  0.1819E+00
  0.1120E+03  0.1328E+00
  0.1130E+03  0.1829E+00
  0.1140E+03  0.1330E+00
  0.1150E+03  0.1507E+00
  0.1160E+03  0.1089E+00
  0.1170E+03  0.1609E+00
  0.1180E+03  0.1126E+00
  0.1190E+03  0.1479E+00
  0.1200E+03  0.1176E+00
  0.1210E+03  0.9686E-01
  0.1220E+03  0.1414E+00
  0.1230E+03  0.1396E+00
  0.1240E+03  0.1346E+00
  0.1250E+03  0.1417E+00
  0.1260E+03  0.2155E+00
  0.1270E+03  0.1518E+00
  0.1280E+03  0.1682E+00
  0.1290E+03  0.1442E+00
  0.1300E+03  0.1829E+00
  0.1310E+03  0.1409E+00
  0.1320E+03  0.1860E+00
  0.1330E+03  0.1422E+00
  0.1340E+03  0.1669E+00
  0.1350E+03  0.2166E+00
  0.1360E+03  0.2088E+00
  0.1370E+03  0.1603E+00
  0.1380E+03  0.1799E+00
  0.1390E+03  0.2137E+00
  0.1400E+03  0.2223E+00
  0.1410E+03  0.2058E+00
  0.1420E+03  0.2053E+00
  0.1430E+03  0.2235E+00
  0.1440E+03  0.2411E+00
  0.1450E+03  0.2848E+00
  0.1460E+03  0.3026E+00
  0.1470E+03  0.3690E+00
  0.1480E+03  0.3087E+00
  0.1490E+03  0.4259E+00
  0.1500E+03  0.3966E+00
  0.1510E+03  0.4438E+00
  0.1520E+03  0.4991E+00
  0.1530E+03  0.4399E+00
  0.1540E+03  0.5777E+00
  0.1550E+03  0.5944E+00
  0.1560E+03  0.5979E+00
  0.1570E+03  0.6135E+00
  0.1580E+03  0.6504E+00
  0.1590E+03  0.7031E+00
  0.1600E+03  0.5583E+00
  0.1610E+03  0.5567E+00
  0.1620E+03  0.4648E+00
  0.1630E+03  0.5665E+00
  0.1640E+03  0.4065E+00
  0.1650E+03  0.4631E+00
  0.1660E+03  0.4754E+00
  0.1670E+03  0.4175E+00
  0.1680E+03  0.3693E+00
  0.1690E+03  0.3531E+00
  0.1700E+03  0.2747E+00
  0.1710E+03  0.3457E+00
  0.1720E+03  0.2594E+00
  0.1730E+03  0.2214E+00
  0.1740E+03  0.1797E+00
  0.1750E+03  0.1820E+00
  0.1760E+03  0.2229E+00
  0.1770E+03  0.1663E+00
  0.1780E+03  0.1862E+00
  0.1790E+03  0.2207E+00
  0.1800E+03  0.1883E+00
  0.1810E+03  0.2430E+00
  0.1820E+03  0.2270E+00
  0.1830E+03  0.1747E+00
  0.1840E+03  0.2098E+00
  0.1850E+03  0.1507E+00
  0.1860E+03  0.1825E+00
  0.1870E+03  0.2654E+00
  0.1880E+03  0.2315E+00
  0.1890E+03  0.2207E+00
  0.1900E+03  0.2158E+00
  0.1910E+03  0.1999E+00
  0.1920E+03  0.2339E+00
  0.1930E+03  0.2290E+00
  0.1940E+03  0.2739E+00
  0.1950E+03  0.1801E+00
  0.1960E+03  0.2271E+00
  0.1970E+03  0.2678E+00
  0.1980E+03  0.2848E+00
  0.1990E+03  0.2531E+00
  0.2000E+03  0.2304E+00
  0.2010E+03  0.2589E+00
  0.2020E+03  0.2692E+00
  0.2030E+03  0.2542E+00
  0.2040E+03  0.2157E+00
  0.2050E+03  0.2296E+00
  0.2060E+03  0.2235E+00
  0.2070E+03  0.2203E+00
  0.2080E+03  0.3088E+00
  0.2090E+03  0.2663E+00
  0.2100E+03  0.2654E+00
  0.2110E+03  0.2735E+00
  0.2120E+03  0.2375E+00
  0.2130E+03  0.2308E+00
  0.2140E+03  0.2114E+00
  0.2150E+03  0.2612E+00
  0.2160E+03  0.2585E+00
  0.2170E+03  0.2254E+00
  0.2180E+03  0.2553E+00
  0.2190E+03  0.3198E+00
  0.2200E+03  0.3335E+00
  0.2210E+03  0.3204E+00
  0.2220E+03  0.2909E+00
  0.2230E+03  0.3191E+00
  0.2240E+03  0.3298E+00
  0.2250E+03  0.3064E+00
  0.2260E+03  0.3295E+00
  0.2270E+03  0.2570E+00
  0.2280E+03  0.2863E+00
  0.2290E+03  0.2199E+00
  0.2300E+03  0.2742E+00
  0.2310E+03  0.3411E+00
  0.2320E+03  0.3013E+00
  0.2330E+03  0.2481E+00
  0.2340E+03  0.3589E+00
  0.2350E+03  0.3190E+00
  0.2360E+03  0.1715E+00
  0.2370E+03  0.2695E+00
  0.2380E+03  0.3962E+00
  0.2390E+03  0.3164E+00
  0.2400E+03  0.3430E+00
  0.2410E+03  0.3520E+00
  0.2420E+03  0.3411E+00
  0.2430E+03  0.3233E+00
  0.2440E+03  0.3036E+00
  0.2450E+03  0.3048E+00
  0.2460E+03  0.2746E+00
  0.2470E+03  0.3743E+00
  0.2480E+03  0.3078E+00
  0.2490E+03  0.3334E+00
  0.2500E+03  0.4114E+00
  0.2510E+03  0.3733E+00
  0.2520E+03  0.2748E+00
  0.2530E+03  0.3293E+00
  0.2540E+03  0.3404E+00
  0.2550E+03  0.4387E+00
  0.2560E+03  0.3176E+00
  0.2570E+03  0.3579E+00
  0.2580E+03  0.4087E+00
  0.2590E+03  0.3844E+00
  0.2600E+03  0.3764E+00
  0.2610E+03  0.3471E+00
  0.2620E+03  0.3877E+00
  0.2630E+03  0.4283E+00
  0.2640E+03  0.4764E+00
  0.2650E+03  0.4214E+00
  0.2660E+03  0.3704E+00
  0.2670E+03  0.4741E+00
  0.2680E+03  0.3592E+00
  0.2690E+03  0.3512E+00
  0.2700E+03  0.3921E+00
  0.2710E+03  0.3931E+00
  0.2720E+03  0.3211E+00
  0.2730E+03  0.3457E+00
  0.2740E+03  0.3747E+00
  0.2750E+03  0.3757E+00
  0.2760E+03  0.4292E+00
  0.2770E+03  0.3526E+00
  0.2780E+03  0.4081E+00
  0.2790E+03  0.3698E+00
  0.2800E+03  0.3538E+00
  0.2810E+03  0.3372E+00
  0.2820E+03  0.4754E+00
  0.2830E+03  0.4122E+00
  0.2840E+03  0.4813E+00
  0.2850E+03  0.4434E+00
  0.2860E+03  0.4597E+00
  0.2870E+03  0.4959E+00
  0.2880E+03  0.4972E+00
  0.2890E+03  0.3919E+00
  0.2900E+03  0.4481E+00
  0.2910E+03  0.4581E+00
  0.2920E+03  0.4201E+00
  0.2930E+03  0.4955E+00
  0.2940E+03  0.4717E+00
  0.2950E+03  0.4021E+00
  0.2960E+03  0.4423E+00
  0.2970E+03  0.5000E+00
  0.2980E+03  0.4187E+00
  0.2990E+03  0.4453E+00
  0.3000E+03  0.4243E+00
  0.3010E+03  0.4309E+00
  0.3020E+03  0.4075E+00
  0.3030E+03  0.4572E+00
  0.3040E+03  0.4080E+00
  0.3050E+03  0.5320E+00
  0.3060E+03  0.4932E+00
  0.3070E+03  0.3889E+00
  0.3080E+03  0.4636E+00
  0.3090E+03  0.4790E+00
  0.3100E+03  0.4214E+00
  0.3110E+03  0.4084E+00
  0.3120E+03  0.4517E+00
  0.3130E+03  0.4699E+00
  0.3140E+03  0.3834E+00
  0.3150E+03  0.5225E+00
  0.3160E+03  0.4594E+00
  0.3170E+03  0.4269E+00
  0.3180E+03  0.5572E+00
  0.3190E+03  0.4619E+00
  0.3200E+03  0.4411E+00
  0.3210E+03  0.5378E+00
  0.3220E+03  0.4633E+00
  0.3230E+03  0.4075E+00
  0.3240E+03  0.4454E+00
  0.3250E+03  0.4183E+00
  0.3260E+03  0.4019E+00
  0.3270E+03  0.5336E+00
  0.3280E+03  0.5233E+00
  0.3290E+03  0.5124E+00
  0.3300E+03  0.4883E+00
  0.3310E+03  0.4893E+00
  0.3320E+03  0.4142E+00
  0.3330E+03  0.4827E+00
  0.3340E+03  0.6878E+00
  0.3350E+03  0.4456E+00
  0.3360E+03  0.4616E+00
  0.3370E+03  0.4137E+00
  0.3380E+03  0.4846E+00
  0.3390E+03  0.5007E+00
  0.3400E+03  0.4928E+00
  0.3410E+03  0.5412E+00
  0.3420E+03  0.4749E+00
  0.3430E+03  0.5049E+00
  0.3440E+03  0.5036E+00
  0.3450E+03  0.4902E+00
  0.3460E+03  0.5712E+00
  0.3470E+03  0.4512E+00
  0.3480E+03  0.4449E+00
  0.3490E+03  0.4790E+00
  0.3500E+03  0.3901E+00
  0.3510E+03  0.5228E+00
  0.3520E+03  0.4013E+00
  0.3530E+03  0.4585E+00
  0.3540E+03  0.4547E+00
  0.3550E+03  0.5036E+00
  0.3560E+03  0.4248E+00
  0.3570E+03  0.4343E+00
  0.3580E+03  0.4693E+00
  0.3590E+03  0.4010E+00
  0.3600E+03  0.4741E+00
  0.3610E+03  0.4141E+00
  0.3620E+03  0.5079E+00
  0.3630E+03  0.4214E+00
  0.3640E+03  0.3726E+00
  0.3650E+03  0.4005E+00
  0.3660E+03  0.3459E+00
  0.3670E+03  0.4571E+00
  0.3680E+03  0.4356E+00
  0.3690E+03  0.3305E+00
  0.3700E+03  0.5084E+00
  0.3710E+03  0.5002E+00
  0.3720E+03  0.3889E+00
  0.3730E+03  0.3446E+00
  0.3740E+03  0.4362E+00
  0.3750E+03  0.4016E+00
  0.3760E+03  0.4886E+00
  0.3770E+03  0.4002E+00
  0.3780E+03  0.4338E+00
  0.3790E+03  0.3489E+00
  0.3800E+03  0.4788E+00
  0.3810E+03  0.5367E+00
  0.3820E+03  0.4874E+00
  0.3830E+03  0.4552E+00
  0.3840E+03  0.4389E+00
  0.3850E+03  0.4501E+00
  0.3860E+03  0.3869E+00
  0.3870E+03  0.3474E+00
  0.3880E+03  0.5003E+00
  0.3890E+03  0.3212E+00
  0.3900E+03  0.3993E+00
  0.3910E+03  0.3637E+00
  0.3920E+03  0.3647E+00
  0.3930E+03  0.3725E+00
  0.3940E+03  0.3686E+00
  0.3950E+03  0.5135E+00
  0.3960E+03  0.4426E+00
  0.3970E+03  0.3979E+00
  0.3980E+03  0.4624E+00
  0.3990E+03  0.4757E+00
  0.4000E+03  0.3533E+00
  0.4010E+03  0.4471E+00
  0.4020E+03  0.4107E+00
  0.4030E+03  0.3759E+00
  0.4040E+03  0.3646E+00
  0.4050E+03  0.4804E+00
  0.4060E+03  0.5670E+00
  0.4070E+03  0.4610E+00
  0.4080E+03  0.4901E+00
  0.4090E+03  0.3900E+00
  0.4100E+03  0.4475E+00
  0.4110E+03  0.4464E+00
  0.4120E+03  0.3913E+00
  0.4130E+03  0.5419E+00
  0.4140E+03  0.4421E+00
  0.4150E+03  0.4725E+00
  0.4160E+03  0.5044E+00
  0.4170E+03  0.4725E+00
  0.4180E+03  0.3955E+00
  0.4190E+03  0.6155E+00
  0.4200E+03  0.4075E+00
  0.4210E+03  0.5253E+00
  0.4220E+03  0.5295E+00
  0.4230E+03  0.4443E+00
  0.4240E+03  0.4736E+00
  0.4250E+03  0.4402E+00
  0.4260E+03  0.4544E+00
  0.4270E+03  0.5063E+00
  0.4280E+03  0.4971E+00
  0.4290E+03  0.5202E+00
  0.4300E+03  0.5958E+00
  0.4310E+03  0.5543E+00
  0.4320E+03  0.4759E+00
  0.4330E+03  0.4906E+00
  0.4340E+03  0.5336E+00
  0.4350E+03  0.5798E+00
  0.4360E+03  0.4613E+00
  0.4370E+03  0.5417E+00
  0.4380E+03  0.5329E+00
  0.4390E+03  0.5276E+00
  0.4400E+03  0.5263E+00
  0.4410E+03  0.4709E+00
  0.4420E+03  0.4659E+00
  0.4430E+03  0.4609E+00
  0.4440E+03  0.4856E+00
  0.4450E+03  0.5156E+00
  0.4460E+03  0.4017E+00
  0.4470E+03  0.3972E+00
  0.4480E+03  0.5406E+00
  0.4490E+03  0.4908E+00
  0.4500E+03  0.5086E+00
  0.4510E+03  0.4367E+00
  0.4520E+03  0.5568E+00
  0.4530E+03  0.4819E+00
  0.4540E+03  0.4636E+00
  0.4550E+03  0.3769E+00
  0.4560E+03  0.3890E+00
  0.4570E+03  0.3821E+00
  0.4580E+03  0.4433E+00
  0.4590E+03  0.4871E+00
  0.4600E+03  0.3821E+00
  0.4610E+03  0.4638E+00
  0.4620E+03  0.4140E+00
  0.4630E+03  0.3637E+00
  0.4640E+03  0.4692E+00
  0.4650E+03  0.3667E+00
  0.4660E+03  0.4318E+00
  0.4670E+03  0.3544E+00
  0.4680E+03  0.4510E+00
  0.4690E+03  0.4127E+00
  0.4700E+03  0.4042E+00
  0.4710E+03  0.4376E+00
  0.4720E+03  0.3100E+00
  0.4730E+03  0.4343E+00
  0.4740E+03  0.4139E+00
  0.4750E+03  0.3582E+00
  0.4760E+03  0.3717E+00
  0.4770E+03  0.3349E+00
  0.4780E+03  0.3434E+00
  0.4790E+03  0.3880E+00
  0.4800E+03  0.4448E+00
  0.4810E+03  0.3436E+00
  0.4820E+03  0.3381E+00
  0.4830E+03  0.3856E+00
  0.4840E+03  0.3788E+00
  0.4850E+03  0.3253E+00
  0.4860E+03  0.4493E+00
  0.4870E+03  0.3582E+00
  0.4880E+03  0.4098E+00
  0.4890E+03  0.4075E+00
  0.4900E+03  0.4712E+00
  0.4910E+03  0.3686E+00
  0.4920E+03  0.4097E+00
  0.4930E+03  0.3045E+00
  0.4940E+03  0.4167E+00
  0.4950E+03  0.3802E+00
  0.4960E+03  0.3994E+00
  0.4970E+03  0.3514E+00
  0.4980E+03  0.4592E+00
  0.4990E+03  0.4463E+00
  0.5000E+03  0.4476E+00
  0.5010E+03  0.5613E+00
  0.5020E+03  0.4783E+00
  0.5030E+03  0.4617E+00
  0.5040E+03  0.4537E+00
  0.5050E+03  0.3591E+00
  0.5060E+03  0.4606E+00
  0.5070E+03  0.5372E+00
  0.5080E+03  0.3769E+00
  0.5090E+03  0.4330E+00
  0.5100E+03  0.4401E+00
  0.5110E+03  0.0000E+00
  0.5120E+03  0.0000E+00
