  0.1000E+01  0.5382E-01
  0.2000E+01  0.5675E-01
  0.3000E+01  0.6376E-01
  0.4000E+01  0.5160E-01
  0.5000E+01  0.5050E-01
  0.6000E+01  0.5042E-01
  0.7000E+01  0.4542E-01
  0.8000E+01  0.4903E-01
  0.9000E+01  0.4375E-01
  0.1000E+02  0.4361E-01
  0.1100E+02  0.4249E-01
  0.1200E+02  0.4808E-01
  0.1300E+02  0.3802E-01
  0.1400E+02  0.3283E-01
  0.1500E+02  0.3295E-01
  0.1600E+02  0.2871E-01
  0.1700E+02  0.3374E-01
  0.1800E+02  0.2785E-01
  0.1900E+02  0.3014E-01
  0.2000E+02  0.2616E-01
  0.2100E+02  0.2465E-01
  0.2200E+02  0.2376E-01
  0.2300E+02  0.1868E-01
  0.2400E+02  0.1593E-01
  0.2500E+02  0.1653E-01
  0.2600E+02  0.1641E-01
  0.2700E+02  0.1870E-01
  0.2800E+02  0.1241E-01
  0.2900E+02  0.1184E-01
  0.3000E+02  0.1254E-01
  0.3100E+02  0.8557E-02
  0.3200E+02  0.9938E-02
  0.3300E+02  0.9331E-02
  0.3400E+02  0.8866E-02
  0.3500E+02  0.1082E-01
  0.3600E+02  0.6645E-02
  0.3700E+02  0.9196E-02
  0.3800E+02  0.7274E-02
  0.3900E+02  0.6233E-02
  0.4000E+02  0.5283E-02
  0.4100E+02  0.6065E-02
  0.4200E+02  0.5903E-02
  0.4300E+02  0.4198E-02
  0.4400E+02  0.7737E-02
  0.4500E+02  0.1180E-01
  0.4600E+02  0.9390E-02
  0.4700E+02  0.8557E-02
  0.4800E+02  0.1336E-01
  0.4900E+02  0.1442E-01
  0.5000E+02  0.1316E-01
  0.5100E+02  0.1352E-01
  0.5200E+02  0.1782E-01
  0.5300E+02  0.1451E-01
  0.5400E+02  0.1617E-01
  0.5500E+02  0.1690E-01
  0.5600E+02  0.2218E-01
  0.5700E+02  0.2132E-01
  0.5800E+02  0.2826E-01
  0.5900E+02  0.2168E-01
  0.6000E+02  0.2810E-01
  0.6100E+02  0.3286E-01
  0.6200E+02  0.3182E-01
  0.6300E+02  0.3200E-01
  0.6400E+02  0.2829E-01
  0.6500E+02  0.3687E-01
  0.6600E+02  0.3662E-01
  0.6700E+02  0.3542E-01
  0.6800E+02  0.3321E-01
  0.6900E+02  0.3975E-01
  0.7000E+02  0.3766E-01
  0.7100E+02  0.4374E-01
  0.7200E+02  0.4010E-01
  0.7300E+02  0.4139E-01
  0.7400E+02  0.4078E-01
  0.7500E+02  0.4602E-01
  0.7600E+02  0.4796E-01
  0.7700E+02  0.4276E-01
  0.7800E+02  0.4323E-01
  0.7900E+02  0.4483E-01
  0.8000E+02  0.4939E-01
  0.8100E+02  0.5587E-01
  0.8200E+02  0.5305E-01
  0.8300E+02  0.5278E-01
  0.8400E+02  0.5766E-01
  0.8500E+02  0.5709E-01
  0.8600E+02  0.6955E-01
  0.8700E+02  0.6777E-01
  0.8800E+02  0.7033E-01
  0.8900E+02  0.7112E-01
  0.9000E+02  0.7254E-01
  0.9100E+02  0.8216E-01
  0.9200E+02  0.9170E-01
  0.9300E+02  0.1014E+00
  0.9400E+02  0.1114E+00
  0.9500E+02  0.1170E+00
  0.9600E+02  0.1238E+00
  0.9700E+02  0.1303E+00
  0.9800E+02  0.1419E+00
  0.9900E+02  0.1577E+00
  0.1000E+03  0.1608E+00
  0.1010E+03  0.1635E+00
  0.1020E+03  0.1645E+00
  0.1030E+03  0.1834E+00
  0.1040E+03  0.1592E+00
  0.1050E+03  0.1504E+00
  0.1060E+03  0.1502E+00
  0.1070E+03  0.1424E+00
  0.1080E+03  0.1312E+00
  0.1090E+03  0.1238E+00
  0.1100E+03  0.1117E+00
  0.1110E+03  0.1129E+00
  0.1120E+03  0.9406E-01
  0.1130E+03  0.8843E-01
  0.1140E+03  0.8117E-01
  0.1150E+03  0.7322E-01
  0.1160E+03  0.6515E-01
  0.1170E+03  0.5827E-01
  0.1180E+03  0.5041E-01
  0.1190E+03  0.4846E-01
  0.1200E+03  0.4114E-01
  0.1210E+03  0.3242E-01
  0.1220E+03  0.3074E-01
  0.1230E+03  0.3346E-01
  0.1240E+03  0.2570E-01
  0.1250E+03  0.2944E-01
  0.1260E+03  0.2964E-01
  0.1270E+03  0.2842E-01
  0.1280E+03  0.2681E-01
  0.1290E+03  0.2770E-01
  0.1300E+03  0.2531E-01
  0.1310E+03  0.2622E-01
  0.1320E+03  0.2272E-01
  0.1330E+03  0.2104E-01
  0.1340E+03  0.1864E-01
  0.1350E+03  0.1607E-01
  0.1360E+03  0.1509E-01
  0.1370E+03  0.1184E-01
  0.1380E+03  0.1204E-01
  0.1390E+03  0.9071E-02
  0.1400E+03  0.1470E-01
  0.1410E+03  0.7579E-02
  0.1420E+03  0.7103E-02
  0.1430E+03  0.6571E-02
  0.1440E+03  0.3522E-02
  0.1450E+03  0.6444E-02
  0.1460E+03  0.5065E-02
  0.1470E+03  0.7525E-02
  0.1480E+03  0.4855E-02
  0.1490E+03  0.5890E-02
  0.1500E+03  0.5867E-02
  0.1510E+03  0.4562E-02
  0.1520E+03  0.4710E-02
  0.1530E+03  0.6284E-02
  0.1540E+03  0.3431E-02
  0.1550E+03  0.2634E-02
  0.1560E+03  0.6607E-02
  0.1570E+03  0.5214E-02
  0.1580E+03  0.5445E-02
  0.1590E+03  0.6137E-02
  0.1600E+03  0.4765E-02
  0.1610E+03  0.4934E-02
  0.1620E+03  0.4785E-02
  0.1630E+03  0.4606E-02
  0.1640E+03  0.6340E-02
  0.1650E+03  0.4583E-02
  0.1660E+03  0.3067E-02
  0.1670E+03  0.4300E-02
  0.1680E+03  0.3888E-02
  0.1690E+03  0.4910E-02
  0.1700E+03  0.3789E-02
  0.1710E+03  0.5372E-02
  0.1720E+03  0.4885E-02
  0.1730E+03  0.7046E-02
  0.1740E+03  0.5555E-02
  0.1750E+03  0.6380E-02
  0.1760E+03  0.5342E-02
  0.1770E+03  0.4855E-02
  0.1780E+03  0.6547E-02
  0.1790E+03  0.4223E-02
  0.1800E+03  0.4634E-02
  0.1810E+03  0.4883E-02
  0.1820E+03  0.4857E-02
  0.1830E+03  0.6638E-02
  0.1840E+03  0.9114E-02
  0.1850E+03  0.4620E-02
  0.1860E+03  0.3929E-02
  0.1870E+03  0.4762E-02
  0.1880E+03  0.4346E-02
  0.1890E+03  0.3748E-02
  0.1900E+03  0.5192E-02
  0.1910E+03  0.4228E-02
  0.1920E+03  0.3649E-02
  0.1930E+03  0.5598E-02
  0.1940E+03  0.2748E-02
  0.1950E+03  0.5657E-02
  0.1960E+03  0.3255E-02
  0.1970E+03  0.3334E-02
  0.1980E+03  0.4079E-02
  0.1990E+03  0.3888E-02
  0.2000E+03  0.4007E-02
  0.2010E+03  0.2227E-02
  0.2020E+03  0.3980E-02
  0.2030E+03  0.3663E-02
  0.2040E+03  0.2903E-02
  0.2050E+03  0.3490E-02
  0.2060E+03  0.3810E-02
  0.2070E+03  0.3941E-02
  0.2080E+03  0.4975E-02
  0.2090E+03  0.2214E-02
  0.2100E+03  0.2429E-02
  0.2110E+03  0.1889E-02
  0.2120E+03  0.3525E-02
  0.2130E+03  0.2829E-02
  0.2140E+03  0.3835E-02
  0.2150E+03  0.2799E-02
  0.2160E+03  0.2455E-02
  0.2170E+03  0.2242E-02
  0.2180E+03  0.2504E-02
  0.2190E+03  0.3045E-02
  0.2200E+03  0.1568E-02
  0.2210E+03  0.2783E-02
  0.2220E+03  0.3564E-02
  0.2230E+03  0.4910E-02
  0.2240E+03  0.2487E-02
  0.2250E+03  0.2044E-02
  0.2260E+03  0.2128E-02
  0.2270E+03  0.1727E-02
  0.2280E+03  0.1060E-02
  0.2290E+03  0.1099E-02
  0.2300E+03  0.2090E-02
  0.2310E+03  0.1280E-02
  0.2320E+03  0.1444E-02
  0.2330E+03  0.1537E-02
  0.2340E+03  0.2019E-02
  0.2350E+03  0.1736E-02
  0.2360E+03  0.2561E-02
  0.2370E+03  0.3373E-02
  0.2380E+03  0.1843E-02
  0.2390E+03  0.2510E-02
  0.2400E+03  0.1399E-02
  0.2410E+03  0.1115E-02
  0.2420E+03  0.1546E-02
  0.2430E+03  0.2307E-02
  0.2440E+03  0.9569E-03
  0.2450E+03  0.1127E-02
  0.2460E+03  0.2670E-02
  0.2470E+03  0.1851E-02
  0.2480E+03  0.9535E-03
  0.2490E+03  0.9007E-03
  0.2500E+03  0.1398E-02
  0.2510E+03  0.1824E-02
  0.2520E+03  0.1320E-02
  0.2530E+03  0.1179E-02
  0.2540E+03  0.6604E-03
  0.2550E+03  0.5885E-03
  0.2560E+03  0.1495E-02
  0.2570E+03  0.1464E-02
  0.2580E+03  0.6059E-03
  0.2590E+03  0.2287E-02
  0.2600E+03  0.1609E-02
  0.2610E+03  0.6470E-03
  0.2620E+03  0.1469E-02
  0.2630E+03  0.7678E-03
  0.2640E+03  0.1873E-02
  0.2650E+03  0.5051E-03
  0.2660E+03  0.9096E-03
  0.2670E+03  0.5430E-04
  0.2680E+03  0.7964E-03
  0.2690E+03  0.3179E-03
  0.2700E+03  0.1298E-02
  0.2710E+03  0.1037E-02
  0.2720E+03  0.8132E-03
  0.2730E+03  0.5576E-03
  0.2740E+03  0.4835E-03
  0.2750E+03  0.3509E-03
  0.2760E+03  0.4082E-03
  0.2770E+03  0.1493E-02
  0.2780E+03  0.7864E-03
  0.2790E+03  0.5273E-03
  0.2800E+03  0.8226E-04
  0.2810E+03  0.8805E-03
  0.2820E+03  0.1029E-03
  0.2830E+03  0.8175E-03
  0.2840E+03  0.7440E-03
  0.2850E+03  0.4587E-03
  0.2860E+03  0.3400E-03
  0.2870E+03  0.1124E-02
  0.2880E+03  0.2604E-03
  0.2890E+03  0.3111E-03
  0.2900E+03  0.6191E-03
  0.2910E+03  0.7022E-03
  0.2920E+03  0.1539E-03
  0.2930E+03  0.3804E-03
  0.2940E+03  0.2093E-04
  0.2950E+03  0.6298E-03
  0.2960E+03  0.4270E-03
  0.2970E+03  0.5273E-03
  0.2980E+03  0.8213E-03
  0.2990E+03  0.0000E+00
  0.3000E+03  0.3169E-03
  0.3010E+03  0.6896E-03
  0.3020E+03  0.7001E-03
  0.3030E+03  0.8394E-03
  0.3040E+03  0.4860E-03
  0.3050E+03  0.1857E-03
  0.3060E+03  0.3407E-03
  0.3070E+03  0.8328E-03
  0.3080E+03  0.7961E-03
  0.3090E+03  0.4654E-04
  0.3100E+03  0.5216E-03
  0.3110E+03  0.2261E-03
  0.3120E+03  0.7855E-03
  0.3130E+03  0.2523E-03
  0.3140E+03  0.1995E-03
  0.3150E+03  0.7290E-03
  0.3160E+03  0.2399E-03
  0.3170E+03  0.0000E+00
  0.3180E+03  0.1823E-03
  0.3190E+03  0.9950E-03
  0.3200E+03  0.8928E-04
  0.3210E+03  0.3384E-03
  0.3220E+03  0.6221E-03
  0.3230E+03  0.2553E-03
  0.3240E+03  0.3415E-03
  0.3250E+03  0.8871E-03
  0.3260E+03  0.8854E-03
  0.3270E+03  0.3933E-03
  0.3280E+03  0.1121E-03
  0.3290E+03  0.3617E-03
  0.3300E+03  0.8977E-03
  0.3310E+03  0.4703E-03
  0.3320E+03  0.3203E-03
  0.3330E+03  0.7604E-03
  0.3340E+03  0.3239E-03
  0.3350E+03  0.9150E-03
  0.3360E+03  0.0000E+00
  0.3370E+03  0.7057E-03
  0.3380E+03  0.3731E-03
  0.3390E+03  0.5365E-03
  0.3400E+03  0.1293E-02
  0.3410E+03  0.1379E-03
  0.3420E+03  0.0000E+00
  0.3430E+03  0.7525E-04
  0.3440E+03  0.0000E+00
  0.3450E+03  0.0000E+00
  0.3460E+03  0.1452E-03
  0.3470E+03  0.7888E-03
  0.3480E+03  0.1189E-03
  0.3490E+03  0.0000E+00
  0.3500E+03  0.6921E-03
  0.3510E+03  0.2272E-03
  0.3520E+03  0.1025E-03
  0.3530E+03  0.1434E-03
  0.3540E+03  0.6406E-03
  0.3550E+03  0.4269E-03
  0.3560E+03  0.1032E-02
  0.3570E+03  0.0000E+00
  0.3580E+03  0.1849E-03
  0.3590E+03  0.4369E-03
  0.3600E+03  0.4291E-03
  0.3610E+03  0.9482E-04
  0.3620E+03  0.1025E-04
  0.3630E+03  0.6174E-04
  0.3640E+03  0.1527E-03
  0.3650E+03  0.3600E-03
  0.3660E+03  0.1991E-03
  0.3670E+03  0.4960E-03
  0.3680E+03  0.5530E-03
  0.3690E+03  0.0000E+00
  0.3700E+03  0.6404E-03
  0.3710E+03  0.5709E-03
  0.3720E+03  0.5835E-03
  0.3730E+03  0.3029E-03
  0.3740E+03  0.0000E+00
  0.3750E+03  0.8448E-03
  0.3760E+03  0.2110E-03
  0.3770E+03  0.4854E-03
  0.3780E+03  0.5607E-03
  0.3790E+03  0.3848E-03
  0.3800E+03  0.1208E-03
  0.3810E+03  0.4003E-03
  0.3820E+03  0.1357E-03
  0.3830E+03  0.5695E-03
  0.3840E+03  0.0000E+00
  0.3850E+03  0.8768E-04
  0.3860E+03  0.4316E-04
  0.3870E+03  0.3315E-03
  0.3880E+03  0.1139E-03
  0.3890E+03  0.6243E-05
  0.3900E+03  0.6233E-03
  0.3910E+03  0.2092E-03
  0.3920E+03  0.5965E-03
  0.3930E+03  0.1797E-03
  0.3940E+03  0.0000E+00
  0.3950E+03  0.1320E-03
  0.3960E+03  0.9926E-04
  0.3970E+03  0.2627E-03
  0.3980E+03  0.1046E-03
  0.3990E+03  0.3600E-03
  0.4000E+03  0.0000E+00
  0.4010E+03  0.0000E+00
  0.4020E+03  0.2178E-03
  0.4030E+03  0.0000E+00
  0.4040E+03  0.4308E-04
  0.4050E+03  0.0000E+00
  0.4060E+03  0.0000E+00
  0.4070E+03  0.2709E-03
  0.4080E+03  0.2951E-03
  0.4090E+03  0.5461E-03
  0.4100E+03  0.1594E-04
  0.4110E+03  0.0000E+00
  0.4120E+03  0.0000E+00
  0.4130E+03  0.1854E-03
  0.4140E+03  0.0000E+00
  0.4150E+03  0.7083E-04
  0.4160E+03  0.5861E-03
  0.4170E+03  0.2706E-03
  0.4180E+03  0.1780E-03
  0.4190E+03  0.0000E+00
  0.4200E+03  0.3217E-04
  0.4210E+03  0.0000E+00
  0.4220E+03  0.2180E-03
  0.4230E+03  0.3801E-03
  0.4240E+03  0.2534E-03
  0.4250E+03  0.8098E-04
  0.4260E+03  0.1474E-03
  0.4270E+03  0.3667E-04
  0.4280E+03  0.2108E-03
  0.4290E+03  0.4774E-03
  0.4300E+03  0.4416E-04
  0.4310E+03  0.0000E+00
  0.4320E+03  0.4296E-04
  0.4330E+03  0.0000E+00
  0.4340E+03  0.0000E+00
  0.4350E+03  0.0000E+00
  0.4360E+03  0.7830E-03
  0.4370E+03  0.0000E+00
  0.4380E+03  0.2601E-03
  0.4390E+03  0.1523E-03
  0.4400E+03  0.0000E+00
  0.4410E+03  0.0000E+00
  0.4420E+03  0.4217E-03
  0.4430E+03  0.9265E-04
  0.4440E+03  0.6527E-03
  0.4450E+03  0.0000E+00
  0.4460E+03  0.0000E+00
  0.4470E+03  0.1859E-03
  0.4480E+03  0.0000E+00
  0.4490E+03  0.2638E-03
  0.4500E+03  0.3230E-03
  0.4510E+03  0.0000E+00
  0.4520E+03  0.0000E+00
  0.4530E+03  0.3256E-03
  0.4540E+03  0.4408E-03
  0.4550E+03  0.0000E+00
  0.4560E+03  0.1752E-03
  0.4570E+03  0.0000E+00
  0.4580E+03  0.0000E+00
  0.4590E+03  0.0000E+00
  0.4600E+03  0.8066E-04
  0.4610E+03  0.0000E+00
  0.4620E+03  0.0000E+00
  0.4630E+03  0.0000E+00
  0.4640E+03  0.0000E+00
  0.4650E+03  0.0000E+00
  0.4660E+03  0.2155E-03
  0.4670E+03  0.1765E-03
  0.4680E+03  0.4112E-03
  0.4690E+03  0.8638E-03
  0.4700E+03  0.0000E+00
  0.4710E+03  0.0000E+00
  0.4720E+03  0.0000E+00
  0.4730E+03  0.0000E+00
  0.4740E+03  0.0000E+00
  0.4750E+03  0.1985E-03
  0.4760E+03  0.0000E+00
  0.4770E+03  0.0000E+00
  0.4780E+03  0.0000E+00
  0.4790E+03  0.2650E-03
  0.4800E+03  0.1294E-03
  0.4810E+03  0.2390E-03
  0.4820E+03  0.0000E+00
  0.4830E+03  0.2132E-03
  0.4840E+03  0.0000E+00
  0.4850E+03  0.0000E+00
  0.4860E+03  0.0000E+00
  0.4870E+03  0.2659E-04
  0.4880E+03  0.3832E-03
  0.4890E+03  0.3209E-04
  0.4900E+03  0.8541E-04
  0.4910E+03  0.1632E-03
  0.4920E+03  0.2241E-04
  0.4930E+03  0.0000E+00
  0.4940E+03  0.2589E-04
  0.4950E+03  0.9457E-04
  0.4960E+03  0.0000E+00
  0.4970E+03  0.0000E+00
  0.4980E+03  0.2757E-03
  0.4990E+03  0.1857E-03
  0.5000E+03  0.0000E+00
  0.5010E+03  0.0000E+00
  0.5020E+03  0.0000E+00
  0.5030E+03  0.3165E-03
  0.5040E+03  0.0000E+00
  0.5050E+03  0.0000E+00
  0.5060E+03  0.3631E-03
  0.5070E+03  0.2144E-04
  0.5080E+03  0.0000E+00
  0.5090E+03  0.1208E-03
  0.5100E+03  0.1766E-03
  0.5110E+03  0.0000E+00
  0.5120E+03  0.0000E+00
