  0.1000E+01  0.4755E+00
  0.2000E+01  0.7949E+00
  0.3000E+01  0.8019E+00
  0.4000E+01  0.7096E+00
  0.5000E+01  0.7616E+00
  0.6000E+01  0.7124E+00
  0.7000E+01  0.8136E+00
  0.8000E+01  0.8940E+00
  0.9000E+01  0.8112E+00
  0.1000E+02  0.7526E+00
  0.1100E+02  0.7710E+00
  0.1200E+02  0.8796E+00
  0.1300E+02  0.8495E+00
  0.1400E+02  0.7969E+00
  0.1500E+02  0.7599E+00
  0.1600E+02  0.8144E+00
  0.1700E+02  0.7266E+00
  0.1800E+02  0.6668E+00
  0.1900E+02  0.7628E+00
  0.2000E+02  0.8229E+00
  0.2100E+02  0.7761E+00
  0.2200E+02  0.8716E+00
  0.2300E+02  0.8440E+00
  0.2400E+02  0.8716E+00
  0.2500E+02  0.9891E+00
  0.2600E+02  0.7725E+00
  0.2700E+02  0.7899E+00
  0.2800E+02  0.8620E+00
  0.2900E+02  0.9008E+00
  0.3000E+02  0.9043E+00
  0.3100E+02  0.9023E+00
  0.3200E+02  0.9125E+00
  0.3300E+02  0.7731E+00
  0.3400E+02  0.8730E+00
  0.3500E+02  0.8432E+00
  0.3600E+02  0.8867E+00
  0.3700E+02  0.8933E+00
  0.3800E+02  0.9006E+00
  0.3900E+02  0.8202E+00
  0.4000E+02  0.7268E+00
  0.4100E+02  0.7168E+00
  0.4200E+02  0.6867E+00
  0.4300E+02  0.7605E+00
  0.4400E+02  0.7336E+00
  0.4500E+02  0.7822E+00
  0.4600E+02  0.7395E+00
  0.4700E+02  0.7982E+00
  0.4800E+02  0.7883E+00
  0.4900E+02  0.9802E+00
  0.5000E+02  0.8214E+00
  0.5100E+02  0.8587E+00
  0.5200E+02  0.8779E+00
  0.5300E+02  0.8409E+00
  0.5400E+02  0.8541E+00
  0.5500E+02  0.9261E+00
  0.5600E+02  0.8671E+00
  0.5700E+02  0.1125E+01
  0.5800E+02  0.9008E+00
  0.5900E+02  0.9501E+00
  0.6000E+02  0.8507E+00
  0.6100E+02  0.1178E+01
  0.6200E+02  0.1173E+01
  0.6300E+02  0.1036E+01
  0.6400E+02  0.9886E+00
  0.6500E+02  0.1008E+01
  0.6600E+02  0.9678E+00
  0.6700E+02  0.1122E+01
  0.6800E+02  0.1119E+01
  0.6900E+02  0.1114E+01
  0.7000E+02  0.1288E+01
  0.7100E+02  0.1142E+01
  0.7200E+02  0.1284E+01
  0.7300E+02  0.1261E+01
  0.7400E+02  0.1400E+01
  0.7500E+02  0.1389E+01
  0.7600E+02  0.1373E+01
  0.7700E+02  0.1382E+01
  0.7800E+02  0.1399E+01
  0.7900E+02  0.1305E+01
  0.8000E+02  0.1281E+01
  0.8100E+02  0.1399E+01
  0.8200E+02  0.1320E+01
  0.8300E+02  0.1261E+01
  0.8400E+02  0.1574E+01
  0.8500E+02  0.1327E+01
  0.8600E+02  0.1408E+01
  0.8700E+02  0.1350E+01
  0.8800E+02  0.1416E+01
  0.8900E+02  0.1348E+01
  0.9000E+02  0.1503E+01
  0.9100E+02  0.1412E+01
  0.9200E+02  0.1317E+01
  0.9300E+02  0.1502E+01
  0.9400E+02  0.1476E+01
  0.9500E+02  0.1445E+01
  0.9600E+02  0.1381E+01
  0.9700E+02  0.1459E+01
  0.9800E+02  0.1447E+01
  0.9900E+02  0.1311E+01
  0.1000E+03  0.1609E+01
  0.1010E+03  0.1415E+01
  0.1020E+03  0.1477E+01
  0.1030E+03  0.1519E+01
  0.1040E+03  0.1478E+01
  0.1050E+03  0.1230E+01
  0.1060E+03  0.1443E+01
  0.1070E+03  0.1425E+01
  0.1080E+03  0.1357E+01
  0.1090E+03  0.1479E+01
  0.1100E+03  0.1435E+01
  0.1110E+03  0.1269E+01
  0.1120E+03  0.1491E+01
  0.1130E+03  0.1347E+01
  0.1140E+03  0.1443E+01
  0.1150E+03  0.1467E+01
  0.1160E+03  0.1501E+01
  0.1170E+03  0.1483E+01
  0.1180E+03  0.1526E+01
  0.1190E+03  0.1444E+01
  0.1200E+03  0.1331E+01
  0.1210E+03  0.1241E+01
  0.1220E+03  0.1397E+01
  0.1230E+03  0.1457E+01
  0.1240E+03  0.1365E+01
  0.1250E+03  0.1429E+01
  0.1260E+03  0.1590E+01
  0.1270E+03  0.1458E+01
  0.1280E+03  0.1525E+01
  0.1290E+03  0.1458E+01
  0.1300E+03  0.1514E+01
  0.1310E+03  0.1463E+01
  0.1320E+03  0.1549E+01
  0.1330E+03  0.1444E+01
  0.1340E+03  0.1468E+01
  0.1350E+03  0.1455E+01
  0.1360E+03  0.1448E+01
  0.1370E+03  0.1598E+01
  0.1380E+03  0.1591E+01
  0.1390E+03  0.1519E+01
  0.1400E+03  0.1514E+01
  0.1410E+03  0.1656E+01
  0.1420E+03  0.1697E+01
  0.1430E+03  0.1593E+01
  0.1440E+03  0.1563E+01
  0.1450E+03  0.1657E+01
  0.1460E+03  0.1598E+01
  0.1470E+03  0.1445E+01
  0.1480E+03  0.1653E+01
  0.1490E+03  0.1528E+01
  0.1500E+03  0.1398E+01
  0.1510E+03  0.1614E+01
  0.1520E+03  0.1615E+01
  0.1530E+03  0.1693E+01
  0.1540E+03  0.1638E+01
  0.1550E+03  0.1662E+01
  0.1560E+03  0.1589E+01
  0.1570E+03  0.1574E+01
  0.1580E+03  0.1677E+01
  0.1590E+03  0.1712E+01
  0.1600E+03  0.1723E+01
  0.1610E+03  0.1996E+01
  0.1620E+03  0.1781E+01
  0.1630E+03  0.1815E+01
  0.1640E+03  0.1892E+01
  0.1650E+03  0.2023E+01
  0.1660E+03  0.1855E+01
  0.1670E+03  0.1973E+01
  0.1680E+03  0.2039E+01
  0.1690E+03  0.2066E+01
  0.1700E+03  0.2082E+01
  0.1710E+03  0.1991E+01
  0.1720E+03  0.2166E+01
  0.1730E+03  0.2310E+01
  0.1740E+03  0.2313E+01
  0.1750E+03  0.2449E+01
  0.1760E+03  0.2488E+01
  0.1770E+03  0.2318E+01
  0.1780E+03  0.2346E+01
  0.1790E+03  0.2568E+01
  0.1800E+03  0.2564E+01
  0.1810E+03  0.2308E+01
  0.1820E+03  0.2378E+01
  0.1830E+03  0.2283E+01
  0.1840E+03  0.2415E+01
  0.1850E+03  0.2201E+01
  0.1860E+03  0.2046E+01
  0.1870E+03  0.2339E+01
  0.1880E+03  0.2160E+01
  0.1890E+03  0.2099E+01
  0.1900E+03  0.2121E+01
  0.1910E+03  0.2031E+01
  0.1920E+03  0.2109E+01
  0.1930E+03  0.1976E+01
  0.1940E+03  0.1920E+01
  0.1950E+03  0.1734E+01
  0.1960E+03  0.2055E+01
  0.1970E+03  0.1905E+01
  0.1980E+03  0.1776E+01
  0.1990E+03  0.1867E+01
  0.2000E+03  0.1675E+01
  0.2010E+03  0.1849E+01
  0.2020E+03  0.1616E+01
  0.2030E+03  0.1565E+01
  0.2040E+03  0.1656E+01
  0.2050E+03  0.1723E+01
  0.2060E+03  0.1588E+01
  0.2070E+03  0.1564E+01
  0.2080E+03  0.1571E+01
  0.2090E+03  0.1613E+01
  0.2100E+03  0.1412E+01
  0.2110E+03  0.1355E+01
  0.2120E+03  0.1456E+01
  0.2130E+03  0.1217E+01
  0.2140E+03  0.1440E+01
  0.2150E+03  0.1291E+01
  0.2160E+03  0.1214E+01
  0.2170E+03  0.1365E+01
  0.2180E+03  0.1254E+01
  0.2190E+03  0.1364E+01
  0.2200E+03  0.1227E+01
  0.2210E+03  0.1199E+01
  0.2220E+03  0.1218E+01
  0.2230E+03  0.1182E+01
  0.2240E+03  0.1111E+01
  0.2250E+03  0.1150E+01
  0.2260E+03  0.1061E+01
  0.2270E+03  0.1137E+01
  0.2280E+03  0.1046E+01
  0.2290E+03  0.9873E+00
  0.2300E+03  0.9170E+00
  0.2310E+03  0.9401E+00
  0.2320E+03  0.9038E+00
  0.2330E+03  0.9481E+00
  0.2340E+03  0.9559E+00
  0.2350E+03  0.8836E+00
  0.2360E+03  0.9489E+00
  0.2370E+03  0.7875E+00
  0.2380E+03  0.9677E+00
  0.2390E+03  0.8568E+00
  0.2400E+03  0.9674E+00
  0.2410E+03  0.9256E+00
  0.2420E+03  0.7408E+00
  0.2430E+03  0.7496E+00
  0.2440E+03  0.7785E+00
  0.2450E+03  0.7912E+00
  0.2460E+03  0.7309E+00
  0.2470E+03  0.7763E+00
  0.2480E+03  0.6974E+00
  0.2490E+03  0.7361E+00
  0.2500E+03  0.7444E+00
  0.2510E+03  0.8117E+00
  0.2520E+03  0.8702E+00
  0.2530E+03  0.6789E+00
  0.2540E+03  0.6528E+00
  0.2550E+03  0.8489E+00
  0.2560E+03  0.6711E+00
  0.2570E+03  0.6957E+00
  0.2580E+03  0.6442E+00
  0.2590E+03  0.8194E+00
  0.2600E+03  0.5873E+00
  0.2610E+03  0.7717E+00
  0.2620E+03  0.6427E+00
  0.2630E+03  0.5692E+00
  0.2640E+03  0.6461E+00
  0.2650E+03  0.6439E+00
  0.2660E+03  0.6211E+00
  0.2670E+03  0.5964E+00
  0.2680E+03  0.5411E+00
  0.2690E+03  0.5834E+00
  0.2700E+03  0.5571E+00
  0.2710E+03  0.6344E+00
  0.2720E+03  0.7359E+00
  0.2730E+03  0.6017E+00
  0.2740E+03  0.6580E+00
  0.2750E+03  0.4991E+00
  0.2760E+03  0.5120E+00
  0.2770E+03  0.5055E+00
  0.2780E+03  0.5715E+00
  0.2790E+03  0.5015E+00
  0.2800E+03  0.4698E+00
  0.2810E+03  0.5699E+00
  0.2820E+03  0.4847E+00
  0.2830E+03  0.5620E+00
  0.2840E+03  0.5179E+00
  0.2850E+03  0.5412E+00
  0.2860E+03  0.4872E+00
  0.2870E+03  0.4014E+00
  0.2880E+03  0.5118E+00
  0.2890E+03  0.6216E+00
  0.2900E+03  0.3820E+00
  0.2910E+03  0.3934E+00
  0.2920E+03  0.4329E+00
  0.2930E+03  0.5478E+00
  0.2940E+03  0.4621E+00
  0.2950E+03  0.3613E+00
  0.2960E+03  0.5179E+00
  0.2970E+03  0.4270E+00
  0.2980E+03  0.4029E+00
  0.2990E+03  0.4301E+00
  0.3000E+03  0.4595E+00
  0.3010E+03  0.4232E+00
  0.3020E+03  0.4647E+00
  0.3030E+03  0.3846E+00
  0.3040E+03  0.3366E+00
  0.3050E+03  0.4158E+00
  0.3060E+03  0.4246E+00
  0.3070E+03  0.4640E+00
  0.3080E+03  0.3301E+00
  0.3090E+03  0.4917E+00
  0.3100E+03  0.4287E+00
  0.3110E+03  0.4507E+00
  0.3120E+03  0.4377E+00
  0.3130E+03  0.3164E+00
  0.3140E+03  0.5154E+00
  0.3150E+03  0.3143E+00
  0.3160E+03  0.3305E+00
  0.3170E+03  0.3654E+00
  0.3180E+03  0.3427E+00
  0.3190E+03  0.3263E+00
  0.3200E+03  0.3347E+00
  0.3210E+03  0.3252E+00
  0.3220E+03  0.2272E+00
  0.3230E+03  0.3394E+00
  0.3240E+03  0.4223E+00
  0.3250E+03  0.3097E+00
  0.3260E+03  0.3450E+00
  0.3270E+03  0.3873E+00
  0.3280E+03  0.2126E+00
  0.3290E+03  0.2673E+00
  0.3300E+03  0.2816E+00
  0.3310E+03  0.2890E+00
  0.3320E+03  0.2939E+00
  0.3330E+03  0.2686E+00
  0.3340E+03  0.3846E+00
  0.3350E+03  0.3117E+00
  0.3360E+03  0.2715E+00
  0.3370E+03  0.3524E+00
  0.3380E+03  0.2090E+00
  0.3390E+03  0.3040E+00
  0.3400E+03  0.2775E+00
  0.3410E+03  0.2747E+00
  0.3420E+03  0.3071E+00
  0.3430E+03  0.3163E+00
  0.3440E+03  0.2262E+00
  0.3450E+03  0.2835E+00
  0.3460E+03  0.3097E+00
  0.3470E+03  0.2485E+00
  0.3480E+03  0.3141E+00
  0.3490E+03  0.3404E+00
  0.3500E+03  0.2556E+00
  0.3510E+03  0.2249E+00
  0.3520E+03  0.2426E+00
  0.3530E+03  0.2742E+00
  0.3540E+03  0.2535E+00
  0.3550E+03  0.2037E+00
  0.3560E+03  0.1997E+00
  0.3570E+03  0.2579E+00
  0.3580E+03  0.3189E+00
  0.3590E+03  0.2435E+00
  0.3600E+03  0.2592E+00
  0.3610E+03  0.2151E+00
  0.3620E+03  0.2434E+00
  0.3630E+03  0.2364E+00
  0.3640E+03  0.2603E+00
  0.3650E+03  0.2126E+00
  0.3660E+03  0.2972E+00
  0.3670E+03  0.2443E+00
  0.3680E+03  0.2022E+00
  0.3690E+03  0.2475E+00
  0.3700E+03  0.3099E+00
  0.3710E+03  0.2422E+00
  0.3720E+03  0.2430E+00
  0.3730E+03  0.2420E+00
  0.3740E+03  0.2429E+00
  0.3750E+03  0.2022E+00
  0.3760E+03  0.2323E+00
  0.3770E+03  0.2438E+00
  0.3780E+03  0.2310E+00
  0.3790E+03  0.1873E+00
  0.3800E+03  0.2118E+00
  0.3810E+03  0.2020E+00
  0.3820E+03  0.2187E+00
  0.3830E+03  0.1846E+00
  0.3840E+03  0.1830E+00
  0.3850E+03  0.3003E+00
  0.3860E+03  0.3012E+00
  0.3870E+03  0.2018E+00
  0.3880E+03  0.1774E+00
  0.3890E+03  0.1473E+00
  0.3900E+03  0.2007E+00
  0.3910E+03  0.2266E+00
  0.3920E+03  0.1997E+00
  0.3930E+03  0.2205E+00
  0.3940E+03  0.2265E+00
  0.3950E+03  0.1535E+00
  0.3960E+03  0.1907E+00
  0.3970E+03  0.2467E+00
  0.3980E+03  0.2167E+00
  0.3990E+03  0.2277E+00
  0.4000E+03  0.1677E+00
  0.4010E+03  0.1787E+00
  0.4020E+03  0.1559E+00
  0.4030E+03  0.1828E+00
  0.4040E+03  0.2342E+00
  0.4050E+03  0.1838E+00
  0.4060E+03  0.1194E+00
  0.4070E+03  0.1476E+00
  0.4080E+03  0.1686E+00
  0.4090E+03  0.1783E+00
  0.4100E+03  0.1010E+00
  0.4110E+03  0.1491E+00
  0.4120E+03  0.1664E+00
  0.4130E+03  0.1349E+00
  0.4140E+03  0.1688E+00
  0.4150E+03  0.1883E+00
  0.4160E+03  0.1062E+00
  0.4170E+03  0.1714E+00
  0.4180E+03  0.1276E+00
  0.4190E+03  0.1273E+00
  0.4200E+03  0.1249E+00
  0.4210E+03  0.2176E+00
  0.4220E+03  0.1536E+00
  0.4230E+03  0.1332E+00
  0.4240E+03  0.1457E+00
  0.4250E+03  0.1322E+00
  0.4260E+03  0.1698E+00
  0.4270E+03  0.2003E+00
  0.4280E+03  0.1624E+00
  0.4290E+03  0.1406E+00
  0.4300E+03  0.9550E-01
  0.4310E+03  0.1574E+00
  0.4320E+03  0.1493E+00
  0.4330E+03  0.9306E-01
  0.4340E+03  0.1151E+00
  0.4350E+03  0.1301E+00
  0.4360E+03  0.1850E+00
  0.4370E+03  0.1480E+00
  0.4380E+03  0.1165E+00
  0.4390E+03  0.1569E+00
  0.4400E+03  0.1544E+00
  0.4410E+03  0.1246E+00
  0.4420E+03  0.9222E-01
  0.4430E+03  0.9474E-01
  0.4440E+03  0.1256E+00
  0.4450E+03  0.1207E+00
  0.4460E+03  0.1351E+00
  0.4470E+03  0.1384E+00
  0.4480E+03  0.1298E+00
  0.4490E+03  0.6239E-01
  0.4500E+03  0.1034E+00
  0.4510E+03  0.5193E-01
  0.4520E+03  0.9688E-01
  0.4530E+03  0.1155E+00
  0.4540E+03  0.1038E+00
  0.4550E+03  0.1111E+00
  0.4560E+03  0.1069E+00
  0.4570E+03  0.8986E-01
  0.4580E+03  0.1300E+00
  0.4590E+03  0.1117E+00
  0.4600E+03  0.1115E+00
  0.4610E+03  0.6402E-01
  0.4620E+03  0.1372E+00
  0.4630E+03  0.1081E+00
  0.4640E+03  0.9255E-01
  0.4650E+03  0.1089E+00
  0.4660E+03  0.1215E+00
  0.4670E+03  0.8678E-01
  0.4680E+03  0.6297E-01
  0.4690E+03  0.7592E-01
  0.4700E+03  0.1449E+00
  0.4710E+03  0.1263E+00
  0.4720E+03  0.1716E+00
  0.4730E+03  0.8747E-01
  0.4740E+03  0.6197E-01
  0.4750E+03  0.9756E-01
  0.4760E+03  0.1051E+00
  0.4770E+03  0.6308E-01
  0.4780E+03  0.6718E-01
  0.4790E+03  0.8690E-01
  0.4800E+03  0.7962E-01
  0.4810E+03  0.8378E-01
  0.4820E+03  0.6968E-01
  0.4830E+03  0.5839E-01
  0.4840E+03  0.6620E-01
  0.4850E+03  0.5235E-01
  0.4860E+03  0.1005E+00
  0.4870E+03  0.9290E-01
  0.4880E+03  0.9779E-01
  0.4890E+03  0.1041E+00
  0.4900E+03  0.6873E-01
  0.4910E+03  0.4469E-01
  0.4920E+03  0.9629E-01
  0.4930E+03  0.9847E-01
  0.4940E+03  0.8396E-01
  0.4950E+03  0.3717E-01
  0.4960E+03  0.1431E+00
  0.4970E+03  0.6133E-01
  0.4980E+03  0.8401E-01
  0.4990E+03  0.6047E-01
  0.5000E+03  0.6052E-01
  0.5010E+03  0.7832E-01
  0.5020E+03  0.8751E-01
  0.5030E+03  0.4066E-01
  0.5040E+03  0.6099E-01
  0.5050E+03  0.1046E+00
  0.5060E+03  0.5526E-01
  0.5070E+03  0.7149E-01
  0.5080E+03  0.7100E-01
  0.5090E+03  0.4466E-01
  0.5100E+03  0.4793E-01
  0.5110E+03  0.0000E+00
  0.5120E+03  0.0000E+00
