  0.1000E+01  0.1204E+01
  0.2000E+01  0.1809E+01
  0.3000E+01  0.1760E+01
  0.4000E+01  0.1558E+01
  0.5000E+01  0.1674E+01
  0.6000E+01  0.1599E+01
  0.7000E+01  0.1813E+01
  0.8000E+01  0.1878E+01
  0.9000E+01  0.1605E+01
  0.1000E+02  0.1597E+01
  0.1100E+02  0.1601E+01
  0.1200E+02  0.1722E+01
  0.1300E+02  0.1740E+01
  0.1400E+02  0.1765E+01
  0.1500E+02  0.1580E+01
  0.1600E+02  0.1687E+01
  0.1700E+02  0.1529E+01
  0.1800E+02  0.1665E+01
  0.1900E+02  0.1622E+01
  0.2000E+02  0.1570E+01
  0.2100E+02  0.1730E+01
  0.2200E+02  0.2164E+01
  0.2300E+02  0.2863E+01
  0.2400E+02  0.4620E+01
  0.2500E+02  0.7309E+01
  0.2600E+02  0.1041E+02
  0.2700E+02  0.1283E+02
  0.2800E+02  0.1292E+02
  0.2900E+02  0.1138E+02
  0.3000E+02  0.8772E+01
  0.3100E+02  0.6623E+01
  0.3200E+02  0.4958E+01
  0.3300E+02  0.3615E+01
  0.3400E+02  0.2894E+01
  0.3500E+02  0.2210E+01
  0.3600E+02  0.2035E+01
  0.3700E+02  0.1756E+01
  0.3800E+02  0.1742E+01
  0.3900E+02  0.1816E+01
  0.4000E+02  0.1709E+01
  0.4100E+02  0.1683E+01
  0.4200E+02  0.1673E+01
  0.4300E+02  0.1781E+01
  0.4400E+02  0.1901E+01
  0.4500E+02  0.1935E+01
  0.4600E+02  0.1734E+01
  0.4700E+02  0.1893E+01
  0.4800E+02  0.2020E+01
  0.4900E+02  0.2034E+01
  0.5000E+02  0.1841E+01
  0.5100E+02  0.1786E+01
  0.5200E+02  0.1983E+01
  0.5300E+02  0.1821E+01
  0.5400E+02  0.1810E+01
  0.5500E+02  0.1937E+01
  0.5600E+02  0.1958E+01
  0.5700E+02  0.2128E+01
  0.5800E+02  0.2012E+01
  0.5900E+02  0.1956E+01
  0.6000E+02  0.1843E+01
  0.6100E+02  0.2181E+01
  0.6200E+02  0.2111E+01
  0.6300E+02  0.2014E+01
  0.6400E+02  0.1952E+01
  0.6500E+02  0.2143E+01
  0.6600E+02  0.2447E+01
  0.6700E+02  0.2855E+01
  0.6800E+02  0.3147E+01
  0.6900E+02  0.3518E+01
  0.7000E+02  0.4091E+01
  0.7100E+02  0.4258E+01
  0.7200E+02  0.4943E+01
  0.7300E+02  0.5266E+01
  0.7400E+02  0.5629E+01
  0.7500E+02  0.5585E+01
  0.7600E+02  0.4993E+01
  0.7700E+02  0.5092E+01
  0.7800E+02  0.4857E+01
  0.7900E+02  0.4217E+01
  0.8000E+02  0.3981E+01
  0.8100E+02  0.3871E+01
  0.8200E+02  0.3690E+01
  0.8300E+02  0.3739E+01
  0.8400E+02  0.3850E+01
  0.8500E+02  0.3703E+01
  0.8600E+02  0.3474E+01
  0.8700E+02  0.3629E+01
  0.8800E+02  0.3618E+01
  0.8900E+02  0.3073E+01
  0.9000E+02  0.3068E+01
  0.9100E+02  0.2928E+01
  0.9200E+02  0.2782E+01
  0.9300E+02  0.2845E+01
  0.9400E+02  0.2586E+01
  0.9500E+02  0.2348E+01
  0.9600E+02  0.2437E+01
  0.9700E+02  0.2498E+01
  0.9800E+02  0.2412E+01
  0.9900E+02  0.2357E+01
  0.1000E+03  0.2639E+01
  0.1010E+03  0.2496E+01
  0.1020E+03  0.2584E+01
  0.1030E+03  0.2536E+01
  0.1040E+03  0.2411E+01
  0.1050E+03  0.2211E+01
  0.1060E+03  0.2480E+01
  0.1070E+03  0.2270E+01
  0.1080E+03  0.2393E+01
  0.1090E+03  0.2499E+01
  0.1100E+03  0.2461E+01
  0.1110E+03  0.2405E+01
  0.1120E+03  0.2485E+01
  0.1130E+03  0.2319E+01
  0.1140E+03  0.2492E+01
  0.1150E+03  0.2361E+01
  0.1160E+03  0.2453E+01
  0.1170E+03  0.2354E+01
  0.1180E+03  0.2520E+01
  0.1190E+03  0.2369E+01
  0.1200E+03  0.2256E+01
  0.1210E+03  0.2166E+01
  0.1220E+03  0.2413E+01
  0.1230E+03  0.2504E+01
  0.1240E+03  0.2394E+01
  0.1250E+03  0.2407E+01
  0.1260E+03  0.2699E+01
  0.1270E+03  0.2508E+01
  0.1280E+03  0.2627E+01
  0.1290E+03  0.2519E+01
  0.1300E+03  0.2617E+01
  0.1310E+03  0.2617E+01
  0.1320E+03  0.2696E+01
  0.1330E+03  0.2608E+01
  0.1340E+03  0.2670E+01
  0.1350E+03  0.2591E+01
  0.1360E+03  0.2671E+01
  0.1370E+03  0.2628E+01
  0.1380E+03  0.2573E+01
  0.1390E+03  0.2727E+01
  0.1400E+03  0.2824E+01
  0.1410E+03  0.2946E+01
  0.1420E+03  0.2994E+01
  0.1430E+03  0.3196E+01
  0.1440E+03  0.3290E+01
  0.1450E+03  0.3610E+01
  0.1460E+03  0.3825E+01
  0.1470E+03  0.3911E+01
  0.1480E+03  0.4414E+01
  0.1490E+03  0.4675E+01
  0.1500E+03  0.5027E+01
  0.1510E+03  0.5589E+01
  0.1520E+03  0.5964E+01
  0.1530E+03  0.6575E+01
  0.1540E+03  0.7060E+01
  0.1550E+03  0.7649E+01
  0.1560E+03  0.7897E+01
  0.1570E+03  0.8297E+01
  0.1580E+03  0.8569E+01
  0.1590E+03  0.8512E+01
  0.1600E+03  0.8557E+01
  0.1610E+03  0.8503E+01
  0.1620E+03  0.8091E+01
  0.1630E+03  0.7838E+01
  0.1640E+03  0.7298E+01
  0.1650E+03  0.7002E+01
  0.1660E+03  0.6393E+01
  0.1670E+03  0.6111E+01
  0.1680E+03  0.5625E+01
  0.1690E+03  0.5158E+01
  0.1700E+03  0.4853E+01
  0.1710E+03  0.4448E+01
  0.1720E+03  0.4378E+01
  0.1730E+03  0.4241E+01
  0.1740E+03  0.3884E+01
  0.1750E+03  0.4110E+01
  0.1760E+03  0.3938E+01
  0.1770E+03  0.3651E+01
  0.1780E+03  0.3577E+01
  0.1790E+03  0.3898E+01
  0.1800E+03  0.3801E+01
  0.1810E+03  0.3510E+01
  0.1820E+03  0.3597E+01
  0.1830E+03  0.3462E+01
  0.1840E+03  0.3554E+01
  0.1850E+03  0.3272E+01
  0.1860E+03  0.3084E+01
  0.1870E+03  0.3503E+01
  0.1880E+03  0.3437E+01
  0.1890E+03  0.3257E+01
  0.1900E+03  0.3159E+01
  0.1910E+03  0.2934E+01
  0.1920E+03  0.3240E+01
  0.1930E+03  0.3106E+01
  0.1940E+03  0.2951E+01
  0.1950E+03  0.2600E+01
  0.1960E+03  0.3076E+01
  0.1970E+03  0.2987E+01
  0.1980E+03  0.2900E+01
  0.1990E+03  0.3015E+01
  0.2000E+03  0.2758E+01
  0.2010E+03  0.2971E+01
  0.2020E+03  0.2580E+01
  0.2030E+03  0.2639E+01
  0.2040E+03  0.2616E+01
  0.2050E+03  0.2685E+01
  0.2060E+03  0.2495E+01
  0.2070E+03  0.2494E+01
  0.2080E+03  0.2488E+01
  0.2090E+03  0.2554E+01
  0.2100E+03  0.2337E+01
  0.2110E+03  0.2300E+01
  0.2120E+03  0.2382E+01
  0.2130E+03  0.2070E+01
  0.2140E+03  0.2309E+01
  0.2150E+03  0.2126E+01
  0.2160E+03  0.2112E+01
  0.2170E+03  0.2228E+01
  0.2180E+03  0.2145E+01
  0.2190E+03  0.2325E+01
  0.2200E+03  0.2217E+01
  0.2210E+03  0.2164E+01
  0.2220E+03  0.2256E+01
  0.2230E+03  0.2136E+01
  0.2240E+03  0.2110E+01
  0.2250E+03  0.1987E+01
  0.2260E+03  0.2106E+01
  0.2270E+03  0.1989E+01
  0.2280E+03  0.2032E+01
  0.2290E+03  0.1767E+01
  0.2300E+03  0.1850E+01
  0.2310E+03  0.1832E+01
  0.2320E+03  0.1833E+01
  0.2330E+03  0.1776E+01
  0.2340E+03  0.1992E+01
  0.2350E+03  0.1720E+01
  0.2360E+03  0.1738E+01
  0.2370E+03  0.1790E+01
  0.2380E+03  0.2035E+01
  0.2390E+03  0.1897E+01
  0.2400E+03  0.2023E+01
  0.2410E+03  0.1964E+01
  0.2420E+03  0.1815E+01
  0.2430E+03  0.1807E+01
  0.2440E+03  0.1761E+01
  0.2450E+03  0.1813E+01
  0.2460E+03  0.1630E+01
  0.2470E+03  0.1749E+01
  0.2480E+03  0.1766E+01
  0.2490E+03  0.1789E+01
  0.2500E+03  0.1819E+01
  0.2510E+03  0.1907E+01
  0.2520E+03  0.1835E+01
  0.2530E+03  0.1618E+01
  0.2540E+03  0.1580E+01
  0.2550E+03  0.1921E+01
  0.2560E+03  0.1662E+01
  0.2570E+03  0.1658E+01
  0.2580E+03  0.1698E+01
  0.2590E+03  0.1918E+01
  0.2600E+03  0.1751E+01
  0.2610E+03  0.1709E+01
  0.2620E+03  0.1716E+01
  0.2630E+03  0.1739E+01
  0.2640E+03  0.1755E+01
  0.2650E+03  0.1809E+01
  0.2660E+03  0.1587E+01
  0.2670E+03  0.1841E+01
  0.2680E+03  0.1599E+01
  0.2690E+03  0.1523E+01
  0.2700E+03  0.1611E+01
  0.2710E+03  0.1660E+01
  0.2720E+03  0.1771E+01
  0.2730E+03  0.1711E+01
  0.2740E+03  0.1691E+01
  0.2750E+03  0.1486E+01
  0.2760E+03  0.1607E+01
  0.2770E+03  0.1641E+01
  0.2780E+03  0.1715E+01
  0.2790E+03  0.1568E+01
  0.2800E+03  0.1512E+01
  0.2810E+03  0.1542E+01
  0.2820E+03  0.1575E+01
  0.2830E+03  0.1745E+01
  0.2840E+03  0.1760E+01
  0.2850E+03  0.1668E+01
  0.2860E+03  0.1684E+01
  0.2870E+03  0.1600E+01
  0.2880E+03  0.1735E+01
  0.2890E+03  0.1750E+01
  0.2900E+03  0.1585E+01
  0.2910E+03  0.1487E+01
  0.2920E+03  0.1493E+01
  0.2930E+03  0.1686E+01
  0.2940E+03  0.1552E+01
  0.2950E+03  0.1453E+01
  0.2960E+03  0.1590E+01
  0.2970E+03  0.1580E+01
  0.2980E+03  0.1473E+01
  0.2990E+03  0.1547E+01
  0.3000E+03  0.1427E+01
  0.3010E+03  0.1373E+01
  0.3020E+03  0.1456E+01
  0.3030E+03  0.1532E+01
  0.3040E+03  0.1319E+01
  0.3050E+03  0.1631E+01
  0.3060E+03  0.1633E+01
  0.3070E+03  0.1525E+01
  0.3080E+03  0.1379E+01
  0.3090E+03  0.1509E+01
  0.3100E+03  0.1502E+01
  0.3110E+03  0.1612E+01
  0.3120E+03  0.1546E+01
  0.3130E+03  0.1445E+01
  0.3140E+03  0.1599E+01
  0.3150E+03  0.1544E+01
  0.3160E+03  0.1456E+01
  0.3170E+03  0.1532E+01
  0.3180E+03  0.1557E+01
  0.3190E+03  0.1493E+01
  0.3200E+03  0.1423E+01
  0.3210E+03  0.1675E+01
  0.3220E+03  0.1454E+01
  0.3230E+03  0.1494E+01
  0.3240E+03  0.1626E+01
  0.3250E+03  0.1644E+01
  0.3260E+03  0.1684E+01
  0.3270E+03  0.1837E+01
  0.3280E+03  0.1683E+01
  0.3290E+03  0.1620E+01
  0.3300E+03  0.1616E+01
  0.3310E+03  0.1830E+01
  0.3320E+03  0.1618E+01
  0.3330E+03  0.1701E+01
  0.3340E+03  0.1948E+01
  0.3350E+03  0.1812E+01
  0.3360E+03  0.1811E+01
  0.3370E+03  0.1691E+01
  0.3380E+03  0.1837E+01
  0.3390E+03  0.1816E+01
  0.3400E+03  0.1840E+01
  0.3410E+03  0.1888E+01
  0.3420E+03  0.1860E+01
  0.3430E+03  0.1771E+01
  0.3440E+03  0.1687E+01
  0.3450E+03  0.1839E+01
  0.3460E+03  0.1769E+01
  0.3470E+03  0.1710E+01
  0.3480E+03  0.1679E+01
  0.3490E+03  0.1773E+01
  0.3500E+03  0.1514E+01
  0.3510E+03  0.1700E+01
  0.3520E+03  0.1561E+01
  0.3530E+03  0.1561E+01
  0.3540E+03  0.1452E+01
  0.3550E+03  0.1441E+01
  0.3560E+03  0.1490E+01
  0.3570E+03  0.1420E+01
  0.3580E+03  0.1614E+01
  0.3590E+03  0.1325E+01
  0.3600E+03  0.1457E+01
  0.3610E+03  0.1255E+01
  0.3620E+03  0.1491E+01
  0.3630E+03  0.1232E+01
  0.3640E+03  0.1102E+01
  0.3650E+03  0.1131E+01
  0.3660E+03  0.1183E+01
  0.3670E+03  0.1236E+01
  0.3680E+03  0.1168E+01
  0.3690E+03  0.1047E+01
  0.3700E+03  0.1275E+01
  0.3710E+03  0.1083E+01
  0.3720E+03  0.9262E+00
  0.3730E+03  0.8938E+00
  0.3740E+03  0.9588E+00
  0.3750E+03  0.9535E+00
  0.3760E+03  0.1023E+01
  0.3770E+03  0.9288E+00
  0.3780E+03  0.9176E+00
  0.3790E+03  0.7786E+00
  0.3800E+03  0.1019E+01
  0.3810E+03  0.9742E+00
  0.3820E+03  0.9563E+00
  0.3830E+03  0.9027E+00
  0.3840E+03  0.8076E+00
  0.3850E+03  0.9597E+00
  0.3860E+03  0.9372E+00
  0.3870E+03  0.6980E+00
  0.3880E+03  0.8966E+00
  0.3890E+03  0.6298E+00
  0.3900E+03  0.7897E+00
  0.3910E+03  0.7967E+00
  0.3920E+03  0.8110E+00
  0.3930E+03  0.7914E+00
  0.3940E+03  0.7581E+00
  0.3950E+03  0.8826E+00
  0.3960E+03  0.8133E+00
  0.3970E+03  0.7892E+00
  0.3980E+03  0.8495E+00
  0.3990E+03  0.9560E+00
  0.4000E+03  0.7070E+00
  0.4010E+03  0.8596E+00
  0.4020E+03  0.7615E+00
  0.4030E+03  0.7642E+00
  0.4040E+03  0.8460E+00
  0.4050E+03  0.8622E+00
  0.4060E+03  0.9294E+00
  0.4070E+03  0.8684E+00
  0.4080E+03  0.9905E+00
  0.4090E+03  0.8728E+00
  0.4100E+03  0.8537E+00
  0.4110E+03  0.8533E+00
  0.4120E+03  0.8599E+00
  0.4130E+03  0.1068E+01
  0.4140E+03  0.1013E+01
  0.4150E+03  0.1068E+01
  0.4160E+03  0.1093E+01
  0.4170E+03  0.1060E+01
  0.4180E+03  0.1067E+01
  0.4190E+03  0.1238E+01
  0.4200E+03  0.1111E+01
  0.4210E+03  0.1326E+01
  0.4220E+03  0.1336E+01
  0.4230E+03  0.1142E+01
  0.4240E+03  0.1206E+01
  0.4250E+03  0.1175E+01
  0.4260E+03  0.1348E+01
  0.4270E+03  0.1518E+01
  0.4280E+03  0.1395E+01
  0.4290E+03  0.1545E+01
  0.4300E+03  0.1570E+01
  0.4310E+03  0.1625E+01
  0.4320E+03  0.1471E+01
  0.4330E+03  0.1557E+01
  0.4340E+03  0.1723E+01
  0.4350E+03  0.1620E+01
  0.4360E+03  0.1710E+01
  0.4370E+03  0.1633E+01
  0.4380E+03  0.1625E+01
  0.4390E+03  0.1749E+01
  0.4400E+03  0.1668E+01
  0.4410E+03  0.1664E+01
  0.4420E+03  0.1492E+01
  0.4430E+03  0.1543E+01
  0.4440E+03  0.1482E+01
  0.4450E+03  0.1706E+01
  0.4460E+03  0.1414E+01
  0.4470E+03  0.1501E+01
  0.4480E+03  0.1545E+01
  0.4490E+03  0.1410E+01
  0.4500E+03  0.1400E+01
  0.4510E+03  0.1354E+01
  0.4520E+03  0.1548E+01
  0.4530E+03  0.1355E+01
  0.4540E+03  0.1213E+01
  0.4550E+03  0.1239E+01
  0.4560E+03  0.1212E+01
  0.4570E+03  0.1035E+01
  0.4580E+03  0.1147E+01
  0.4590E+03  0.1246E+01
  0.4600E+03  0.1010E+01
  0.4610E+03  0.1040E+01
  0.4620E+03  0.9784E+00
  0.4630E+03  0.8957E+00
  0.4640E+03  0.1036E+01
  0.4650E+03  0.9898E+00
  0.4660E+03  0.9237E+00
  0.4670E+03  0.8123E+00
  0.4680E+03  0.9040E+00
  0.4690E+03  0.7951E+00
  0.4700E+03  0.8716E+00
  0.4710E+03  0.8191E+00
  0.4720E+03  0.8412E+00
  0.4730E+03  0.9018E+00
  0.4740E+03  0.7675E+00
  0.4750E+03  0.7916E+00
  0.4760E+03  0.7997E+00
  0.4770E+03  0.7419E+00
  0.4780E+03  0.8019E+00
  0.4790E+03  0.8280E+00
  0.4800E+03  0.8759E+00
  0.4810E+03  0.8380E+00
  0.4820E+03  0.9255E+00
  0.4830E+03  0.9461E+00
  0.4840E+03  0.9318E+00
  0.4850E+03  0.1016E+01
  0.4860E+03  0.1076E+01
  0.4870E+03  0.1049E+01
  0.4880E+03  0.1198E+01
  0.4890E+03  0.1050E+01
  0.4900E+03  0.1315E+01
  0.4910E+03  0.1178E+01
  0.4920E+03  0.1481E+01
  0.4930E+03  0.1423E+01
  0.4940E+03  0.1460E+01
  0.4950E+03  0.1438E+01
  0.4960E+03  0.1647E+01
  0.4970E+03  0.1495E+01
  0.4980E+03  0.1720E+01
  0.4990E+03  0.1890E+01
  0.5000E+03  0.2009E+01
  0.5010E+03  0.2261E+01
  0.5020E+03  0.2218E+01
  0.5030E+03  0.2167E+01
  0.5040E+03  0.2384E+01
  0.5050E+03  0.2306E+01
  0.5060E+03  0.2419E+01
  0.5070E+03  0.2625E+01
  0.5080E+03  0.2991E+01
  0.5090E+03  0.2938E+01
  0.5100E+03  0.2810E+01
  0.5110E+03  0.0000E+00
  0.5120E+03  0.0000E+00
