  0.1000E+01  0.3003E-01
  0.2000E+01  0.1058E+00
  0.3000E+01  0.6934E-01
  0.4000E+01  0.2360E-01
  0.5000E+01  0.1886E-01
  0.6000E+01  0.1439E-01
  0.7000E+01  0.1575E-01
  0.8000E+01  0.1480E-01
  0.9000E+01  0.1428E-01
  0.1000E+02  0.1046E-01
  0.1100E+02  0.1178E-01
  0.1200E+02  0.1247E-01
  0.1300E+02  0.9931E-02
  0.1400E+02  0.7763E-02
  0.1500E+02  0.3817E-02
  0.1600E+02  0.6607E-02
  0.1700E+02  0.6732E-02
  0.1800E+02  0.2936E-02
  0.1900E+02  0.7732E-02
  0.2000E+02  0.2109E-01
  0.2100E+02  0.9321E-01
  0.2200E+02  0.3731E+00
  0.2300E+02  0.1182E+01
  0.2400E+02  0.2881E+01
  0.2500E+02  0.5524E+01
  0.2600E+02  0.8731E+01
  0.2700E+02  0.1096E+02
  0.2800E+02  0.1110E+02
  0.2900E+02  0.9429E+01
  0.3000E+02  0.6933E+01
  0.3100E+02  0.4795E+01
  0.3200E+02  0.3188E+01
  0.3300E+02  0.2071E+01
  0.3400E+02  0.1215E+01
  0.3500E+02  0.6385E+00
  0.3600E+02  0.2711E+00
  0.3700E+02  0.9801E-01
  0.3800E+02  0.3663E-01
  0.3900E+02  0.2159E-01
  0.4000E+02  0.1743E-01
  0.4100E+02  0.2645E-01
  0.4200E+02  0.3018E-01
  0.4300E+02  0.3699E-01
  0.4400E+02  0.4029E-01
  0.4500E+02  0.5535E-01
  0.4600E+02  0.3942E-01
  0.4700E+02  0.5185E-01
  0.4800E+02  0.5428E-01
  0.4900E+02  0.6381E-01
  0.5000E+02  0.6432E-01
  0.5100E+02  0.7037E-01
  0.5200E+02  0.6667E-01
  0.5300E+02  0.7736E-01
  0.5400E+02  0.8854E-01
  0.5500E+02  0.8881E-01
  0.5600E+02  0.7948E-01
  0.5700E+02  0.8675E-01
  0.5800E+02  0.8165E-01
  0.5900E+02  0.8166E-01
  0.6000E+02  0.7072E-01
  0.6100E+02  0.5568E-01
  0.6200E+02  0.4754E-01
  0.6300E+02  0.3631E-01
  0.6400E+02  0.3439E-01
  0.6500E+02  0.3920E-01
  0.6600E+02  0.3800E-01
  0.6700E+02  0.3230E-01
  0.6800E+02  0.7660E-01
  0.6900E+02  0.5899E-01
  0.7000E+02  0.9746E-01
  0.7100E+02  0.1214E+00
  0.7200E+02  0.1503E+00
  0.7300E+02  0.1710E+00
  0.7400E+02  0.1353E+00
  0.7500E+02  0.1565E+00
  0.7600E+02  0.1531E+00
  0.7700E+02  0.1208E+00
  0.7800E+02  0.1044E+00
  0.7900E+02  0.9700E-01
  0.8000E+02  0.8469E-01
  0.8100E+02  0.6251E-01
  0.8200E+02  0.8308E-01
  0.8300E+02  0.8591E-01
  0.8400E+02  0.4639E-01
  0.8500E+02  0.5943E-01
  0.8600E+02  0.3624E-01
  0.8700E+02  0.4535E-01
  0.8800E+02  0.3594E-01
  0.8900E+02  0.2598E-01
  0.9000E+02  0.2015E-01
  0.9100E+02  0.2763E-01
  0.9200E+02  0.1191E-01
  0.9300E+02  0.1669E-01
  0.9400E+02  0.8634E-02
  0.9500E+02  0.6266E-02
  0.9600E+02  0.7575E-02
  0.9700E+02  0.4723E-02
  0.9800E+02  0.4906E-02
  0.9900E+02  0.4410E-02
  0.1000E+03  0.5580E-02
  0.1010E+03  0.4167E-02
  0.1020E+03  0.3741E-02
  0.1030E+03  0.3706E-02
  0.1040E+03  0.6232E-02
  0.1050E+03  0.4653E-02
  0.1060E+03  0.2703E-02
  0.1070E+03  0.5154E-02
  0.1080E+03  0.3260E-02
  0.1090E+03  0.4256E-02
  0.1100E+03  0.5168E-02
  0.1110E+03  0.5041E-02
  0.1120E+03  0.7590E-02
  0.1130E+03  0.7435E-02
  0.1140E+03  0.9714E-02
  0.1150E+03  0.1462E-01
  0.1160E+03  0.1665E-01
  0.1170E+03  0.2154E-01
  0.1180E+03  0.1886E-01
  0.1190E+03  0.2523E-01
  0.1200E+03  0.3290E-01
  0.1210E+03  0.4301E-01
  0.1220E+03  0.4636E-01
  0.1230E+03  0.5484E-01
  0.1240E+03  0.6842E-01
  0.1250E+03  0.7724E-01
  0.1260E+03  0.8265E-01
  0.1270E+03  0.9041E-01
  0.1280E+03  0.9864E-01
  0.1290E+03  0.9938E-01
  0.1300E+03  0.1108E+00
  0.1310E+03  0.1053E+00
  0.1320E+03  0.9607E-01
  0.1330E+03  0.9427E-01
  0.1340E+03  0.9566E-01
  0.1350E+03  0.8779E-01
  0.1360E+03  0.9542E-01
  0.1370E+03  0.1030E+00
  0.1380E+03  0.1196E+00
  0.1390E+03  0.1283E+00
  0.1400E+03  0.1471E+00
  0.1410E+03  0.2003E+00
  0.1420E+03  0.2431E+00
  0.1430E+03  0.3192E+00
  0.1440E+03  0.4455E+00
  0.1450E+03  0.5738E+00
  0.1460E+03  0.7520E+00
  0.1470E+03  0.9278E+00
  0.1480E+03  0.1220E+01
  0.1490E+03  0.1469E+01
  0.1500E+03  0.1797E+01
  0.1510E+03  0.2148E+01
  0.1520E+03  0.2528E+01
  0.1530E+03  0.2905E+01
  0.1540E+03  0.3178E+01
  0.1550E+03  0.3514E+01
  0.1560E+03  0.3831E+01
  0.1570E+03  0.4002E+01
  0.1580E+03  0.4177E+01
  0.1590E+03  0.4157E+01
  0.1600E+03  0.4148E+01
  0.1610E+03  0.4016E+01
  0.1620E+03  0.3823E+01
  0.1630E+03  0.3478E+01
  0.1640E+03  0.3221E+01
  0.1650E+03  0.2839E+01
  0.1660E+03  0.2474E+01
  0.1670E+03  0.2118E+01
  0.1680E+03  0.1735E+01
  0.1690E+03  0.1438E+01
  0.1700E+03  0.1131E+01
  0.1710E+03  0.8720E+00
  0.1720E+03  0.7005E+00
  0.1730E+03  0.5054E+00
  0.1740E+03  0.3727E+00
  0.1750E+03  0.2775E+00
  0.1760E+03  0.1883E+00
  0.1770E+03  0.1326E+00
  0.1780E+03  0.8735E-01
  0.1790E+03  0.5617E-01
  0.1800E+03  0.4342E-01
  0.1810E+03  0.2587E-01
  0.1820E+03  0.1861E-01
  0.1830E+03  0.8565E-02
  0.1840E+03  0.7043E-02
  0.1850E+03  0.4310E-02
  0.1860E+03  0.3095E-02
  0.1870E+03  0.3898E-02
  0.1880E+03  0.1668E-02
  0.1890E+03  0.1640E-02
  0.1900E+03  0.5740E-03
  0.1910E+03  0.9675E-03
  0.1920E+03  0.8367E-03
  0.1930E+03  0.1174E-02
  0.1940E+03  0.1840E-02
  0.1950E+03  0.5806E-03
  0.1960E+03  0.2282E-02
  0.1970E+03  0.6314E-03
  0.1980E+03  0.4824E-03
  0.1990E+03  0.6007E-03
  0.2000E+03  0.1097E-02
  0.2010E+03  0.7348E-03
  0.2020E+03  0.3825E-03
  0.2030E+03  0.4570E-03
  0.2040E+03  0.9148E-03
  0.2050E+03  0.1093E-02
  0.2060E+03  0.7129E-03
  0.2070E+03  0.7950E-03
  0.2080E+03  0.9447E-03
  0.2090E+03  0.6316E-03
  0.2100E+03  0.4140E-03
  0.2110E+03  0.6484E-03
  0.2120E+03  0.4740E-03
  0.2130E+03  0.2455E-04
  0.2140E+03  0.1704E-03
  0.2150E+03  0.2607E-03
  0.2160E+03  0.5531E-03
  0.2170E+03  0.7062E-03
  0.2180E+03  0.2976E-03
  0.2190E+03  0.6806E-03
  0.2200E+03  0.9599E-04
  0.2210E+03  0.0000E+00
  0.2220E+03  0.1476E-04
  0.2230E+03  0.6301E-03
  0.2240E+03  0.5534E-03
  0.2250E+03  0.6410E-03
  0.2260E+03  0.3001E-03
  0.2270E+03  0.1807E-03
  0.2280E+03  0.1497E-03
  0.2290E+03  0.1258E-03
  0.2300E+03  0.3615E-03
  0.2310E+03  0.1405E-02
  0.2320E+03  0.1974E-03
  0.2330E+03  0.1896E-02
  0.2340E+03  0.9604E-04
  0.2350E+03  0.2728E-03
  0.2360E+03  0.9189E-03
  0.2370E+03  0.1394E-02
  0.2380E+03  0.6303E-03
  0.2390E+03  0.9089E-03
  0.2400E+03  0.1280E-02
  0.2410E+03  0.2990E-02
  0.2420E+03  0.2330E-02
  0.2430E+03  0.1123E-02
  0.2440E+03  0.1629E-02
  0.2450E+03  0.2047E-02
  0.2460E+03  0.1325E-02
  0.2470E+03  0.2996E-02
  0.2480E+03  0.2124E-02
  0.2490E+03  0.6069E-03
  0.2500E+03  0.1503E-02
  0.2510E+03  0.7749E-03
  0.2520E+03  0.1117E-02
  0.2530E+03  0.1834E-02
  0.2540E+03  0.9516E-03
  0.2550E+03  0.1553E-02
  0.2560E+03  0.1160E-02
  0.2570E+03  0.1578E-02
  0.2580E+03  0.1764E-02
  0.2590E+03  0.1865E-02
  0.2600E+03  0.4395E-03
  0.2610E+03  0.8181E-03
  0.2620E+03  0.9720E-03
  0.2630E+03  0.1061E-02
  0.2640E+03  0.1245E-02
  0.2650E+03  0.6330E-03
  0.2660E+03  0.1516E-02
  0.2670E+03  0.1027E-02
  0.2680E+03  0.5497E-03
  0.2690E+03  0.2077E-02
  0.2700E+03  0.1417E-02
  0.2710E+03  0.2145E-02
  0.2720E+03  0.2557E-02
  0.2730E+03  0.1543E-02
  0.2740E+03  0.1561E-02
  0.2750E+03  0.1994E-02
  0.2760E+03  0.2290E-02
  0.2770E+03  0.1069E-02
  0.2780E+03  0.2688E-02
  0.2790E+03  0.1116E-02
  0.2800E+03  0.2131E-02
  0.2810E+03  0.1964E-02
  0.2820E+03  0.9783E-03
  0.2830E+03  0.1116E-02
  0.2840E+03  0.2937E-02
  0.2850E+03  0.1084E-02
  0.2860E+03  0.1109E-02
  0.2870E+03  0.1946E-02
  0.2880E+03  0.1661E-02
  0.2890E+03  0.1120E-02
  0.2900E+03  0.1972E-02
  0.2910E+03  0.8662E-03
  0.2920E+03  0.1989E-02
  0.2930E+03  0.5581E-03
  0.2940E+03  0.1411E-02
  0.2950E+03  0.1815E-02
  0.2960E+03  0.1363E-02
  0.2970E+03  0.5294E-03
  0.2980E+03  0.1857E-02
  0.2990E+03  0.1968E-02
  0.3000E+03  0.8861E-03
  0.3010E+03  0.1389E-02
  0.3020E+03  0.8524E-03
  0.3030E+03  0.8380E-03
  0.3040E+03  0.8916E-03
  0.3050E+03  0.6211E-03
  0.3060E+03  0.5051E-03
  0.3070E+03  0.1594E-02
  0.3080E+03  0.1665E-02
  0.3090E+03  0.1804E-02
  0.3100E+03  0.2044E-02
  0.3110E+03  0.1696E-02
  0.3120E+03  0.1117E-02
  0.3130E+03  0.5061E-03
  0.3140E+03  0.6317E-03
  0.3150E+03  0.1099E-02
  0.3160E+03  0.2795E-02
  0.3170E+03  0.2473E-02
  0.3180E+03  0.2184E-02
  0.3190E+03  0.3061E-03
  0.3200E+03  0.9504E-03
  0.3210E+03  0.1314E-02
  0.3220E+03  0.1090E-02
  0.3230E+03  0.1245E-02
  0.3240E+03  0.2253E-02
  0.3250E+03  0.1507E-02
  0.3260E+03  0.1717E-02
  0.3270E+03  0.2935E-02
  0.3280E+03  0.1670E-02
  0.3290E+03  0.1645E-02
  0.3300E+03  0.1881E-02
  0.3310E+03  0.1274E-02
  0.3320E+03  0.2722E-02
  0.3330E+03  0.1682E-02
  0.3340E+03  0.1574E-02
  0.3350E+03  0.2378E-02
  0.3360E+03  0.2912E-02
  0.3370E+03  0.2253E-02
  0.3380E+03  0.1608E-02
  0.3390E+03  0.2778E-02
  0.3400E+03  0.2828E-02
  0.3410E+03  0.1805E-02
  0.3420E+03  0.1786E-02
  0.3430E+03  0.7843E-03
  0.3440E+03  0.2248E-02
  0.3450E+03  0.2234E-02
  0.3460E+03  0.2407E-02
  0.3470E+03  0.1616E-02
  0.3480E+03  0.1524E-02
  0.3490E+03  0.8911E-03
  0.3500E+03  0.1849E-02
  0.3510E+03  0.1318E-02
  0.3520E+03  0.3381E-03
  0.3530E+03  0.1948E-02
  0.3540E+03  0.2116E-02
  0.3550E+03  0.1995E-02
  0.3560E+03  0.1709E-02
  0.3570E+03  0.1748E-02
  0.3580E+03  0.1961E-02
  0.3590E+03  0.9814E-03
  0.3600E+03  0.2229E-02
  0.3610E+03  0.1128E-02
  0.3620E+03  0.1155E-02
  0.3630E+03  0.1172E-02
  0.3640E+03  0.2984E-03
  0.3650E+03  0.1055E-02
  0.3660E+03  0.7410E-03
  0.3670E+03  0.1177E-02
  0.3680E+03  0.6272E-03
  0.3690E+03  0.1573E-02
  0.3700E+03  0.9979E-03
  0.3710E+03  0.1064E-02
  0.3720E+03  0.4180E-03
  0.3730E+03  0.1255E-03
  0.3740E+03  0.1682E-03
  0.3750E+03  0.3066E-03
  0.3760E+03  0.1390E-03
  0.3770E+03  0.3458E-03
  0.3780E+03  0.3565E-03
  0.3790E+03  0.4519E-03
  0.3800E+03  0.1425E-03
  0.3810E+03  0.1207E-03
  0.3820E+03  0.0000E+00
  0.3830E+03  0.0000E+00
  0.3840E+03  0.2312E-03
  0.3850E+03  0.2801E-03
  0.3860E+03  0.0000E+00
  0.3870E+03  0.6230E-03
  0.3880E+03  0.0000E+00
  0.3890E+03  0.0000E+00
  0.3900E+03  0.3617E-03
  0.3910E+03  0.0000E+00
  0.3920E+03  0.1664E-03
  0.3930E+03  0.2737E-03
  0.3940E+03  0.5804E-03
  0.3950E+03  0.3142E-03
  0.3960E+03  0.5450E-03
  0.3970E+03  0.1111E-02
  0.3980E+03  0.1918E-03
  0.3990E+03  0.5474E-03
  0.4000E+03  0.1918E-03
  0.4010E+03  0.1898E-03
  0.4020E+03  0.4477E-03
  0.4030E+03  0.3383E-03
  0.4040E+03  0.2321E-03
  0.4050E+03  0.4051E-03
  0.4060E+03  0.1406E-03
  0.4070E+03  0.6538E-03
  0.4080E+03  0.3188E-04
  0.4090E+03  0.3840E-03
  0.4100E+03  0.7398E-03
  0.4110E+03  0.5983E-03
  0.4120E+03  0.9345E-03
  0.4130E+03  0.3354E-03
  0.4140E+03  0.2767E-03
  0.4150E+03  0.1066E-02
  0.4160E+03  0.6417E-03
  0.4170E+03  0.1523E-02
  0.4180E+03  0.8509E-03
  0.4190E+03  0.9450E-03
  0.4200E+03  0.1056E-02
  0.4210E+03  0.5045E-03
  0.4220E+03  0.6978E-03
  0.4230E+03  0.1948E-02
  0.4240E+03  0.1034E-02
  0.4250E+03  0.1415E-02
  0.4260E+03  0.2395E-02
  0.4270E+03  0.2116E-02
  0.4280E+03  0.2612E-02
  0.4290E+03  0.7695E-03
  0.4300E+03  0.2135E-02
  0.4310E+03  0.2878E-02
  0.4320E+03  0.2263E-02
  0.4330E+03  0.1765E-02
  0.4340E+03  0.1100E-02
  0.4350E+03  0.1809E-02
  0.4360E+03  0.2713E-02
  0.4370E+03  0.1379E-02
  0.4380E+03  0.1725E-02
  0.4390E+03  0.3119E-02
  0.4400E+03  0.2323E-02
  0.4410E+03  0.3812E-02
  0.4420E+03  0.2708E-02
  0.4430E+03  0.3316E-02
  0.4440E+03  0.1366E-02
  0.4450E+03  0.1891E-02
  0.4460E+03  0.2301E-02
  0.4470E+03  0.2703E-02
  0.4480E+03  0.1129E-02
  0.4490E+03  0.1636E-02
  0.4500E+03  0.1591E-02
  0.4510E+03  0.2139E-02
  0.4520E+03  0.1416E-02
  0.4530E+03  0.7535E-03
  0.4540E+03  0.1714E-02
  0.4550E+03  0.8889E-03
  0.4560E+03  0.1384E-02
  0.4570E+03  0.1205E-02
  0.4580E+03  0.2324E-02
  0.4590E+03  0.8796E-03
  0.4600E+03  0.1769E-03
  0.4610E+03  0.8123E-03
  0.4620E+03  0.1179E-02
  0.4630E+03  0.2979E-03
  0.4640E+03  0.5461E-03
  0.4650E+03  0.8028E-03
  0.4660E+03  0.1716E-03
  0.4670E+03  0.6133E-03
  0.4680E+03  0.1272E-02
  0.4690E+03  0.1147E-02
  0.4700E+03  0.2757E-03
  0.4710E+03  0.8778E-03
  0.4720E+03  0.0000E+00
  0.4730E+03  0.1899E-03
  0.4740E+03  0.7673E-03
  0.4750E+03  0.7282E-03
  0.4760E+03  0.6241E-03
  0.4770E+03  0.7840E-03
  0.4780E+03  0.1138E-02
  0.4790E+03  0.4845E-03
  0.4800E+03  0.3456E-03
  0.4810E+03  0.1100E-03
  0.4820E+03  0.8763E-03
  0.4830E+03  0.7452E-03
  0.4840E+03  0.1973E-02
  0.4850E+03  0.6480E-03
  0.4860E+03  0.2122E-03
  0.4870E+03  0.1112E-02
  0.4880E+03  0.6301E-03
  0.4890E+03  0.9382E-03
  0.4900E+03  0.1321E-02
  0.4910E+03  0.2513E-02
  0.4920E+03  0.1277E-02
  0.4930E+03  0.1548E-02
  0.4940E+03  0.1374E-02
  0.4950E+03  0.1111E-02
  0.4960E+03  0.1007E-02
  0.4970E+03  0.1513E-02
  0.4980E+03  0.1004E-02
  0.4990E+03  0.2415E-02
  0.5000E+03  0.1529E-02
  0.5010E+03  0.3315E-02
  0.5020E+03  0.2318E-02
  0.5030E+03  0.3147E-02
  0.5040E+03  0.3659E-02
  0.5050E+03  0.2913E-02
  0.5060E+03  0.2318E-02
  0.5070E+03  0.3420E-02
  0.5080E+03  0.3494E-02
  0.5090E+03  0.1966E-02
  0.5100E+03  0.3723E-02
  0.5110E+03  0.0000E+00
  0.5120E+03  0.0000E+00
