  0.1000E+01  0.3180E+00
  0.2000E+01  0.3086E+00
  0.3000E+01  0.2782E+00
  0.4000E+01  0.3145E+00
  0.5000E+01  0.3601E+00
  0.6000E+01  0.4052E+00
  0.7000E+01  0.3924E+00
  0.8000E+01  0.3613E+00
  0.9000E+01  0.3088E+00
  0.1000E+02  0.2997E+00
  0.1100E+02  0.3295E+00
  0.1200E+02  0.3144E+00
  0.1300E+02  0.3789E+00
  0.1400E+02  0.3977E+00
  0.1500E+02  0.3036E+00
  0.1600E+02  0.3255E+00
  0.1700E+02  0.3410E+00
  0.1800E+02  0.4051E+00
  0.1900E+02  0.3148E+00
  0.2000E+02  0.2788E+00
  0.2100E+02  0.3548E+00
  0.2200E+02  0.3510E+00
  0.2300E+02  0.3321E+00
  0.2400E+02  0.4082E+00
  0.2500E+02  0.3138E+00
  0.2600E+02  0.3971E+00
  0.2700E+02  0.4271E+00
  0.2800E+02  0.4014E+00
  0.2900E+02  0.4474E+00
  0.3000E+02  0.3770E+00
  0.3100E+02  0.3587E+00
  0.3200E+02  0.3613E+00
  0.3300E+02  0.3515E+00
  0.3400E+02  0.3021E+00
  0.3500E+02  0.3799E+00
  0.3600E+02  0.3604E+00
  0.3700E+02  0.3322E+00
  0.3800E+02  0.2887E+00
  0.3900E+02  0.3635E+00
  0.4000E+02  0.3526E+00
  0.4100E+02  0.3011E+00
  0.4200E+02  0.2814E+00
  0.4300E+02  0.3191E+00
  0.4400E+02  0.3086E+00
  0.4500E+02  0.3200E+00
  0.4600E+02  0.2638E+00
  0.4700E+02  0.3336E+00
  0.4800E+02  0.3339E+00
  0.4900E+02  0.2919E+00
  0.5000E+02  0.2837E+00
  0.5100E+02  0.2997E+00
  0.5200E+02  0.3593E+00
  0.5300E+02  0.3430E+00
  0.5400E+02  0.2603E+00
  0.5500E+02  0.3067E+00
  0.5600E+02  0.3326E+00
  0.5700E+02  0.2529E+00
  0.5800E+02  0.2872E+00
  0.5900E+02  0.3324E+00
  0.6000E+02  0.3043E+00
  0.6100E+02  0.3003E+00
  0.6200E+02  0.2480E+00
  0.6300E+02  0.2687E+00
  0.6400E+02  0.2743E+00
  0.6500E+02  0.3271E+00
  0.6600E+02  0.3203E+00
  0.6700E+02  0.2739E+00
  0.6800E+02  0.2583E+00
  0.6900E+02  0.2991E+00
  0.7000E+02  0.2743E+00
  0.7100E+02  0.3019E+00
  0.7200E+02  0.2830E+00
  0.7300E+02  0.3183E+00
  0.7400E+02  0.2566E+00
  0.7500E+02  0.2734E+00
  0.7600E+02  0.2052E+00
  0.7700E+02  0.3284E+00
  0.7800E+02  0.3328E+00
  0.7900E+02  0.2711E+00
  0.8000E+02  0.2532E+00
  0.8100E+02  0.2465E+00
  0.8200E+02  0.2320E+00
  0.8300E+02  0.2859E+00
  0.8400E+02  0.2767E+00
  0.8500E+02  0.2929E+00
  0.8600E+02  0.2050E+00
  0.8700E+02  0.2562E+00
  0.8800E+02  0.2422E+00
  0.8900E+02  0.1930E+00
  0.9000E+02  0.1693E+00
  0.9100E+02  0.2247E+00
  0.9200E+02  0.3011E+00
  0.9300E+02  0.2329E+00
  0.9400E+02  0.2142E+00
  0.9500E+02  0.2389E+00
  0.9600E+02  0.1826E+00
  0.9700E+02  0.2458E+00
  0.9800E+02  0.2641E+00
  0.9900E+02  0.2603E+00
  0.1000E+03  0.2286E+00
  0.1010E+03  0.3160E+00
  0.1020E+03  0.2793E+00
  0.1030E+03  0.2322E+00
  0.1040E+03  0.2381E+00
  0.1050E+03  0.2660E+00
  0.1060E+03  0.2367E+00
  0.1070E+03  0.2015E+00
  0.1080E+03  0.1696E+00
  0.1090E+03  0.2128E+00
  0.1100E+03  0.2369E+00
  0.1110E+03  0.3123E+00
  0.1120E+03  0.1942E+00
  0.1130E+03  0.2236E+00
  0.1140E+03  0.2201E+00
  0.1150E+03  0.1972E+00
  0.1160E+03  0.2672E+00
  0.1170E+03  0.1985E+00
  0.1180E+03  0.2895E+00
  0.1190E+03  0.2401E+00
  0.1200E+03  0.2005E+00
  0.1210E+03  0.2314E+00
  0.1220E+03  0.2366E+00
  0.1230E+03  0.2075E+00
  0.1240E+03  0.3063E+00
  0.1250E+03  0.2723E+00
  0.1260E+03  0.2418E+00
  0.1270E+03  0.2458E+00
  0.1280E+03  0.2968E+00
  0.1290E+03  0.2145E+00
  0.1300E+03  0.2647E+00
  0.1310E+03  0.2301E+00
  0.1320E+03  0.2517E+00
  0.1330E+03  0.3023E+00
  0.1340E+03  0.2437E+00
  0.1350E+03  0.2465E+00
  0.1360E+03  0.3164E+00
  0.1370E+03  0.2411E+00
  0.1380E+03  0.2306E+00
  0.1390E+03  0.2884E+00
  0.1400E+03  0.2670E+00
  0.1410E+03  0.2487E+00
  0.1420E+03  0.2795E+00
  0.1430E+03  0.3161E+00
  0.1440E+03  0.4223E+00
  0.1450E+03  0.4270E+00
  0.1460E+03  0.4422E+00
  0.1470E+03  0.5009E+00
  0.1480E+03  0.5725E+00
  0.1490E+03  0.6631E+00
  0.1500E+03  0.7632E+00
  0.1510E+03  0.7501E+00
  0.1520E+03  0.8365E+00
  0.1530E+03  0.9668E+00
  0.1540E+03  0.1032E+01
  0.1550E+03  0.1221E+01
  0.1560E+03  0.1153E+01
  0.1570E+03  0.1450E+01
  0.1580E+03  0.1326E+01
  0.1590E+03  0.1310E+01
  0.1600E+03  0.1353E+01
  0.1610E+03  0.1224E+01
  0.1620E+03  0.1278E+01
  0.1630E+03  0.1176E+01
  0.1640E+03  0.1029E+01
  0.1650E+03  0.9960E+00
  0.1660E+03  0.9161E+00
  0.1670E+03  0.9075E+00
  0.1680E+03  0.6852E+00
  0.1690E+03  0.5319E+00
  0.1700E+03  0.6404E+00
  0.1710E+03  0.4430E+00
  0.1720E+03  0.4821E+00
  0.1730E+03  0.3871E+00
  0.1740E+03  0.3256E+00
  0.1750E+03  0.3824E+00
  0.1760E+03  0.3159E+00
  0.1770E+03  0.2535E+00
  0.1780E+03  0.2329E+00
  0.1790E+03  0.2443E+00
  0.1800E+03  0.3185E+00
  0.1810E+03  0.3184E+00
  0.1820E+03  0.2272E+00
  0.1830E+03  0.3013E+00
  0.1840E+03  0.2555E+00
  0.1850E+03  0.2024E+00
  0.1860E+03  0.2606E+00
  0.1870E+03  0.1768E+00
  0.1880E+03  0.3000E+00
  0.1890E+03  0.3147E+00
  0.1900E+03  0.2692E+00
  0.1910E+03  0.2566E+00
  0.1920E+03  0.2667E+00
  0.1930E+03  0.2876E+00
  0.1940E+03  0.2283E+00
  0.1950E+03  0.2258E+00
  0.1960E+03  0.3026E+00
  0.1970E+03  0.3162E+00
  0.1980E+03  0.3101E+00
  0.1990E+03  0.3164E+00
  0.2000E+03  0.3744E+00
  0.2010E+03  0.3359E+00
  0.2020E+03  0.2184E+00
  0.2030E+03  0.2927E+00
  0.2040E+03  0.3878E+00
  0.2050E+03  0.2585E+00
  0.2060E+03  0.2145E+00
  0.2070E+03  0.2510E+00
  0.2080E+03  0.2863E+00
  0.2090E+03  0.2896E+00
  0.2100E+03  0.2768E+00
  0.2110E+03  0.3511E+00
  0.2120E+03  0.2829E+00
  0.2130E+03  0.2242E+00
  0.2140E+03  0.2827E+00
  0.2150E+03  0.2666E+00
  0.2160E+03  0.3154E+00
  0.2170E+03  0.3549E+00
  0.2180E+03  0.2669E+00
  0.2190E+03  0.3172E+00
  0.2200E+03  0.3239E+00
  0.2210E+03  0.2588E+00
  0.2220E+03  0.3287E+00
  0.2230E+03  0.3232E+00
  0.2240E+03  0.3848E+00
  0.2250E+03  0.2946E+00
  0.2260E+03  0.4429E+00
  0.2270E+03  0.3639E+00
  0.2280E+03  0.4345E+00
  0.2290E+03  0.3335E+00
  0.2300E+03  0.4034E+00
  0.2310E+03  0.3158E+00
  0.2320E+03  0.2855E+00
  0.2330E+03  0.3316E+00
  0.2340E+03  0.3714E+00
  0.2350E+03  0.2399E+00
  0.2360E+03  0.3786E+00
  0.2370E+03  0.3572E+00
  0.2380E+03  0.4174E+00
  0.2390E+03  0.4425E+00
  0.2400E+03  0.4561E+00
  0.2410E+03  0.3454E+00
  0.2420E+03  0.4770E+00
  0.2430E+03  0.4662E+00
  0.2440E+03  0.4621E+00
  0.2450E+03  0.4647E+00
  0.2460E+03  0.3815E+00
  0.2470E+03  0.3519E+00
  0.2480E+03  0.4260E+00
  0.2490E+03  0.4710E+00
  0.2500E+03  0.4689E+00
  0.2510E+03  0.4915E+00
  0.2520E+03  0.4362E+00
  0.2530E+03  0.4165E+00
  0.2540E+03  0.3923E+00
  0.2550E+03  0.4796E+00
  0.2560E+03  0.4775E+00
  0.2570E+03  0.4700E+00
  0.2580E+03  0.4605E+00
  0.2590E+03  0.4918E+00
  0.2600E+03  0.5267E+00
  0.2610E+03  0.3490E+00
  0.2620E+03  0.5082E+00
  0.2630E+03  0.5103E+00
  0.2640E+03  0.4146E+00
  0.2650E+03  0.5397E+00
  0.2660E+03  0.4307E+00
  0.2670E+03  0.5907E+00
  0.2680E+03  0.5452E+00
  0.2690E+03  0.4177E+00
  0.2700E+03  0.4982E+00
  0.2710E+03  0.4729E+00
  0.2720E+03  0.5506E+00
  0.2730E+03  0.6127E+00
  0.2740E+03  0.5333E+00
  0.2750E+03  0.5121E+00
  0.2760E+03  0.5383E+00
  0.2770E+03  0.6049E+00
  0.2780E+03  0.5969E+00
  0.2790E+03  0.5738E+00
  0.2800E+03  0.5023E+00
  0.2810E+03  0.5060E+00
  0.2820E+03  0.4814E+00
  0.2830E+03  0.6399E+00
  0.2840E+03  0.6183E+00
  0.2850E+03  0.5382E+00
  0.2860E+03  0.6242E+00
  0.2870E+03  0.5647E+00
  0.2880E+03  0.5652E+00
  0.2890E+03  0.5684E+00
  0.2900E+03  0.5892E+00
  0.2910E+03  0.5088E+00
  0.2920E+03  0.5403E+00
  0.2930E+03  0.4793E+00
  0.2940E+03  0.4868E+00
  0.2950E+03  0.5352E+00
  0.2960E+03  0.4742E+00
  0.2970E+03  0.5522E+00
  0.2980E+03  0.5567E+00
  0.2990E+03  0.5411E+00
  0.3000E+03  0.4209E+00
  0.3010E+03  0.4363E+00
  0.3020E+03  0.4903E+00
  0.3030E+03  0.5288E+00
  0.3040E+03  0.4885E+00
  0.3050E+03  0.6016E+00
  0.3060E+03  0.5793E+00
  0.3070E+03  0.5930E+00
  0.3080E+03  0.5288E+00
  0.3090E+03  0.4615E+00
  0.3100E+03  0.5593E+00
  0.3110E+03  0.6530E+00
  0.3120E+03  0.5722E+00
  0.3130E+03  0.5636E+00
  0.3140E+03  0.6220E+00
  0.3150E+03  0.6276E+00
  0.3160E+03  0.5922E+00
  0.3170E+03  0.6149E+00
  0.3180E+03  0.5883E+00
  0.3190E+03  0.6105E+00
  0.3200E+03  0.5659E+00
  0.3210E+03  0.7253E+00
  0.3220E+03  0.6733E+00
  0.3230E+03  0.6412E+00
  0.3240E+03  0.6879E+00
  0.3250E+03  0.8221E+00
  0.3260E+03  0.8400E+00
  0.3270E+03  0.7765E+00
  0.3280E+03  0.8608E+00
  0.3290E+03  0.7510E+00
  0.3300E+03  0.7907E+00
  0.3310E+03  0.9435E+00
  0.3320E+03  0.8485E+00
  0.3330E+03  0.8276E+00
  0.3340E+03  0.8349E+00
  0.3350E+03  0.9893E+00
  0.3360E+03  0.9951E+00
  0.3370E+03  0.8730E+00
  0.3380E+03  0.1055E+01
  0.3390E+03  0.9523E+00
  0.3400E+03  0.9586E+00
  0.3410E+03  0.9775E+00
  0.3420E+03  0.1003E+01
  0.3430E+03  0.8995E+00
  0.3440E+03  0.8971E+00
  0.3450E+03  0.9763E+00
  0.3460E+03  0.8404E+00
  0.3470E+03  0.8940E+00
  0.3480E+03  0.8127E+00
  0.3490E+03  0.8117E+00
  0.3500E+03  0.8014E+00
  0.3510E+03  0.8773E+00
  0.3520E+03  0.8468E+00
  0.3530E+03  0.8040E+00
  0.3540E+03  0.7114E+00
  0.3550E+03  0.6805E+00
  0.3560E+03  0.7810E+00
  0.3570E+03  0.6825E+00
  0.3580E+03  0.7531E+00
  0.3590E+03  0.6175E+00
  0.3600E+03  0.6382E+00
  0.3610E+03  0.5896E+00
  0.3620E+03  0.6994E+00
  0.3630E+03  0.4875E+00
  0.3640E+03  0.4215E+00
  0.3650E+03  0.4693E+00
  0.3660E+03  0.5138E+00
  0.3670E+03  0.4781E+00
  0.3680E+03  0.4349E+00
  0.3690E+03  0.3954E+00
  0.3700E+03  0.4067E+00
  0.3710E+03  0.2972E+00
  0.3720E+03  0.2751E+00
  0.3730E+03  0.2727E+00
  0.3740E+03  0.2213E+00
  0.3750E+03  0.2919E+00
  0.3760E+03  0.2344E+00
  0.3770E+03  0.2380E+00
  0.3780E+03  0.2297E+00
  0.3790E+03  0.1963E+00
  0.3800E+03  0.2635E+00
  0.3810E+03  0.1580E+00
  0.3820E+03  0.2185E+00
  0.3830E+03  0.2277E+00
  0.3840E+03  0.1495E+00
  0.3850E+03  0.1717E+00
  0.3860E+03  0.1986E+00
  0.3870E+03  0.1116E+00
  0.3880E+03  0.1939E+00
  0.3890E+03  0.1381E+00
  0.3900E+03  0.1561E+00
  0.3910E+03  0.1675E+00
  0.3920E+03  0.1890E+00
  0.3930E+03  0.1566E+00
  0.3940E+03  0.1405E+00
  0.3950E+03  0.1600E+00
  0.3960E+03  0.1284E+00
  0.3970E+03  0.1202E+00
  0.3980E+03  0.1470E+00
  0.3990E+03  0.2446E+00
  0.4000E+03  0.1554E+00
  0.4010E+03  0.1580E+00
  0.4020E+03  0.1741E+00
  0.4030E+03  0.1781E+00
  0.4040E+03  0.2042E+00
  0.4050E+03  0.1583E+00
  0.4060E+03  0.2052E+00
  0.4070E+03  0.1809E+00
  0.4080E+03  0.3128E+00
  0.4090E+03  0.2897E+00
  0.4100E+03  0.2960E+00
  0.4110E+03  0.2205E+00
  0.4120E+03  0.2547E+00
  0.4130E+03  0.3585E+00
  0.4140E+03  0.3799E+00
  0.4150E+03  0.3636E+00
  0.4160E+03  0.4331E+00
  0.4170E+03  0.3927E+00
  0.4180E+03  0.5001E+00
  0.4190E+03  0.4664E+00
  0.4200E+03  0.5580E+00
  0.4210E+03  0.5473E+00
  0.4220E+03  0.6169E+00
  0.4230E+03  0.5450E+00
  0.4240E+03  0.5633E+00
  0.4250E+03  0.5708E+00
  0.4260E+03  0.6968E+00
  0.4270E+03  0.7705E+00
  0.4280E+03  0.7140E+00
  0.4290E+03  0.8576E+00
  0.4300E+03  0.8535E+00
  0.4310E+03  0.8849E+00
  0.4320E+03  0.8078E+00
  0.4330E+03  0.9634E+00
  0.4340E+03  0.1001E+01
  0.4350E+03  0.8924E+00
  0.4360E+03  0.1030E+01
  0.4370E+03  0.9146E+00
  0.4380E+03  0.9569E+00
  0.4390E+03  0.1041E+01
  0.4400E+03  0.9599E+00
  0.4410E+03  0.1057E+01
  0.4420E+03  0.9175E+00
  0.4430E+03  0.9639E+00
  0.4440E+03  0.8527E+00
  0.4450E+03  0.1052E+01
  0.4460E+03  0.8754E+00
  0.4470E+03  0.9318E+00
  0.4480E+03  0.8595E+00
  0.4490E+03  0.8386E+00
  0.4500E+03  0.7654E+00
  0.4510E+03  0.8485E+00
  0.4520E+03  0.8746E+00
  0.4530E+03  0.7478E+00
  0.4540E+03  0.6229E+00
  0.4550E+03  0.7331E+00
  0.4560E+03  0.6925E+00
  0.4570E+03  0.5499E+00
  0.4580E+03  0.5469E+00
  0.4590E+03  0.6356E+00
  0.4600E+03  0.5110E+00
  0.4610E+03  0.4976E+00
  0.4620E+03  0.4005E+00
  0.4630E+03  0.4162E+00
  0.4640E+03  0.4623E+00
  0.4650E+03  0.5030E+00
  0.4660E+03  0.3374E+00
  0.4670E+03  0.3425E+00
  0.4680E+03  0.3654E+00
  0.4690E+03  0.2870E+00
  0.4700E+03  0.2904E+00
  0.4710E+03  0.2502E+00
  0.4720E+03  0.3456E+00
  0.4730E+03  0.3457E+00
  0.4740E+03  0.2693E+00
  0.4750E+03  0.3196E+00
  0.4760E+03  0.3224E+00
  0.4770E+03  0.3299E+00
  0.4780E+03  0.3704E+00
  0.4790E+03  0.3370E+00
  0.4800E+03  0.3156E+00
  0.4810E+03  0.3957E+00
  0.4820E+03  0.5092E+00
  0.4830E+03  0.4925E+00
  0.4840E+03  0.4842E+00
  0.4850E+03  0.6283E+00
  0.4860E+03  0.5046E+00
  0.4870E+03  0.5767E+00
  0.4880E+03  0.6771E+00
  0.4890E+03  0.5344E+00
  0.4900E+03  0.7661E+00
  0.4910E+03  0.7435E+00
  0.4920E+03  0.9478E+00
  0.4930E+03  0.9993E+00
  0.4940E+03  0.9571E+00
  0.4950E+03  0.1007E+01
  0.4960E+03  0.1092E+01
  0.4970E+03  0.1070E+01
  0.4980E+03  0.1172E+01
  0.4990E+03  0.1379E+01
  0.5000E+03  0.1493E+01
  0.5010E+03  0.1615E+01
  0.5020E+03  0.1641E+01
  0.5030E+03  0.1623E+01
  0.5040E+03  0.1845E+01
  0.5050E+03  0.1836E+01
  0.5060E+03  0.1901E+01
  0.5070E+03  0.2008E+01
  0.5080E+03  0.2527E+01
  0.5090E+03  0.2450E+01
  0.5100E+03  0.2310E+01
  0.5110E+03  0.0000E+00
  0.5120E+03  0.0000E+00
