  0.1000E+01  0.9992E+02
  0.2000E+01  0.1159E+03
  0.3000E+01  0.1184E+03
  0.4000E+01  0.1183E+03
  0.5000E+01  0.1202E+03
  0.6000E+01  0.1209E+03
  0.7000E+01  0.1218E+03
  0.8000E+01  0.1204E+03
  0.9000E+01  0.1213E+03
  0.1000E+02  0.1226E+03
  0.1100E+02  0.1237E+03
  0.1200E+02  0.1228E+03
  0.1300E+02  0.1222E+03
  0.1400E+02  0.1215E+03
  0.1500E+02  0.1212E+03
  0.1600E+02  0.1210E+03
  0.1700E+02  0.1202E+03
  0.1800E+02  0.1199E+03
  0.1900E+02  0.1191E+03
  0.2000E+02  0.1194E+03
  0.2100E+02  0.1240E+03
  0.2200E+02  0.1440E+03
  0.2300E+02  0.2006E+03
  0.2400E+02  0.3251E+03
  0.2500E+02  0.5263E+03
  0.2600E+02  0.7573E+03
  0.2700E+02  0.9167E+03
  0.2800E+02  0.9279E+03
  0.2900E+02  0.8025E+03
  0.3000E+02  0.6231E+03
  0.3100E+02  0.4647E+03
  0.3200E+02  0.3506E+03
  0.3300E+02  0.2683E+03
  0.3400E+02  0.2036E+03
  0.3500E+02  0.1600E+03
  0.3600E+02  0.1347E+03
  0.3700E+02  0.1229E+03
  0.3800E+02  0.1203E+03
  0.3900E+02  0.1196E+03
  0.4000E+02  0.1250E+03
  0.4100E+02  0.1277E+03
  0.4200E+02  0.1322E+03
  0.4300E+02  0.1364E+03
  0.4400E+02  0.1406E+03
  0.4500E+02  0.1428E+03
  0.4600E+02  0.1422E+03
  0.4700E+02  0.1426E+03
  0.4800E+02  0.1384E+03
  0.4900E+02  0.1369E+03
  0.5000E+02  0.1347E+03
  0.5100E+02  0.1335E+03
  0.5200E+02  0.1341E+03
  0.5300E+02  0.1375E+03
  0.5400E+02  0.1406E+03
  0.5500E+02  0.1421E+03
  0.5600E+02  0.1445E+03
  0.5700E+02  0.1466E+03
  0.5800E+02  0.1485E+03
  0.5900E+02  0.1493E+03
  0.6000E+02  0.1486E+03
  0.6100E+02  0.1499E+03
  0.6200E+02  0.1506E+03
  0.6300E+02  0.1556E+03
  0.6400E+02  0.1600E+03
  0.6500E+02  0.1697E+03
  0.6600E+02  0.1820E+03
  0.6700E+02  0.2026E+03
  0.6800E+02  0.2275E+03
  0.6900E+02  0.2557E+03
  0.7000E+02  0.2913E+03
  0.7100E+02  0.3220E+03
  0.7200E+02  0.3544E+03
  0.7300E+02  0.3757E+03
  0.7400E+02  0.3856E+03
  0.7500E+02  0.3861E+03
  0.7600E+02  0.3775E+03
  0.7700E+02  0.3585E+03
  0.7800E+02  0.3358E+03
  0.7900E+02  0.3145E+03
  0.8000E+02  0.2977E+03
  0.8100E+02  0.2822E+03
  0.8200E+02  0.2793E+03
  0.8300E+02  0.2745E+03
  0.8400E+02  0.2754E+03
  0.8500E+02  0.2733E+03
  0.8600E+02  0.2641E+03
  0.8700E+02  0.2600E+03
  0.8800E+02  0.2486E+03
  0.8900E+02  0.2364E+03
  0.9000E+02  0.2251E+03
  0.9100E+02  0.2138E+03
  0.9200E+02  0.2018E+03
  0.9300E+02  0.1930E+03
  0.9400E+02  0.1872E+03
  0.9500E+02  0.1820E+03
  0.9600E+02  0.1801E+03
  0.9700E+02  0.1760E+03
  0.9800E+02  0.1785E+03
  0.9900E+02  0.1783E+03
  0.1000E+03  0.1768E+03
  0.1010E+03  0.1775E+03
  0.1020E+03  0.1774E+03
  0.1030E+03  0.1759E+03
  0.1040E+03  0.1769E+03
  0.1050E+03  0.1758E+03
  0.1060E+03  0.1754E+03
  0.1070E+03  0.1751E+03
  0.1080E+03  0.1741E+03
  0.1090E+03  0.1717E+03
  0.1100E+03  0.1734E+03
  0.1110E+03  0.1724E+03
  0.1120E+03  0.1724E+03
  0.1130E+03  0.1700E+03
  0.1140E+03  0.1703E+03
  0.1150E+03  0.1724E+03
  0.1160E+03  0.1715E+03
  0.1170E+03  0.1708E+03
  0.1180E+03  0.1714E+03
  0.1190E+03  0.1726E+03
  0.1200E+03  0.1745E+03
  0.1210E+03  0.1743E+03
  0.1220E+03  0.1761E+03
  0.1230E+03  0.1752E+03
  0.1240E+03  0.1783E+03
  0.1250E+03  0.1810E+03
  0.1260E+03  0.1840E+03
  0.1270E+03  0.1821E+03
  0.1280E+03  0.1848E+03
  0.1290E+03  0.1845E+03
  0.1300E+03  0.1873E+03
  0.1310E+03  0.1891E+03
  0.1320E+03  0.1884E+03
  0.1330E+03  0.1899E+03
  0.1340E+03  0.1911E+03
  0.1350E+03  0.1911E+03
  0.1360E+03  0.1918E+03
  0.1370E+03  0.1925E+03
  0.1380E+03  0.1957E+03
  0.1390E+03  0.1978E+03
  0.1400E+03  0.2003E+03
  0.1410E+03  0.2059E+03
  0.1420E+03  0.2126E+03
  0.1430E+03  0.2201E+03
  0.1440E+03  0.2326E+03
  0.1450E+03  0.2496E+03
  0.1460E+03  0.2671E+03
  0.1470E+03  0.2895E+03
  0.1480E+03  0.3144E+03
  0.1490E+03  0.3427E+03
  0.1500E+03  0.3752E+03
  0.1510E+03  0.4106E+03
  0.1520E+03  0.4478E+03
  0.1530E+03  0.4839E+03
  0.1540E+03  0.5179E+03
  0.1550E+03  0.5515E+03
  0.1560E+03  0.5801E+03
  0.1570E+03  0.5999E+03
  0.1580E+03  0.6141E+03
  0.1590E+03  0.6207E+03
  0.1600E+03  0.6174E+03
  0.1610E+03  0.6079E+03
  0.1620E+03  0.5871E+03
  0.1630E+03  0.5643E+03
  0.1640E+03  0.5351E+03
  0.1650E+03  0.5029E+03
  0.1660E+03  0.4689E+03
  0.1670E+03  0.4384E+03
  0.1680E+03  0.4066E+03
  0.1690E+03  0.3785E+03
  0.1700E+03  0.3557E+03
  0.1710E+03  0.3322E+03
  0.1720E+03  0.3148E+03
  0.1730E+03  0.3010E+03
  0.1740E+03  0.2909E+03
  0.1750E+03  0.2836E+03
  0.1760E+03  0.2774E+03
  0.1770E+03  0.2706E+03
  0.1780E+03  0.2664E+03
  0.1790E+03  0.2632E+03
  0.1800E+03  0.2641E+03
  0.1810E+03  0.2606E+03
  0.1820E+03  0.2574E+03
  0.1830E+03  0.2553E+03
  0.1840E+03  0.2521E+03
  0.1850E+03  0.2480E+03
  0.1860E+03  0.2451E+03
  0.1870E+03  0.2412E+03
  0.1880E+03  0.2381E+03
  0.1890E+03  0.2352E+03
  0.1900E+03  0.2332E+03
  0.1910E+03  0.2288E+03
  0.1920E+03  0.2277E+03
  0.1930E+03  0.2233E+03
  0.1940E+03  0.2179E+03
  0.1950E+03  0.2147E+03
  0.1960E+03  0.2121E+03
  0.1970E+03  0.2088E+03
  0.1980E+03  0.2067E+03
  0.1990E+03  0.2020E+03
  0.2000E+03  0.1985E+03
  0.2010E+03  0.1980E+03
  0.2020E+03  0.1964E+03
  0.2030E+03  0.1910E+03
  0.2040E+03  0.1883E+03
  0.2050E+03  0.1867E+03
  0.2060E+03  0.1833E+03
  0.2070E+03  0.1814E+03
  0.2080E+03  0.1786E+03
  0.2090E+03  0.1766E+03
  0.2100E+03  0.1762E+03
  0.2110E+03  0.1722E+03
  0.2120E+03  0.1672E+03
  0.2130E+03  0.1678E+03
  0.2140E+03  0.1639E+03
  0.2150E+03  0.1638E+03
  0.2160E+03  0.1615E+03
  0.2170E+03  0.1602E+03
  0.2180E+03  0.1564E+03
  0.2190E+03  0.1557E+03
  0.2200E+03  0.1569E+03
  0.2210E+03  0.1528E+03
  0.2220E+03  0.1518E+03
  0.2230E+03  0.1519E+03
  0.2240E+03  0.1503E+03
  0.2250E+03  0.1486E+03
  0.2260E+03  0.1461E+03
  0.2270E+03  0.1449E+03
  0.2280E+03  0.1444E+03
  0.2290E+03  0.1438E+03
  0.2300E+03  0.1397E+03
  0.2310E+03  0.1419E+03
  0.2320E+03  0.1403E+03
  0.2330E+03  0.1397E+03
  0.2340E+03  0.1369E+03
  0.2350E+03  0.1366E+03
  0.2360E+03  0.1379E+03
  0.2370E+03  0.1355E+03
  0.2380E+03  0.1352E+03
  0.2390E+03  0.1347E+03
  0.2400E+03  0.1337E+03
  0.2410E+03  0.1347E+03
  0.2420E+03  0.1322E+03
  0.2430E+03  0.1329E+03
  0.2440E+03  0.1327E+03
  0.2450E+03  0.1337E+03
  0.2460E+03  0.1313E+03
  0.2470E+03  0.1308E+03
  0.2480E+03  0.1313E+03
  0.2490E+03  0.1303E+03
  0.2500E+03  0.1278E+03
  0.2510E+03  0.1286E+03
  0.2520E+03  0.1287E+03
  0.2530E+03  0.1279E+03
  0.2540E+03  0.1276E+03
  0.2550E+03  0.1276E+03
  0.2560E+03  0.1271E+03
  0.2570E+03  0.1249E+03
  0.2580E+03  0.1249E+03
  0.2590E+03  0.1251E+03
  0.2600E+03  0.1242E+03
  0.2610E+03  0.1219E+03
  0.2620E+03  0.1240E+03
  0.2630E+03  0.1228E+03
  0.2640E+03  0.1238E+03
  0.2650E+03  0.1213E+03
  0.2660E+03  0.1236E+03
  0.2670E+03  0.1218E+03
  0.2680E+03  0.1226E+03
  0.2690E+03  0.1207E+03
  0.2700E+03  0.1217E+03
  0.2710E+03  0.1208E+03
  0.2720E+03  0.1226E+03
  0.2730E+03  0.1221E+03
  0.2740E+03  0.1208E+03
  0.2750E+03  0.1196E+03
  0.2760E+03  0.1217E+03
  0.2770E+03  0.1201E+03
  0.2780E+03  0.1208E+03
  0.2790E+03  0.1204E+03
  0.2800E+03  0.1189E+03
  0.2810E+03  0.1194E+03
  0.2820E+03  0.1177E+03
  0.2830E+03  0.1183E+03
  0.2840E+03  0.1157E+03
  0.2850E+03  0.1166E+03
  0.2860E+03  0.1153E+03
  0.2870E+03  0.1148E+03
  0.2880E+03  0.1132E+03
  0.2890E+03  0.1146E+03
  0.2900E+03  0.1109E+03
  0.2910E+03  0.1113E+03
  0.2920E+03  0.1102E+03
  0.2930E+03  0.1099E+03
  0.2940E+03  0.1097E+03
  0.2950E+03  0.1092E+03
  0.2960E+03  0.1084E+03
  0.2970E+03  0.1094E+03
  0.2980E+03  0.1089E+03
  0.2990E+03  0.1077E+03
  0.3000E+03  0.1059E+03
  0.3010E+03  0.1066E+03
  0.3020E+03  0.1077E+03
  0.3030E+03  0.1062E+03
  0.3040E+03  0.1070E+03
  0.3050E+03  0.1071E+03
  0.3060E+03  0.1079E+03
  0.3070E+03  0.1079E+03
  0.3080E+03  0.1073E+03
  0.3090E+03  0.1076E+03
  0.3100E+03  0.1071E+03
  0.3110E+03  0.1078E+03
  0.3120E+03  0.1082E+03
  0.3130E+03  0.1097E+03
  0.3140E+03  0.1089E+03
  0.3150E+03  0.1107E+03
  0.3160E+03  0.1111E+03
  0.3170E+03  0.1125E+03
  0.3180E+03  0.1118E+03
  0.3190E+03  0.1136E+03
  0.3200E+03  0.1141E+03
  0.3210E+03  0.1135E+03
  0.3220E+03  0.1163E+03
  0.3230E+03  0.1162E+03
  0.3240E+03  0.1161E+03
  0.3250E+03  0.1175E+03
  0.3260E+03  0.1191E+03
  0.3270E+03  0.1183E+03
  0.3280E+03  0.1191E+03
  0.3290E+03  0.1217E+03
  0.3300E+03  0.1210E+03
  0.3310E+03  0.1223E+03
  0.3320E+03  0.1244E+03
  0.3330E+03  0.1248E+03
  0.3340E+03  0.1267E+03
  0.3350E+03  0.1259E+03
  0.3360E+03  0.1258E+03
  0.3370E+03  0.1275E+03
  0.3380E+03  0.1283E+03
  0.3390E+03  0.1282E+03
  0.3400E+03  0.1288E+03
  0.3410E+03  0.1300E+03
  0.3420E+03  0.1300E+03
  0.3430E+03  0.1284E+03
  0.3440E+03  0.1278E+03
  0.3450E+03  0.1255E+03
  0.3460E+03  0.1262E+03
  0.3470E+03  0.1250E+03
  0.3480E+03  0.1238E+03
  0.3490E+03  0.1224E+03
  0.3500E+03  0.1217E+03
  0.3510E+03  0.1188E+03
  0.3520E+03  0.1169E+03
  0.3530E+03  0.1163E+03
  0.3540E+03  0.1127E+03
  0.3550E+03  0.1104E+03
  0.3560E+03  0.1072E+03
  0.3570E+03  0.1054E+03
  0.3580E+03  0.1042E+03
  0.3590E+03  0.1017E+03
  0.3600E+03  0.9930E+02
  0.3610E+03  0.9689E+02
  0.3620E+03  0.9370E+02
  0.3630E+03  0.9016E+02
  0.3640E+03  0.8827E+02
  0.3650E+03  0.8579E+02
  0.3660E+03  0.8435E+02
  0.3670E+03  0.8159E+02
  0.3680E+03  0.8026E+02
  0.3690E+03  0.7888E+02
  0.3700E+03  0.7579E+02
  0.3710E+03  0.7389E+02
  0.3720E+03  0.7176E+02
  0.3730E+03  0.7046E+02
  0.3740E+03  0.6895E+02
  0.3750E+03  0.6832E+02
  0.3760E+03  0.6491E+02
  0.3770E+03  0.6617E+02
  0.3780E+03  0.6444E+02
  0.3790E+03  0.6348E+02
  0.3800E+03  0.6223E+02
  0.3810E+03  0.6153E+02
  0.3820E+03  0.6273E+02
  0.3830E+03  0.5991E+02
  0.3840E+03  0.5973E+02
  0.3850E+03  0.5851E+02
  0.3860E+03  0.5911E+02
  0.3870E+03  0.5902E+02
  0.3880E+03  0.5836E+02
  0.3890E+03  0.5936E+02
  0.3900E+03  0.5843E+02
  0.3910E+03  0.5839E+02
  0.3920E+03  0.5777E+02
  0.3930E+03  0.5795E+02
  0.3940E+03  0.5743E+02
  0.3950E+03  0.5770E+02
  0.3960E+03  0.5795E+02
  0.3970E+03  0.5816E+02
  0.3980E+03  0.5759E+02
  0.3990E+03  0.5858E+02
  0.4000E+03  0.5811E+02
  0.4010E+03  0.5908E+02
  0.4020E+03  0.5862E+02
  0.4030E+03  0.5969E+02
  0.4040E+03  0.5972E+02
  0.4050E+03  0.6024E+02
  0.4060E+03  0.6144E+02
  0.4070E+03  0.6287E+02
  0.4080E+03  0.6225E+02
  0.4090E+03  0.6497E+02
  0.4100E+03  0.6594E+02
  0.4110E+03  0.6589E+02
  0.4120E+03  0.6739E+02
  0.4130E+03  0.7002E+02
  0.4140E+03  0.7181E+02
  0.4150E+03  0.7214E+02
  0.4160E+03  0.7521E+02
  0.4170E+03  0.7623E+02
  0.4180E+03  0.7858E+02
  0.4190E+03  0.8103E+02
  0.4200E+03  0.8298E+02
  0.4210E+03  0.8636E+02
  0.4220E+03  0.8771E+02
  0.4230E+03  0.9129E+02
  0.4240E+03  0.9392E+02
  0.4250E+03  0.9559E+02
  0.4260E+03  0.9829E+02
  0.4270E+03  0.1004E+03
  0.4280E+03  0.1037E+03
  0.4290E+03  0.1063E+03
  0.4300E+03  0.1068E+03
  0.4310E+03  0.1089E+03
  0.4320E+03  0.1111E+03
  0.4330E+03  0.1138E+03
  0.4340E+03  0.1136E+03
  0.4350E+03  0.1148E+03
  0.4360E+03  0.1172E+03
  0.4370E+03  0.1153E+03
  0.4380E+03  0.1183E+03
  0.4390E+03  0.1177E+03
  0.4400E+03  0.1177E+03
  0.4410E+03  0.1174E+03
  0.4420E+03  0.1168E+03
  0.4430E+03  0.1148E+03
  0.4440E+03  0.1141E+03
  0.4450E+03  0.1141E+03
  0.4460E+03  0.1126E+03
  0.4470E+03  0.1085E+03
  0.4480E+03  0.1075E+03
  0.4490E+03  0.1048E+03
  0.4500E+03  0.1031E+03
  0.4510E+03  0.9895E+02
  0.4520E+03  0.9695E+02
  0.4530E+03  0.9384E+02
  0.4540E+03  0.9192E+02
  0.4550E+03  0.8763E+02
  0.4560E+03  0.8699E+02
  0.4570E+03  0.8213E+02
  0.4580E+03  0.8030E+02
  0.4590E+03  0.7692E+02
  0.4600E+03  0.7509E+02
  0.4610E+03  0.7249E+02
  0.4620E+03  0.7015E+02
  0.4630E+03  0.6884E+02
  0.4640E+03  0.6746E+02
  0.4650E+03  0.6459E+02
  0.4660E+03  0.6261E+02
  0.4670E+03  0.6215E+02
  0.4680E+03  0.6003E+02
  0.4690E+03  0.6022E+02
  0.4700E+03  0.5848E+02
  0.4710E+03  0.5750E+02
  0.4720E+03  0.5725E+02
  0.4730E+03  0.5772E+02
  0.4740E+03  0.5735E+02
  0.4750E+03  0.5922E+02
  0.4760E+03  0.6029E+02
  0.4770E+03  0.6062E+02
  0.4780E+03  0.6173E+02
  0.4790E+03  0.6163E+02
  0.4800E+03  0.6419E+02
  0.4810E+03  0.6623E+02
  0.4820E+03  0.6653E+02
  0.4830E+03  0.6936E+02
  0.4840E+03  0.7221E+02
  0.4850E+03  0.7655E+02
  0.4860E+03  0.7874E+02
  0.4870E+03  0.8107E+02
  0.4880E+03  0.8462E+02
  0.4890E+03  0.8845E+02
  0.4900E+03  0.9184E+02
  0.4910E+03  0.9499E+02
  0.4920E+03  0.1012E+03
  0.4930E+03  0.1033E+03
  0.4940E+03  0.1102E+03
  0.4950E+03  0.1128E+03
  0.4960E+03  0.1201E+03
  0.4970E+03  0.1259E+03
  0.4980E+03  0.1305E+03
  0.4990E+03  0.1389E+03
  0.5000E+03  0.1440E+03
  0.5010E+03  0.1499E+03
  0.5020E+03  0.1544E+03
  0.5030E+03  0.1614E+03
  0.5040E+03  0.1693E+03
  0.5050E+03  0.1736E+03
  0.5060E+03  0.1788E+03
  0.5070E+03  0.1887E+03
  0.5080E+03  0.1940E+03
  0.5090E+03  0.2016E+03
  0.5100E+03  0.2074E+03
  0.5110E+03  0.0000E+00
  0.5120E+03  0.0000E+00
