  0.1000E+01  0.2083E+01
  0.2000E+01  0.7179E+01
  0.3000E+01  0.5630E+01
  0.4000E+01  0.1995E+01
  0.5000E+01  0.1407E+01
  0.6000E+01  0.1301E+01
  0.7000E+01  0.1192E+01
  0.8000E+01  0.1099E+01
  0.9000E+01  0.9807E+00
  0.1000E+02  0.9101E+00
  0.1100E+02  0.8087E+00
  0.1200E+02  0.7141E+00
  0.1300E+02  0.6277E+00
  0.1400E+02  0.5507E+00
  0.1500E+02  0.5004E+00
  0.1600E+02  0.4226E+00
  0.1700E+02  0.4054E+00
  0.1800E+02  0.3699E+00
  0.1900E+02  0.5143E+00
  0.2000E+02  0.1602E+01
  0.2100E+02  0.7042E+01
  0.2200E+02  0.2669E+02
  0.2300E+02  0.8308E+02
  0.2400E+02  0.2054E+03
  0.2500E+02  0.4037E+03
  0.2600E+02  0.6303E+03
  0.2700E+02  0.7877E+03
  0.2800E+02  0.7992E+03
  0.2900E+02  0.6755E+03
  0.3000E+02  0.4991E+03
  0.3100E+02  0.3440E+03
  0.3200E+02  0.2314E+03
  0.3300E+02  0.1498E+03
  0.3400E+02  0.8807E+02
  0.3500E+02  0.4472E+02
  0.3600E+02  0.1940E+02
  0.3700E+02  0.7109E+01
  0.3800E+02  0.2513E+01
  0.3900E+02  0.1279E+01
  0.4000E+02  0.1126E+01
  0.4100E+02  0.1325E+01
  0.4200E+02  0.1549E+01
  0.4300E+02  0.1885E+01
  0.4400E+02  0.2191E+01
  0.4500E+02  0.2502E+01
  0.4600E+02  0.2785E+01
  0.4700E+02  0.3121E+01
  0.4800E+02  0.3446E+01
  0.4900E+02  0.3843E+01
  0.5000E+02  0.4102E+01
  0.5100E+02  0.4544E+01
  0.5200E+02  0.4840E+01
  0.5300E+02  0.5217E+01
  0.5400E+02  0.5492E+01
  0.5500E+02  0.5788E+01
  0.5600E+02  0.5871E+01
  0.5700E+02  0.5881E+01
  0.5800E+02  0.5671E+01
  0.5900E+02  0.5355E+01
  0.6000E+02  0.4641E+01
  0.6100E+02  0.3851E+01
  0.6200E+02  0.3084E+01
  0.6300E+02  0.2334E+01
  0.6400E+02  0.1684E+01
  0.6500E+02  0.1182E+01
  0.6600E+02  0.7825E+00
  0.6700E+02  0.5374E+00
  0.6800E+02  0.3685E+00
  0.6900E+02  0.2792E+00
  0.7000E+02  0.2280E+00
  0.7100E+02  0.2026E+00
  0.7200E+02  0.1966E+00
  0.7300E+02  0.1647E+00
  0.7400E+02  0.1697E+00
  0.7500E+02  0.1625E+00
  0.7600E+02  0.1712E+00
  0.7700E+02  0.1536E+00
  0.7800E+02  0.1569E+00
  0.7900E+02  0.1587E+00
  0.8000E+02  0.1783E+00
  0.8100E+02  0.1863E+00
  0.8200E+02  0.1888E+00
  0.8300E+02  0.1994E+00
  0.8400E+02  0.2024E+00
  0.8500E+02  0.2229E+00
  0.8600E+02  0.2220E+00
  0.8700E+02  0.2226E+00
  0.8800E+02  0.2512E+00
  0.8900E+02  0.2576E+00
  0.9000E+02  0.2840E+00
  0.9100E+02  0.2878E+00
  0.9200E+02  0.3041E+00
  0.9300E+02  0.3241E+00
  0.9400E+02  0.3257E+00
  0.9500E+02  0.3414E+00
  0.9600E+02  0.3366E+00
  0.9700E+02  0.3433E+00
  0.9800E+02  0.3487E+00
  0.9900E+02  0.3349E+00
  0.1000E+03  0.3406E+00
  0.1010E+03  0.3185E+00
  0.1020E+03  0.3149E+00
  0.1030E+03  0.3193E+00
  0.1040E+03  0.3086E+00
  0.1050E+03  0.2874E+00
  0.1060E+03  0.2922E+00
  0.1070E+03  0.2938E+00
  0.1080E+03  0.3091E+00
  0.1090E+03  0.2942E+00
  0.1100E+03  0.3122E+00
  0.1110E+03  0.3391E+00
  0.1120E+03  0.3995E+00
  0.1130E+03  0.4722E+00
  0.1140E+03  0.5929E+00
  0.1150E+03  0.7702E+00
  0.1160E+03  0.9527E+00
  0.1170E+03  0.1209E+01
  0.1180E+03  0.1576E+01
  0.1190E+03  0.1916E+01
  0.1200E+03  0.2452E+01
  0.1210E+03  0.2975E+01
  0.1220E+03  0.3590E+01
  0.1230E+03  0.4227E+01
  0.1240E+03  0.4841E+01
  0.1250E+03  0.5438E+01
  0.1260E+03  0.6124E+01
  0.1270E+03  0.6544E+01
  0.1280E+03  0.6885E+01
  0.1290E+03  0.7135E+01
  0.1300E+03  0.7392E+01
  0.1310E+03  0.7338E+01
  0.1320E+03  0.7382E+01
  0.1330E+03  0.7182E+01
  0.1340E+03  0.7065E+01
  0.1350E+03  0.6919E+01
  0.1360E+03  0.6937E+01
  0.1370E+03  0.7201E+01
  0.1380E+03  0.7889E+01
  0.1390E+03  0.8977E+01
  0.1400E+03  0.1097E+02
  0.1410E+03  0.1385E+02
  0.1420E+03  0.1791E+02
  0.1430E+03  0.2363E+02
  0.1440E+03  0.3132E+02
  0.1450E+03  0.4126E+02
  0.1460E+03  0.5346E+02
  0.1470E+03  0.6841E+02
  0.1480E+03  0.8661E+02
  0.1490E+03  0.1072E+03
  0.1500E+03  0.1299E+03
  0.1510E+03  0.1546E+03
  0.1520E+03  0.1808E+03
  0.1530E+03  0.2072E+03
  0.1540E+03  0.2322E+03
  0.1550E+03  0.2552E+03
  0.1560E+03  0.2741E+03
  0.1570E+03  0.2882E+03
  0.1580E+03  0.2975E+03
  0.1590E+03  0.3000E+03
  0.1600E+03  0.2960E+03
  0.1610E+03  0.2866E+03
  0.1620E+03  0.2713E+03
  0.1630E+03  0.2526E+03
  0.1640E+03  0.2294E+03
  0.1650E+03  0.2032E+03
  0.1660E+03  0.1772E+03
  0.1670E+03  0.1511E+03
  0.1680E+03  0.1258E+03
  0.1690E+03  0.1026E+03
  0.1700E+03  0.8196E+02
  0.1710E+03  0.6413E+02
  0.1720E+03  0.4930E+02
  0.1730E+03  0.3690E+02
  0.1740E+03  0.2713E+02
  0.1750E+03  0.1953E+02
  0.1760E+03  0.1375E+02
  0.1770E+03  0.9514E+01
  0.1780E+03  0.6473E+01
  0.1790E+03  0.4290E+01
  0.1800E+03  0.2796E+01
  0.1810E+03  0.1809E+01
  0.1820E+03  0.1182E+01
  0.1830E+03  0.7555E+00
  0.1840E+03  0.4913E+00
  0.1850E+03  0.3387E+00
  0.1860E+03  0.2317E+00
  0.1870E+03  0.1769E+00
  0.1880E+03  0.1498E+00
  0.1890E+03  0.1209E+00
  0.1900E+03  0.1275E+00
  0.1910E+03  0.1146E+00
  0.1920E+03  0.1022E+00
  0.1930E+03  0.9768E-01
  0.1940E+03  0.9236E-01
  0.1950E+03  0.8566E-01
  0.1960E+03  0.7610E-01
  0.1970E+03  0.7889E-01
  0.1980E+03  0.7924E-01
  0.1990E+03  0.6910E-01
  0.2000E+03  0.6845E-01
  0.2010E+03  0.6123E-01
  0.2020E+03  0.5919E-01
  0.2030E+03  0.4348E-01
  0.2040E+03  0.3822E-01
  0.2050E+03  0.4477E-01
  0.2060E+03  0.4368E-01
  0.2070E+03  0.4005E-01
  0.2080E+03  0.3776E-01
  0.2090E+03  0.3268E-01
  0.2100E+03  0.3155E-01
  0.2110E+03  0.2424E-01
  0.2120E+03  0.2789E-01
  0.2130E+03  0.2817E-01
  0.2140E+03  0.2553E-01
  0.2150E+03  0.2819E-01
  0.2160E+03  0.2405E-01
  0.2170E+03  0.2039E-01
  0.2180E+03  0.2675E-01
  0.2190E+03  0.2174E-01
  0.2200E+03  0.1946E-01
  0.2210E+03  0.2333E-01
  0.2220E+03  0.2209E-01
  0.2230E+03  0.2472E-01
  0.2240E+03  0.2675E-01
  0.2250E+03  0.2661E-01
  0.2260E+03  0.2462E-01
  0.2270E+03  0.3091E-01
  0.2280E+03  0.2913E-01
  0.2290E+03  0.3084E-01
  0.2300E+03  0.4359E-01
  0.2310E+03  0.4290E-01
  0.2320E+03  0.4822E-01
  0.2330E+03  0.5457E-01
  0.2340E+03  0.6353E-01
  0.2350E+03  0.6279E-01
  0.2360E+03  0.7360E-01
  0.2370E+03  0.7703E-01
  0.2380E+03  0.7926E-01
  0.2390E+03  0.8517E-01
  0.2400E+03  0.1013E+00
  0.2410E+03  0.1015E+00
  0.2420E+03  0.1050E+00
  0.2430E+03  0.1194E+00
  0.2440E+03  0.1181E+00
  0.2450E+03  0.1236E+00
  0.2460E+03  0.1230E+00
  0.2470E+03  0.1172E+00
  0.2480E+03  0.1386E+00
  0.2490E+03  0.1339E+00
  0.2500E+03  0.1262E+00
  0.2510E+03  0.1216E+00
  0.2520E+03  0.1229E+00
  0.2530E+03  0.1240E+00
  0.2540E+03  0.1177E+00
  0.2550E+03  0.1167E+00
  0.2560E+03  0.1137E+00
  0.2570E+03  0.1076E+00
  0.2580E+03  0.1054E+00
  0.2590E+03  0.9795E-01
  0.2600E+03  0.9684E-01
  0.2610E+03  0.9427E-01
  0.2620E+03  0.9895E-01
  0.2630E+03  0.9398E-01
  0.2640E+03  0.1000E+00
  0.2650E+03  0.9272E-01
  0.2660E+03  0.9244E-01
  0.2670E+03  0.9294E-01
  0.2680E+03  0.8602E-01
  0.2690E+03  0.1014E+00
  0.2700E+03  0.1040E+00
  0.2710E+03  0.1113E+00
  0.2720E+03  0.1186E+00
  0.2730E+03  0.1136E+00
  0.2740E+03  0.1156E+00
  0.2750E+03  0.1313E+00
  0.2760E+03  0.1224E+00
  0.2770E+03  0.1222E+00
  0.2780E+03  0.1202E+00
  0.2790E+03  0.1206E+00
  0.2800E+03  0.1355E+00
  0.2810E+03  0.1411E+00
  0.2820E+03  0.1298E+00
  0.2830E+03  0.1252E+00
  0.2840E+03  0.1324E+00
  0.2850E+03  0.1350E+00
  0.2860E+03  0.1246E+00
  0.2870E+03  0.1298E+00
  0.2880E+03  0.1262E+00
  0.2890E+03  0.1153E+00
  0.2900E+03  0.1094E+00
  0.2910E+03  0.1176E+00
  0.2920E+03  0.9641E-01
  0.2930E+03  0.1038E+00
  0.2940E+03  0.1025E+00
  0.2950E+03  0.9585E-01
  0.2960E+03  0.8773E-01
  0.2970E+03  0.8775E-01
  0.2980E+03  0.7393E-01
  0.2990E+03  0.7844E-01
  0.3000E+03  0.7628E-01
  0.3010E+03  0.8194E-01
  0.3020E+03  0.8183E-01
  0.3030E+03  0.8084E-01
  0.3040E+03  0.7900E-01
  0.3050E+03  0.7716E-01
  0.3060E+03  0.7289E-01
  0.3070E+03  0.7719E-01
  0.3080E+03  0.7684E-01
  0.3090E+03  0.7705E-01
  0.3100E+03  0.8575E-01
  0.3110E+03  0.7581E-01
  0.3120E+03  0.8773E-01
  0.3130E+03  0.8416E-01
  0.3140E+03  0.9018E-01
  0.3150E+03  0.9746E-01
  0.3160E+03  0.9244E-01
  0.3170E+03  0.9518E-01
  0.3180E+03  0.9290E-01
  0.3190E+03  0.1025E+00
  0.3200E+03  0.9417E-01
  0.3210E+03  0.9913E-01
  0.3220E+03  0.9782E-01
  0.3230E+03  0.1078E+00
  0.3240E+03  0.1097E+00
  0.3250E+03  0.1152E+00
  0.3260E+03  0.1188E+00
  0.3270E+03  0.1220E+00
  0.3280E+03  0.1229E+00
  0.3290E+03  0.1392E+00
  0.3300E+03  0.1432E+00
  0.3310E+03  0.1446E+00
  0.3320E+03  0.1409E+00
  0.3330E+03  0.1437E+00
  0.3340E+03  0.1446E+00
  0.3350E+03  0.1495E+00
  0.3360E+03  0.1650E+00
  0.3370E+03  0.1721E+00
  0.3380E+03  0.1651E+00
  0.3390E+03  0.1553E+00
  0.3400E+03  0.1651E+00
  0.3410E+03  0.1745E+00
  0.3420E+03  0.1824E+00
  0.3430E+03  0.1856E+00
  0.3440E+03  0.1654E+00
  0.3450E+03  0.1679E+00
  0.3460E+03  0.1660E+00
  0.3470E+03  0.1726E+00
  0.3480E+03  0.1637E+00
  0.3490E+03  0.1664E+00
  0.3500E+03  0.1647E+00
  0.3510E+03  0.1567E+00
  0.3520E+03  0.1493E+00
  0.3530E+03  0.1510E+00
  0.3540E+03  0.1406E+00
  0.3550E+03  0.1448E+00
  0.3560E+03  0.1279E+00
  0.3570E+03  0.1128E+00
  0.3580E+03  0.1272E+00
  0.3590E+03  0.1128E+00
  0.3600E+03  0.1117E+00
  0.3610E+03  0.1064E+00
  0.3620E+03  0.9205E-01
  0.3630E+03  0.8900E-01
  0.3640E+03  0.7827E-01
  0.3650E+03  0.7034E-01
  0.3660E+03  0.7113E-01
  0.3670E+03  0.6879E-01
  0.3680E+03  0.6246E-01
  0.3690E+03  0.5407E-01
  0.3700E+03  0.4854E-01
  0.3710E+03  0.4130E-01
  0.3720E+03  0.4604E-01
  0.3730E+03  0.3640E-01
  0.3740E+03  0.3473E-01
  0.3750E+03  0.3685E-01
  0.3760E+03  0.2615E-01
  0.3770E+03  0.2633E-01
  0.3780E+03  0.2965E-01
  0.3790E+03  0.2636E-01
  0.3800E+03  0.2150E-01
  0.3810E+03  0.2342E-01
  0.3820E+03  0.2334E-01
  0.3830E+03  0.2518E-01
  0.3840E+03  0.1515E-01
  0.3850E+03  0.2017E-01
  0.3860E+03  0.1766E-01
  0.3870E+03  0.1697E-01
  0.3880E+03  0.1393E-01
  0.3890E+03  0.1656E-01
  0.3900E+03  0.1763E-01
  0.3910E+03  0.1584E-01
  0.3920E+03  0.1672E-01
  0.3930E+03  0.1429E-01
  0.3940E+03  0.1789E-01
  0.3950E+03  0.1658E-01
  0.3960E+03  0.1657E-01
  0.3970E+03  0.1614E-01
  0.3980E+03  0.1721E-01
  0.3990E+03  0.2104E-01
  0.4000E+03  0.1905E-01
  0.4010E+03  0.2157E-01
  0.4020E+03  0.1691E-01
  0.4030E+03  0.2112E-01
  0.4040E+03  0.1891E-01
  0.4050E+03  0.2385E-01
  0.4060E+03  0.2854E-01
  0.4070E+03  0.3026E-01
  0.4080E+03  0.2991E-01
  0.4090E+03  0.3195E-01
  0.4100E+03  0.3665E-01
  0.4110E+03  0.3652E-01
  0.4120E+03  0.4301E-01
  0.4130E+03  0.4702E-01
  0.4140E+03  0.4542E-01
  0.4150E+03  0.5044E-01
  0.4160E+03  0.5198E-01
  0.4170E+03  0.6488E-01
  0.4180E+03  0.7318E-01
  0.4190E+03  0.7312E-01
  0.4200E+03  0.7531E-01
  0.4210E+03  0.6789E-01
  0.4220E+03  0.7941E-01
  0.4230E+03  0.9497E-01
  0.4240E+03  0.8675E-01
  0.4250E+03  0.1017E+00
  0.4260E+03  0.1034E+00
  0.4270E+03  0.1132E+00
  0.4280E+03  0.1132E+00
  0.4290E+03  0.1178E+00
  0.4300E+03  0.1167E+00
  0.4310E+03  0.1241E+00
  0.4320E+03  0.1351E+00
  0.4330E+03  0.1501E+00
  0.4340E+03  0.1350E+00
  0.4350E+03  0.1354E+00
  0.4360E+03  0.1462E+00
  0.4370E+03  0.1481E+00
  0.4380E+03  0.1554E+00
  0.4390E+03  0.1561E+00
  0.4400E+03  0.1450E+00
  0.4410E+03  0.1593E+00
  0.4420E+03  0.1553E+00
  0.4430E+03  0.1393E+00
  0.4440E+03  0.1554E+00
  0.4450E+03  0.1419E+00
  0.4460E+03  0.1383E+00
  0.4470E+03  0.1406E+00
  0.4480E+03  0.1256E+00
  0.4490E+03  0.1188E+00
  0.4500E+03  0.1330E+00
  0.4510E+03  0.1178E+00
  0.4520E+03  0.1216E+00
  0.4530E+03  0.1019E+00
  0.4540E+03  0.1035E+00
  0.4550E+03  0.9579E-01
  0.4560E+03  0.9992E-01
  0.4570E+03  0.8533E-01
  0.4580E+03  0.7925E-01
  0.4590E+03  0.7660E-01
  0.4600E+03  0.7940E-01
  0.4610E+03  0.7145E-01
  0.4620E+03  0.7178E-01
  0.4630E+03  0.6330E-01
  0.4640E+03  0.5592E-01
  0.4650E+03  0.5286E-01
  0.4660E+03  0.5527E-01
  0.4670E+03  0.5096E-01
  0.4680E+03  0.5066E-01
  0.4690E+03  0.4533E-01
  0.4700E+03  0.4420E-01
  0.4710E+03  0.3981E-01
  0.4720E+03  0.3712E-01
  0.4730E+03  0.3893E-01
  0.4740E+03  0.3514E-01
  0.4750E+03  0.3452E-01
  0.4760E+03  0.3969E-01
  0.4770E+03  0.4722E-01
  0.4780E+03  0.4147E-01
  0.4790E+03  0.4391E-01
  0.4800E+03  0.4332E-01
  0.4810E+03  0.5018E-01
  0.4820E+03  0.5441E-01
  0.4830E+03  0.5491E-01
  0.4840E+03  0.6473E-01
  0.4850E+03  0.5867E-01
  0.4860E+03  0.6555E-01
  0.4870E+03  0.7112E-01
  0.4880E+03  0.7109E-01
  0.4890E+03  0.8702E-01
  0.4900E+03  0.9527E-01
  0.4910E+03  0.9337E-01
  0.4920E+03  0.8986E-01
  0.4930E+03  0.1133E+00
  0.4940E+03  0.1069E+00
  0.4950E+03  0.1216E+00
  0.4960E+03  0.1382E+00
  0.4970E+03  0.1352E+00
  0.4980E+03  0.1443E+00
  0.4990E+03  0.1515E+00
  0.5000E+03  0.1563E+00
  0.5010E+03  0.1786E+00
  0.5020E+03  0.1766E+00
  0.5030E+03  0.1932E+00
  0.5040E+03  0.2152E+00
  0.5050E+03  0.2132E+00
  0.5060E+03  0.2034E+00
  0.5070E+03  0.2285E+00
  0.5080E+03  0.2432E+00
  0.5090E+03  0.2520E+00
  0.5100E+03  0.2721E+00
  0.5110E+03  0.0000E+00
  0.5120E+03  0.0000E+00
