  0.1000E+01  0.7029E+01
  0.2000E+01  0.7933E+01
  0.3000E+01  0.8524E+01
  0.4000E+01  0.8395E+01
  0.5000E+01  0.8812E+01
  0.6000E+01  0.9049E+01
  0.7000E+01  0.8706E+01
  0.8000E+01  0.8766E+01
  0.9000E+01  0.9320E+01
  0.1000E+02  0.9076E+01
  0.1100E+02  0.9313E+01
  0.1200E+02  0.9579E+01
  0.1300E+02  0.9172E+01
  0.1400E+02  0.9273E+01
  0.1500E+02  0.9244E+01
  0.1600E+02  0.9170E+01
  0.1700E+02  0.9403E+01
  0.1800E+02  0.9589E+01
  0.1900E+02  0.9366E+01
  0.2000E+02  0.9201E+01
  0.2100E+02  0.9218E+01
  0.2200E+02  0.9491E+01
  0.2300E+02  0.1003E+02
  0.2400E+02  0.1167E+02
  0.2500E+02  0.1336E+02
  0.2600E+02  0.1609E+02
  0.2700E+02  0.1816E+02
  0.2800E+02  0.1817E+02
  0.2900E+02  0.1710E+02
  0.3000E+02  0.1522E+02
  0.3100E+02  0.1409E+02
  0.3200E+02  0.1233E+02
  0.3300E+02  0.1130E+02
  0.3400E+02  0.1035E+02
  0.3500E+02  0.9836E+01
  0.3600E+02  0.9465E+01
  0.3700E+02  0.8911E+01
  0.3800E+02  0.9531E+01
  0.3900E+02  0.9195E+01
  0.4000E+02  0.9551E+01
  0.4100E+02  0.9247E+01
  0.4200E+02  0.9425E+01
  0.4300E+02  0.9377E+01
  0.4400E+02  0.9226E+01
  0.4500E+02  0.9529E+01
  0.4600E+02  0.9572E+01
  0.4700E+02  0.9850E+01
  0.4800E+02  0.9767E+01
  0.4900E+02  0.9474E+01
  0.5000E+02  0.9426E+01
  0.5100E+02  0.9612E+01
  0.5200E+02  0.9137E+01
  0.5300E+02  0.9775E+01
  0.5400E+02  0.9867E+01
  0.5500E+02  0.9512E+01
  0.5600E+02  0.1001E+02
  0.5700E+02  0.9706E+01
  0.5800E+02  0.9768E+01
  0.5900E+02  0.9696E+01
  0.6000E+02  0.9418E+01
  0.6100E+02  0.9274E+01
  0.6200E+02  0.9336E+01
  0.6300E+02  0.9317E+01
  0.6400E+02  0.9292E+01
  0.6500E+02  0.9162E+01
  0.6600E+02  0.8840E+01
  0.6700E+02  0.9387E+01
  0.6800E+02  0.9150E+01
  0.6900E+02  0.9534E+01
  0.7000E+02  0.8962E+01
  0.7100E+02  0.8872E+01
  0.7200E+02  0.8761E+01
  0.7300E+02  0.8821E+01
  0.7400E+02  0.9183E+01
  0.7500E+02  0.8762E+01
  0.7600E+02  0.9174E+01
  0.7700E+02  0.9259E+01
  0.7800E+02  0.8374E+01
  0.7900E+02  0.9133E+01
  0.8000E+02  0.8871E+01
  0.8100E+02  0.8754E+01
  0.8200E+02  0.8881E+01
  0.8300E+02  0.9061E+01
  0.8400E+02  0.9035E+01
  0.8500E+02  0.9039E+01
  0.8600E+02  0.8800E+01
  0.8700E+02  0.9174E+01
  0.8800E+02  0.9230E+01
  0.8900E+02  0.9051E+01
  0.9000E+02  0.9252E+01
  0.9100E+02  0.8775E+01
  0.9200E+02  0.9488E+01
  0.9300E+02  0.9558E+01
  0.9400E+02  0.8699E+01
  0.9500E+02  0.9051E+01
  0.9600E+02  0.9022E+01
  0.9700E+02  0.8999E+01
  0.9800E+02  0.9412E+01
  0.9900E+02  0.8882E+01
  0.1000E+03  0.9149E+01
  0.1010E+03  0.9470E+01
  0.1020E+03  0.9162E+01
  0.1030E+03  0.8897E+01
  0.1040E+03  0.9302E+01
  0.1050E+03  0.9341E+01
  0.1060E+03  0.9756E+01
  0.1070E+03  0.9602E+01
  0.1080E+03  0.9796E+01
  0.1090E+03  0.9704E+01
  0.1100E+03  0.9862E+01
  0.1110E+03  0.9888E+01
  0.1120E+03  0.9986E+01
  0.1130E+03  0.1015E+02
  0.1140E+03  0.9738E+01
  0.1150E+03  0.1016E+02
  0.1160E+03  0.1010E+02
  0.1170E+03  0.1038E+02
  0.1180E+03  0.1018E+02
  0.1190E+03  0.1079E+02
  0.1200E+03  0.1036E+02
  0.1210E+03  0.1070E+02
  0.1220E+03  0.1061E+02
  0.1230E+03  0.1077E+02
  0.1240E+03  0.1104E+02
  0.1250E+03  0.1108E+02
  0.1260E+03  0.1160E+02
  0.1270E+03  0.1207E+02
  0.1280E+03  0.1129E+02
  0.1290E+03  0.1234E+02
  0.1300E+03  0.1186E+02
  0.1310E+03  0.1216E+02
  0.1320E+03  0.1215E+02
  0.1330E+03  0.1224E+02
  0.1340E+03  0.1316E+02
  0.1350E+03  0.1300E+02
  0.1360E+03  0.1332E+02
  0.1370E+03  0.1356E+02
  0.1380E+03  0.1451E+02
  0.1390E+03  0.1473E+02
  0.1400E+03  0.1467E+02
  0.1410E+03  0.1530E+02
  0.1420E+03  0.1662E+02
  0.1430E+03  0.1735E+02
  0.1440E+03  0.1814E+02
  0.1450E+03  0.1917E+02
  0.1460E+03  0.2139E+02
  0.1470E+03  0.2324E+02
  0.1480E+03  0.2448E+02
  0.1490E+03  0.2739E+02
  0.1500E+03  0.2904E+02
  0.1510E+03  0.3224E+02
  0.1520E+03  0.3551E+02
  0.1530E+03  0.3760E+02
  0.1540E+03  0.3922E+02
  0.1550E+03  0.4206E+02
  0.1560E+03  0.4446E+02
  0.1570E+03  0.4495E+02
  0.1580E+03  0.4575E+02
  0.1590E+03  0.4590E+02
  0.1600E+03  0.4448E+02
  0.1610E+03  0.4310E+02
  0.1620E+03  0.4209E+02
  0.1630E+03  0.3960E+02
  0.1640E+03  0.3688E+02
  0.1650E+03  0.3411E+02
  0.1660E+03  0.3116E+02
  0.1670E+03  0.2887E+02
  0.1680E+03  0.2621E+02
  0.1690E+03  0.2363E+02
  0.1700E+03  0.2158E+02
  0.1710E+03  0.1970E+02
  0.1720E+03  0.1857E+02
  0.1730E+03  0.1706E+02
  0.1740E+03  0.1613E+02
  0.1750E+03  0.1497E+02
  0.1760E+03  0.1480E+02
  0.1770E+03  0.1442E+02
  0.1780E+03  0.1474E+02
  0.1790E+03  0.1409E+02
  0.1800E+03  0.1446E+02
  0.1810E+03  0.1473E+02
  0.1820E+03  0.1453E+02
  0.1830E+03  0.1528E+02
  0.1840E+03  0.1516E+02
  0.1850E+03  0.1478E+02
  0.1860E+03  0.1455E+02
  0.1870E+03  0.1492E+02
  0.1880E+03  0.1498E+02
  0.1890E+03  0.1531E+02
  0.1900E+03  0.1606E+02
  0.1910E+03  0.1569E+02
  0.1920E+03  0.1566E+02
  0.1930E+03  0.1596E+02
  0.1940E+03  0.1625E+02
  0.1950E+03  0.1592E+02
  0.1960E+03  0.1591E+02
  0.1970E+03  0.1628E+02
  0.1980E+03  0.1708E+02
  0.1990E+03  0.1702E+02
  0.2000E+03  0.1698E+02
  0.2010E+03  0.1707E+02
  0.2020E+03  0.1699E+02
  0.2030E+03  0.1701E+02
  0.2040E+03  0.1694E+02
  0.2050E+03  0.1789E+02
  0.2060E+03  0.1740E+02
  0.2070E+03  0.1764E+02
  0.2080E+03  0.1808E+02
  0.2090E+03  0.1826E+02
  0.2100E+03  0.1935E+02
  0.2110E+03  0.1880E+02
  0.2120E+03  0.1819E+02
  0.2130E+03  0.1898E+02
  0.2140E+03  0.1943E+02
  0.2150E+03  0.1932E+02
  0.2160E+03  0.1943E+02
  0.2170E+03  0.2028E+02
  0.2180E+03  0.1965E+02
  0.2190E+03  0.1960E+02
  0.2200E+03  0.2042E+02
  0.2210E+03  0.2039E+02
  0.2220E+03  0.2076E+02
  0.2230E+03  0.2099E+02
  0.2240E+03  0.2124E+02
  0.2250E+03  0.2117E+02
  0.2260E+03  0.2156E+02
  0.2270E+03  0.2144E+02
  0.2280E+03  0.2199E+02
  0.2290E+03  0.2211E+02
  0.2300E+03  0.2285E+02
  0.2310E+03  0.2254E+02
  0.2320E+03  0.2304E+02
  0.2330E+03  0.2312E+02
  0.2340E+03  0.2267E+02
  0.2350E+03  0.2324E+02
  0.2360E+03  0.2330E+02
  0.2370E+03  0.2387E+02
  0.2380E+03  0.2408E+02
  0.2390E+03  0.2421E+02
  0.2400E+03  0.2426E+02
  0.2410E+03  0.2509E+02
  0.2420E+03  0.2468E+02
  0.2430E+03  0.2472E+02
  0.2440E+03  0.2544E+02
  0.2450E+03  0.2642E+02
  0.2460E+03  0.2610E+02
  0.2470E+03  0.2581E+02
  0.2480E+03  0.2614E+02
  0.2490E+03  0.2628E+02
  0.2500E+03  0.2589E+02
  0.2510E+03  0.2610E+02
  0.2520E+03  0.2681E+02
  0.2530E+03  0.2682E+02
  0.2540E+03  0.2758E+02
  0.2550E+03  0.2688E+02
  0.2560E+03  0.2727E+02
  0.2570E+03  0.2710E+02
  0.2580E+03  0.2723E+02
  0.2590E+03  0.2759E+02
  0.2600E+03  0.2820E+02
  0.2610E+03  0.2680E+02
  0.2620E+03  0.2812E+02
  0.2630E+03  0.2797E+02
  0.2640E+03  0.2844E+02
  0.2650E+03  0.2801E+02
  0.2660E+03  0.2878E+02
  0.2670E+03  0.2864E+02
  0.2680E+03  0.2889E+02
  0.2690E+03  0.2882E+02
  0.2700E+03  0.2955E+02
  0.2710E+03  0.2863E+02
  0.2720E+03  0.2958E+02
  0.2730E+03  0.2903E+02
  0.2740E+03  0.2947E+02
  0.2750E+03  0.2971E+02
  0.2760E+03  0.3034E+02
  0.2770E+03  0.3000E+02
  0.2780E+03  0.2993E+02
  0.2790E+03  0.2980E+02
  0.2800E+03  0.3068E+02
  0.2810E+03  0.3066E+02
  0.2820E+03  0.3045E+02
  0.2830E+03  0.3124E+02
  0.2840E+03  0.3024E+02
  0.2850E+03  0.3125E+02
  0.2860E+03  0.3045E+02
  0.2870E+03  0.3036E+02
  0.2880E+03  0.3086E+02
  0.2890E+03  0.3051E+02
  0.2900E+03  0.2992E+02
  0.2910E+03  0.3062E+02
  0.2920E+03  0.3047E+02
  0.2930E+03  0.3088E+02
  0.2940E+03  0.3132E+02
  0.2950E+03  0.3043E+02
  0.2960E+03  0.3041E+02
  0.2970E+03  0.3098E+02
  0.2980E+03  0.3101E+02
  0.2990E+03  0.3108E+02
  0.3000E+03  0.3072E+02
  0.3010E+03  0.3121E+02
  0.3020E+03  0.3165E+02
  0.3030E+03  0.3041E+02
  0.3040E+03  0.3102E+02
  0.3050E+03  0.3120E+02
  0.3060E+03  0.3185E+02
  0.3070E+03  0.3076E+02
  0.3080E+03  0.3179E+02
  0.3090E+03  0.3132E+02
  0.3100E+03  0.3152E+02
  0.3110E+03  0.3182E+02
  0.3120E+03  0.3231E+02
  0.3130E+03  0.3197E+02
  0.3140E+03  0.3132E+02
  0.3150E+03  0.3266E+02
  0.3160E+03  0.3246E+02
  0.3170E+03  0.3312E+02
  0.3180E+03  0.3267E+02
  0.3190E+03  0.3278E+02
  0.3200E+03  0.3309E+02
  0.3210E+03  0.3331E+02
  0.3220E+03  0.3368E+02
  0.3230E+03  0.3312E+02
  0.3240E+03  0.3412E+02
  0.3250E+03  0.3341E+02
  0.3260E+03  0.3362E+02
  0.3270E+03  0.3364E+02
  0.3280E+03  0.3382E+02
  0.3290E+03  0.3494E+02
  0.3300E+03  0.3405E+02
  0.3310E+03  0.3468E+02
  0.3320E+03  0.3462E+02
  0.3330E+03  0.3407E+02
  0.3340E+03  0.3477E+02
  0.3350E+03  0.3471E+02
  0.3360E+03  0.3461E+02
  0.3370E+03  0.3523E+02
  0.3380E+03  0.3532E+02
  0.3390E+03  0.3559E+02
  0.3400E+03  0.3548E+02
  0.3410E+03  0.3526E+02
  0.3420E+03  0.3648E+02
  0.3430E+03  0.3573E+02
  0.3440E+03  0.3497E+02
  0.3450E+03  0.3438E+02
  0.3460E+03  0.3537E+02
  0.3470E+03  0.3538E+02
  0.3480E+03  0.3549E+02
  0.3490E+03  0.3515E+02
  0.3500E+03  0.3459E+02
  0.3510E+03  0.3426E+02
  0.3520E+03  0.3354E+02
  0.3530E+03  0.3423E+02
  0.3540E+03  0.3374E+02
  0.3550E+03  0.3281E+02
  0.3560E+03  0.3315E+02
  0.3570E+03  0.3324E+02
  0.3580E+03  0.3286E+02
  0.3590E+03  0.3276E+02
  0.3600E+03  0.3302E+02
  0.3610E+03  0.3256E+02
  0.3620E+03  0.3204E+02
  0.3630E+03  0.3164E+02
  0.3640E+03  0.3113E+02
  0.3650E+03  0.3116E+02
  0.3660E+03  0.3168E+02
  0.3670E+03  0.3059E+02
  0.3680E+03  0.3079E+02
  0.3690E+03  0.3114E+02
  0.3700E+03  0.2992E+02
  0.3710E+03  0.3017E+02
  0.3720E+03  0.2939E+02
  0.3730E+03  0.3002E+02
  0.3740E+03  0.3001E+02
  0.3750E+03  0.2990E+02
  0.3760E+03  0.2915E+02
  0.3770E+03  0.2975E+02
  0.3780E+03  0.2969E+02
  0.3790E+03  0.3001E+02
  0.3800E+03  0.2912E+02
  0.3810E+03  0.2964E+02
  0.3820E+03  0.3036E+02
  0.3830E+03  0.2946E+02
  0.3840E+03  0.2979E+02
  0.3850E+03  0.2904E+02
  0.3860E+03  0.2938E+02
  0.3870E+03  0.3026E+02
  0.3880E+03  0.2923E+02
  0.3890E+03  0.3015E+02
  0.3900E+03  0.3043E+02
  0.3910E+03  0.2990E+02
  0.3920E+03  0.3044E+02
  0.3930E+03  0.3021E+02
  0.3940E+03  0.3019E+02
  0.3950E+03  0.3036E+02
  0.3960E+03  0.3055E+02
  0.3970E+03  0.3058E+02
  0.3980E+03  0.3069E+02
  0.3990E+03  0.3087E+02
  0.4000E+03  0.2983E+02
  0.4010E+03  0.3116E+02
  0.4020E+03  0.3029E+02
  0.4030E+03  0.3091E+02
  0.4040E+03  0.3012E+02
  0.4050E+03  0.3074E+02
  0.4060E+03  0.3131E+02
  0.4070E+03  0.3156E+02
  0.4080E+03  0.3100E+02
  0.4090E+03  0.3171E+02
  0.4100E+03  0.3257E+02
  0.4110E+03  0.3159E+02
  0.4120E+03  0.3169E+02
  0.4130E+03  0.3247E+02
  0.4140E+03  0.3243E+02
  0.4150E+03  0.3184E+02
  0.4160E+03  0.3270E+02
  0.4170E+03  0.3280E+02
  0.4180E+03  0.3264E+02
  0.4190E+03  0.3306E+02
  0.4200E+03  0.3333E+02
  0.4210E+03  0.3378E+02
  0.4220E+03  0.3354E+02
  0.4230E+03  0.3462E+02
  0.4240E+03  0.3561E+02
  0.4250E+03  0.3502E+02
  0.4260E+03  0.3427E+02
  0.4270E+03  0.3541E+02
  0.4280E+03  0.3603E+02
  0.4290E+03  0.3627E+02
  0.4300E+03  0.3519E+02
  0.4310E+03  0.3564E+02
  0.4320E+03  0.3610E+02
  0.4330E+03  0.3644E+02
  0.4340E+03  0.3673E+02
  0.4350E+03  0.3544E+02
  0.4360E+03  0.3607E+02
  0.4370E+03  0.3521E+02
  0.4380E+03  0.3601E+02
  0.4390E+03  0.3593E+02
  0.4400E+03  0.3633E+02
  0.4410E+03  0.3590E+02
  0.4420E+03  0.3625E+02
  0.4430E+03  0.3443E+02
  0.4440E+03  0.3482E+02
  0.4450E+03  0.3526E+02
  0.4460E+03  0.3476E+02
  0.4470E+03  0.3502E+02
  0.4480E+03  0.3368E+02
  0.4490E+03  0.3381E+02
  0.4500E+03  0.3379E+02
  0.4510E+03  0.3292E+02
  0.4520E+03  0.3235E+02
  0.4530E+03  0.3263E+02
  0.4540E+03  0.3176E+02
  0.4550E+03  0.3097E+02
  0.4560E+03  0.3136E+02
  0.4570E+03  0.3019E+02
  0.4580E+03  0.3043E+02
  0.4590E+03  0.3016E+02
  0.4600E+03  0.3060E+02
  0.4610E+03  0.2910E+02
  0.4620E+03  0.2938E+02
  0.4630E+03  0.2924E+02
  0.4640E+03  0.2905E+02
  0.4650E+03  0.2848E+02
  0.4660E+03  0.2839E+02
  0.4670E+03  0.2835E+02
  0.4680E+03  0.2717E+02
  0.4690E+03  0.2874E+02
  0.4700E+03  0.2707E+02
  0.4710E+03  0.2725E+02
  0.4720E+03  0.2735E+02
  0.4730E+03  0.2747E+02
  0.4740E+03  0.2668E+02
  0.4750E+03  0.2767E+02
  0.4760E+03  0.2796E+02
  0.4770E+03  0.2795E+02
  0.4780E+03  0.2741E+02
  0.4790E+03  0.2686E+02
  0.4800E+03  0.2782E+02
  0.4810E+03  0.2769E+02
  0.4820E+03  0.2718E+02
  0.4830E+03  0.2706E+02
  0.4840E+03  0.2783E+02
  0.4850E+03  0.2846E+02
  0.4860E+03  0.2833E+02
  0.4870E+03  0.2877E+02
  0.4880E+03  0.2793E+02
  0.4890E+03  0.2923E+02
  0.4900E+03  0.2856E+02
  0.4910E+03  0.2867E+02
  0.4920E+03  0.3009E+02
  0.4930E+03  0.2940E+02
  0.4940E+03  0.3042E+02
  0.4950E+03  0.2994E+02
  0.4960E+03  0.3033E+02
  0.4970E+03  0.3123E+02
  0.4980E+03  0.3087E+02
  0.4990E+03  0.3155E+02
  0.5000E+03  0.3242E+02
  0.5010E+03  0.3240E+02
  0.5020E+03  0.3175E+02
  0.5030E+03  0.3191E+02
  0.5040E+03  0.3274E+02
  0.5050E+03  0.3182E+02
  0.5060E+03  0.3343E+02
  0.5070E+03  0.3335E+02
  0.5080E+03  0.3292E+02
  0.5090E+03  0.3490E+02
  0.5100E+03  0.3338E+02
  0.5110E+03  0.0000E+00
  0.5120E+03  0.0000E+00
