  0.1000E+01  0.1977E+02
  0.2000E+01  0.2184E+02
  0.3000E+01  0.2266E+02
  0.4000E+01  0.2293E+02
  0.5000E+01  0.2334E+02
  0.6000E+01  0.2431E+02
  0.7000E+01  0.2406E+02
  0.8000E+01  0.2323E+02
  0.9000E+01  0.2365E+02
  0.1000E+02  0.2354E+02
  0.1100E+02  0.2385E+02
  0.1200E+02  0.2391E+02
  0.1300E+02  0.2428E+02
  0.1400E+02  0.2339E+02
  0.1500E+02  0.2272E+02
  0.1600E+02  0.2377E+02
  0.1700E+02  0.2325E+02
  0.1800E+02  0.2382E+02
  0.1900E+02  0.2270E+02
  0.2000E+02  0.2393E+02
  0.2100E+02  0.2279E+02
  0.2200E+02  0.2290E+02
  0.2300E+02  0.2262E+02
  0.2400E+02  0.2263E+02
  0.2500E+02  0.2220E+02
  0.2600E+02  0.2264E+02
  0.2700E+02  0.2195E+02
  0.2800E+02  0.2235E+02
  0.2900E+02  0.2251E+02
  0.3000E+02  0.2309E+02
  0.3100E+02  0.2219E+02
  0.3200E+02  0.2225E+02
  0.3300E+02  0.2251E+02
  0.3400E+02  0.2190E+02
  0.3500E+02  0.2221E+02
  0.3600E+02  0.2128E+02
  0.3700E+02  0.2217E+02
  0.3800E+02  0.2119E+02
  0.3900E+02  0.2176E+02
  0.4000E+02  0.2210E+02
  0.4100E+02  0.2143E+02
  0.4200E+02  0.2134E+02
  0.4300E+02  0.2230E+02
  0.4400E+02  0.2132E+02
  0.4500E+02  0.2194E+02
  0.4600E+02  0.2214E+02
  0.4700E+02  0.2256E+02
  0.4800E+02  0.2109E+02
  0.4900E+02  0.2293E+02
  0.5000E+02  0.2335E+02
  0.5100E+02  0.2257E+02
  0.5200E+02  0.2379E+02
  0.5300E+02  0.2399E+02
  0.5400E+02  0.2484E+02
  0.5500E+02  0.2512E+02
  0.5600E+02  0.2519E+02
  0.5700E+02  0.2521E+02
  0.5800E+02  0.2622E+02
  0.5900E+02  0.2680E+02
  0.6000E+02  0.2650E+02
  0.6100E+02  0.2715E+02
  0.6200E+02  0.2698E+02
  0.6300E+02  0.2785E+02
  0.6400E+02  0.2857E+02
  0.6500E+02  0.2899E+02
  0.6600E+02  0.2925E+02
  0.6700E+02  0.2932E+02
  0.6800E+02  0.3038E+02
  0.6900E+02  0.2979E+02
  0.7000E+02  0.3144E+02
  0.7100E+02  0.3143E+02
  0.7200E+02  0.3183E+02
  0.7300E+02  0.3258E+02
  0.7400E+02  0.3208E+02
  0.7500E+02  0.3296E+02
  0.7600E+02  0.3306E+02
  0.7700E+02  0.3440E+02
  0.7800E+02  0.3382E+02
  0.7900E+02  0.3416E+02
  0.8000E+02  0.3491E+02
  0.8100E+02  0.3445E+02
  0.8200E+02  0.3454E+02
  0.8300E+02  0.3532E+02
  0.8400E+02  0.3500E+02
  0.8500E+02  0.3471E+02
  0.8600E+02  0.3497E+02
  0.8700E+02  0.3515E+02
  0.8800E+02  0.3545E+02
  0.8900E+02  0.3419E+02
  0.9000E+02  0.3549E+02
  0.9100E+02  0.3524E+02
  0.9200E+02  0.3417E+02
  0.9300E+02  0.3504E+02
  0.9400E+02  0.3519E+02
  0.9500E+02  0.3471E+02
  0.9600E+02  0.3584E+02
  0.9700E+02  0.3605E+02
  0.9800E+02  0.3611E+02
  0.9900E+02  0.3676E+02
  0.1000E+03  0.3539E+02
  0.1010E+03  0.3514E+02
  0.1020E+03  0.3602E+02
  0.1030E+03  0.3555E+02
  0.1040E+03  0.3654E+02
  0.1050E+03  0.3585E+02
  0.1060E+03  0.3524E+02
  0.1070E+03  0.3625E+02
  0.1080E+03  0.3557E+02
  0.1090E+03  0.3593E+02
  0.1100E+03  0.3647E+02
  0.1110E+03  0.3624E+02
  0.1120E+03  0.3600E+02
  0.1130E+03  0.3535E+02
  0.1140E+03  0.3597E+02
  0.1150E+03  0.3616E+02
  0.1160E+03  0.3607E+02
  0.1170E+03  0.3640E+02
  0.1180E+03  0.3721E+02
  0.1190E+03  0.3688E+02
  0.1200E+03  0.3733E+02
  0.1210E+03  0.3713E+02
  0.1220E+03  0.3800E+02
  0.1230E+03  0.3729E+02
  0.1240E+03  0.3797E+02
  0.1250E+03  0.3891E+02
  0.1260E+03  0.3908E+02
  0.1270E+03  0.3863E+02
  0.1280E+03  0.3990E+02
  0.1290E+03  0.3922E+02
  0.1300E+03  0.3971E+02
  0.1310E+03  0.4057E+02
  0.1320E+03  0.4119E+02
  0.1330E+03  0.4157E+02
  0.1340E+03  0.4068E+02
  0.1350E+03  0.4174E+02
  0.1360E+03  0.4185E+02
  0.1370E+03  0.4161E+02
  0.1380E+03  0.4229E+02
  0.1390E+03  0.4320E+02
  0.1400E+03  0.4357E+02
  0.1410E+03  0.4341E+02
  0.1420E+03  0.4475E+02
  0.1430E+03  0.4431E+02
  0.1440E+03  0.4423E+02
  0.1450E+03  0.4619E+02
  0.1460E+03  0.4546E+02
  0.1470E+03  0.4571E+02
  0.1480E+03  0.4700E+02
  0.1490E+03  0.4724E+02
  0.1500E+03  0.4718E+02
  0.1510E+03  0.4739E+02
  0.1520E+03  0.4834E+02
  0.1530E+03  0.4841E+02
  0.1540E+03  0.4872E+02
  0.1550E+03  0.4922E+02
  0.1560E+03  0.4985E+02
  0.1570E+03  0.5023E+02
  0.1580E+03  0.5087E+02
  0.1590E+03  0.5128E+02
  0.1600E+03  0.5285E+02
  0.1610E+03  0.5280E+02
  0.1620E+03  0.5290E+02
  0.1630E+03  0.5415E+02
  0.1640E+03  0.5369E+02
  0.1650E+03  0.5365E+02
  0.1660E+03  0.5458E+02
  0.1670E+03  0.5472E+02
  0.1680E+03  0.5431E+02
  0.1690E+03  0.5477E+02
  0.1700E+03  0.5621E+02
  0.1710E+03  0.5638E+02
  0.1720E+03  0.5563E+02
  0.1730E+03  0.5537E+02
  0.1740E+03  0.5508E+02
  0.1750E+03  0.5520E+02
  0.1760E+03  0.5530E+02
  0.1770E+03  0.5399E+02
  0.1780E+03  0.5268E+02
  0.1790E+03  0.5236E+02
  0.1800E+03  0.5286E+02
  0.1810E+03  0.5144E+02
  0.1820E+03  0.5087E+02
  0.1830E+03  0.4952E+02
  0.1840E+03  0.4878E+02
  0.1850E+03  0.4817E+02
  0.1860E+03  0.4689E+02
  0.1870E+03  0.4537E+02
  0.1880E+03  0.4460E+02
  0.1890E+03  0.4415E+02
  0.1900E+03  0.4334E+02
  0.1910E+03  0.4198E+02
  0.1920E+03  0.4199E+02
  0.1930E+03  0.4093E+02
  0.1940E+03  0.3872E+02
  0.1950E+03  0.3857E+02
  0.1960E+03  0.3769E+02
  0.1970E+03  0.3757E+02
  0.1980E+03  0.3684E+02
  0.1990E+03  0.3565E+02
  0.2000E+03  0.3475E+02
  0.2010E+03  0.3466E+02
  0.2020E+03  0.3433E+02
  0.2030E+03  0.3295E+02
  0.2040E+03  0.3282E+02
  0.2050E+03  0.3271E+02
  0.2060E+03  0.3151E+02
  0.2070E+03  0.3073E+02
  0.2080E+03  0.3089E+02
  0.2090E+03  0.2968E+02
  0.2100E+03  0.2986E+02
  0.2110E+03  0.2856E+02
  0.2120E+03  0.2815E+02
  0.2130E+03  0.2719E+02
  0.2140E+03  0.2656E+02
  0.2150E+03  0.2625E+02
  0.2160E+03  0.2615E+02
  0.2170E+03  0.2519E+02
  0.2180E+03  0.2523E+02
  0.2190E+03  0.2506E+02
  0.2200E+03  0.2404E+02
  0.2210E+03  0.2361E+02
  0.2220E+03  0.2323E+02
  0.2230E+03  0.2307E+02
  0.2240E+03  0.2253E+02
  0.2250E+03  0.2206E+02
  0.2260E+03  0.2221E+02
  0.2270E+03  0.2214E+02
  0.2280E+03  0.2128E+02
  0.2290E+03  0.2109E+02
  0.2300E+03  0.1965E+02
  0.2310E+03  0.2047E+02
  0.2320E+03  0.2030E+02
  0.2330E+03  0.1948E+02
  0.2340E+03  0.1896E+02
  0.2350E+03  0.1866E+02
  0.2360E+03  0.1904E+02
  0.2370E+03  0.1822E+02
  0.2380E+03  0.1842E+02
  0.2390E+03  0.1785E+02
  0.2400E+03  0.1817E+02
  0.2410E+03  0.1729E+02
  0.2420E+03  0.1674E+02
  0.2430E+03  0.1678E+02
  0.2440E+03  0.1672E+02
  0.2450E+03  0.1626E+02
  0.2460E+03  0.1602E+02
  0.2470E+03  0.1612E+02
  0.2480E+03  0.1595E+02
  0.2490E+03  0.1575E+02
  0.2500E+03  0.1544E+02
  0.2510E+03  0.1479E+02
  0.2520E+03  0.1526E+02
  0.2530E+03  0.1517E+02
  0.2540E+03  0.1465E+02
  0.2550E+03  0.1491E+02
  0.2560E+03  0.1461E+02
  0.2570E+03  0.1406E+02
  0.2580E+03  0.1358E+02
  0.2590E+03  0.1333E+02
  0.2600E+03  0.1330E+02
  0.2610E+03  0.1277E+02
  0.2620E+03  0.1277E+02
  0.2630E+03  0.1293E+02
  0.2640E+03  0.1276E+02
  0.2650E+03  0.1252E+02
  0.2660E+03  0.1266E+02
  0.2670E+03  0.1215E+02
  0.2680E+03  0.1237E+02
  0.2690E+03  0.1180E+02
  0.2700E+03  0.1177E+02
  0.2710E+03  0.1164E+02
  0.2720E+03  0.1172E+02
  0.2730E+03  0.1127E+02
  0.2740E+03  0.1098E+02
  0.2750E+03  0.1176E+02
  0.2760E+03  0.1073E+02
  0.2770E+03  0.1107E+02
  0.2780E+03  0.1109E+02
  0.2790E+03  0.1045E+02
  0.2800E+03  0.1050E+02
  0.2810E+03  0.1081E+02
  0.2820E+03  0.1028E+02
  0.2830E+03  0.9947E+01
  0.2840E+03  0.9899E+01
  0.2850E+03  0.1006E+02
  0.2860E+03  0.9684E+01
  0.2870E+03  0.1002E+02
  0.2880E+03  0.9115E+01
  0.2890E+03  0.9869E+01
  0.2900E+03  0.9459E+01
  0.2910E+03  0.9254E+01
  0.2920E+03  0.8881E+01
  0.2930E+03  0.8700E+01
  0.2940E+03  0.8841E+01
  0.2950E+03  0.8827E+01
  0.2960E+03  0.9025E+01
  0.2970E+03  0.9210E+01
  0.2980E+03  0.8288E+01
  0.2990E+03  0.8368E+01
  0.3000E+03  0.8108E+01
  0.3010E+03  0.8002E+01
  0.3020E+03  0.8360E+01
  0.3030E+03  0.7634E+01
  0.3040E+03  0.7641E+01
  0.3050E+03  0.7779E+01
  0.3060E+03  0.7874E+01
  0.3070E+03  0.7621E+01
  0.3080E+03  0.7538E+01
  0.3090E+03  0.7365E+01
  0.3100E+03  0.7071E+01
  0.3110E+03  0.7234E+01
  0.3120E+03  0.7309E+01
  0.3130E+03  0.7265E+01
  0.3140E+03  0.6862E+01
  0.3150E+03  0.6900E+01
  0.3160E+03  0.6960E+01
  0.3170E+03  0.6912E+01
  0.3180E+03  0.6707E+01
  0.3190E+03  0.6459E+01
  0.3200E+03  0.6357E+01
  0.3210E+03  0.6149E+01
  0.3220E+03  0.6452E+01
  0.3230E+03  0.6289E+01
  0.3240E+03  0.6002E+01
  0.3250E+03  0.6184E+01
  0.3260E+03  0.6412E+01
  0.3270E+03  0.5898E+01
  0.3280E+03  0.5852E+01
  0.3290E+03  0.5650E+01
  0.3300E+03  0.5701E+01
  0.3310E+03  0.5538E+01
  0.3320E+03  0.5729E+01
  0.3330E+03  0.5923E+01
  0.3340E+03  0.5553E+01
  0.3350E+03  0.5231E+01
  0.3360E+03  0.5685E+01
  0.3370E+03  0.5297E+01
  0.3380E+03  0.5263E+01
  0.3390E+03  0.5122E+01
  0.3400E+03  0.5295E+01
  0.3410E+03  0.5387E+01
  0.3420E+03  0.5194E+01
  0.3430E+03  0.4928E+01
  0.3440E+03  0.5101E+01
  0.3450E+03  0.4853E+01
  0.3460E+03  0.4824E+01
  0.3470E+03  0.4786E+01
  0.3480E+03  0.4863E+01
  0.3490E+03  0.4628E+01
  0.3500E+03  0.4883E+01
  0.3510E+03  0.4963E+01
  0.3520E+03  0.4854E+01
  0.3530E+03  0.4894E+01
  0.3540E+03  0.4504E+01
  0.3550E+03  0.4340E+01
  0.3560E+03  0.4404E+01
  0.3570E+03  0.4673E+01
  0.3580E+03  0.4542E+01
  0.3590E+03  0.4182E+01
  0.3600E+03  0.3877E+01
  0.3610E+03  0.4205E+01
  0.3620E+03  0.4104E+01
  0.3630E+03  0.3832E+01
  0.3640E+03  0.3783E+01
  0.3650E+03  0.4060E+01
  0.3660E+03  0.3907E+01
  0.3670E+03  0.4186E+01
  0.3680E+03  0.3851E+01
  0.3690E+03  0.3674E+01
  0.3700E+03  0.3670E+01
  0.3710E+03  0.3818E+01
  0.3720E+03  0.3774E+01
  0.3730E+03  0.3849E+01
  0.3740E+03  0.3834E+01
  0.3750E+03  0.3307E+01
  0.3760E+03  0.3328E+01
  0.3770E+03  0.3794E+01
  0.3780E+03  0.3475E+01
  0.3790E+03  0.3535E+01
  0.3800E+03  0.3325E+01
  0.3810E+03  0.3417E+01
  0.3820E+03  0.3356E+01
  0.3830E+03  0.3193E+01
  0.3840E+03  0.2979E+01
  0.3850E+03  0.3337E+01
  0.3860E+03  0.3144E+01
  0.3870E+03  0.3204E+01
  0.3880E+03  0.3166E+01
  0.3890E+03  0.3063E+01
  0.3900E+03  0.3047E+01
  0.3910E+03  0.3094E+01
  0.3920E+03  0.2808E+01
  0.3930E+03  0.3025E+01
  0.3940E+03  0.2964E+01
  0.3950E+03  0.2942E+01
  0.3960E+03  0.2952E+01
  0.3970E+03  0.2821E+01
  0.3980E+03  0.2857E+01
  0.3990E+03  0.2800E+01
  0.4000E+03  0.2701E+01
  0.4010E+03  0.2569E+01
  0.4020E+03  0.2806E+01
  0.4030E+03  0.2709E+01
  0.4040E+03  0.2740E+01
  0.4050E+03  0.2611E+01
  0.4060E+03  0.2599E+01
  0.4070E+03  0.2509E+01
  0.4080E+03  0.2273E+01
  0.4090E+03  0.2613E+01
  0.4100E+03  0.2417E+01
  0.4110E+03  0.2569E+01
  0.4120E+03  0.2176E+01
  0.4130E+03  0.2493E+01
  0.4140E+03  0.2194E+01
  0.4150E+03  0.2139E+01
  0.4160E+03  0.2052E+01
  0.4170E+03  0.2276E+01
  0.4180E+03  0.2285E+01
  0.4190E+03  0.2179E+01
  0.4200E+03  0.1956E+01
  0.4210E+03  0.2240E+01
  0.4220E+03  0.2155E+01
  0.4230E+03  0.1947E+01
  0.4240E+03  0.1920E+01
  0.4250E+03  0.2105E+01
  0.4260E+03  0.2038E+01
  0.4270E+03  0.1941E+01
  0.4280E+03  0.1818E+01
  0.4290E+03  0.1927E+01
  0.4300E+03  0.1657E+01
  0.4310E+03  0.1701E+01
  0.4320E+03  0.1719E+01
  0.4330E+03  0.1857E+01
  0.4340E+03  0.1798E+01
  0.4350E+03  0.1748E+01
  0.4360E+03  0.1631E+01
  0.4370E+03  0.1416E+01
  0.4380E+03  0.1792E+01
  0.4390E+03  0.1719E+01
  0.4400E+03  0.1616E+01
  0.4410E+03  0.1942E+01
  0.4420E+03  0.1458E+01
  0.4430E+03  0.1950E+01
  0.4440E+03  0.1682E+01
  0.4450E+03  0.1488E+01
  0.4460E+03  0.1645E+01
  0.4470E+03  0.1491E+01
  0.4480E+03  0.1620E+01
  0.4490E+03  0.1610E+01
  0.4500E+03  0.1346E+01
  0.4510E+03  0.1409E+01
  0.4520E+03  0.1304E+01
  0.4530E+03  0.1302E+01
  0.4540E+03  0.1436E+01
  0.4550E+03  0.1396E+01
  0.4560E+03  0.1399E+01
  0.4570E+03  0.1401E+01
  0.4580E+03  0.1190E+01
  0.4590E+03  0.1248E+01
  0.4600E+03  0.1205E+01
  0.4610E+03  0.1142E+01
  0.4620E+03  0.1116E+01
  0.4630E+03  0.1195E+01
  0.4640E+03  0.1203E+01
  0.4650E+03  0.1221E+01
  0.4660E+03  0.1068E+01
  0.4670E+03  0.1158E+01
  0.4680E+03  0.1034E+01
  0.4690E+03  0.9784E+00
  0.4700E+03  0.1051E+01
  0.4710E+03  0.1225E+01
  0.4720E+03  0.1081E+01
  0.4730E+03  0.1127E+01
  0.4740E+03  0.9967E+00
  0.4750E+03  0.1141E+01
  0.4760E+03  0.1074E+01
  0.4770E+03  0.9885E+00
  0.4780E+03  0.1039E+01
  0.4790E+03  0.1009E+01
  0.4800E+03  0.9545E+00
  0.4810E+03  0.1028E+01
  0.4820E+03  0.9821E+00
  0.4830E+03  0.1042E+01
  0.4840E+03  0.9919E+00
  0.4850E+03  0.8115E+00
  0.4860E+03  0.1022E+01
  0.4870E+03  0.9397E+00
  0.4880E+03  0.8478E+00
  0.4890E+03  0.9855E+00
  0.4900E+03  0.8343E+00
  0.4910E+03  0.9273E+00
  0.4920E+03  0.8406E+00
  0.4930E+03  0.7742E+00
  0.4940E+03  0.7423E+00
  0.4950E+03  0.6634E+00
  0.4960E+03  0.7864E+00
  0.4970E+03  0.6715E+00
  0.4980E+03  0.6474E+00
  0.4990E+03  0.7110E+00
  0.5000E+03  0.7296E+00
  0.5010E+03  0.5600E+00
  0.5020E+03  0.6090E+00
  0.5030E+03  0.7034E+00
  0.5040E+03  0.6355E+00
  0.5050E+03  0.7115E+00
  0.5060E+03  0.6469E+00
  0.5070E+03  0.5392E+00
  0.5080E+03  0.6745E+00
  0.5090E+03  0.4895E+00
  0.5100E+03  0.6739E+00
  0.5110E+03  0.0000E+00
  0.5120E+03  0.0000E+00
