  0.1000E+01  0.3637E+01
  0.2000E+01  0.3888E+01
  0.3000E+01  0.3941E+01
  0.4000E+01  0.3946E+01
  0.5000E+01  0.3837E+01
  0.6000E+01  0.3747E+01
  0.7000E+01  0.3662E+01
  0.8000E+01  0.3505E+01
  0.9000E+01  0.3354E+01
  0.1000E+02  0.3139E+01
  0.1100E+02  0.3021E+01
  0.1200E+02  0.2904E+01
  0.1300E+02  0.2707E+01
  0.1400E+02  0.2597E+01
  0.1500E+02  0.2442E+01
  0.1600E+02  0.2259E+01
  0.1700E+02  0.2129E+01
  0.1800E+02  0.1966E+01
  0.1900E+02  0.1856E+01
  0.2000E+02  0.1721E+01
  0.2100E+02  0.1633E+01
  0.2200E+02  0.1518E+01
  0.2300E+02  0.1406E+01
  0.2400E+02  0.1272E+01
  0.2500E+02  0.1197E+01
  0.2600E+02  0.1114E+01
  0.2700E+02  0.1054E+01
  0.2800E+02  0.9942E+00
  0.2900E+02  0.9156E+00
  0.3000E+02  0.8432E+00
  0.3100E+02  0.7812E+00
  0.3200E+02  0.7049E+00
  0.3300E+02  0.6564E+00
  0.3400E+02  0.6315E+00
  0.3500E+02  0.5720E+00
  0.3600E+02  0.5353E+00
  0.3700E+02  0.5185E+00
  0.3800E+02  0.4972E+00
  0.3900E+02  0.4593E+00
  0.4000E+02  0.4891E+00
  0.4100E+02  0.4885E+00
  0.4200E+02  0.4920E+00
  0.4300E+02  0.5042E+00
  0.4400E+02  0.5361E+00
  0.4500E+02  0.5435E+00
  0.4600E+02  0.6132E+00
  0.4700E+02  0.6913E+00
  0.4800E+02  0.7447E+00
  0.4900E+02  0.7897E+00
  0.5000E+02  0.9119E+00
  0.5100E+02  0.1015E+01
  0.5200E+02  0.1103E+01
  0.5300E+02  0.1230E+01
  0.5400E+02  0.1338E+01
  0.5500E+02  0.1458E+01
  0.5600E+02  0.1564E+01
  0.5700E+02  0.1677E+01
  0.5800E+02  0.1814E+01
  0.5900E+02  0.1897E+01
  0.6000E+02  0.2049E+01
  0.6100E+02  0.2119E+01
  0.6200E+02  0.2207E+01
  0.6300E+02  0.2285E+01
  0.6400E+02  0.2362E+01
  0.6500E+02  0.2474E+01
  0.6600E+02  0.2632E+01
  0.6700E+02  0.2637E+01
  0.6800E+02  0.2667E+01
  0.6900E+02  0.2803E+01
  0.7000E+02  0.2830E+01
  0.7100E+02  0.2908E+01
  0.7200E+02  0.2980E+01
  0.7300E+02  0.2995E+01
  0.7400E+02  0.3054E+01
  0.7500E+02  0.3142E+01
  0.7600E+02  0.3154E+01
  0.7700E+02  0.3186E+01
  0.7800E+02  0.3238E+01
  0.7900E+02  0.3380E+01
  0.8000E+02  0.3438E+01
  0.8100E+02  0.3640E+01
  0.8200E+02  0.3753E+01
  0.8300E+02  0.3912E+01
  0.8400E+02  0.4051E+01
  0.8500E+02  0.4225E+01
  0.8600E+02  0.4427E+01
  0.8700E+02  0.4671E+01
  0.8800E+02  0.4882E+01
  0.8900E+02  0.5276E+01
  0.9000E+02  0.5550E+01
  0.9100E+02  0.5947E+01
  0.9200E+02  0.6393E+01
  0.9300E+02  0.6975E+01
  0.9400E+02  0.7699E+01
  0.9500E+02  0.8367E+01
  0.9600E+02  0.9073E+01
  0.9700E+02  0.9663E+01
  0.9800E+02  0.1050E+02
  0.9900E+02  0.1099E+02
  0.1000E+03  0.1141E+02
  0.1010E+03  0.1177E+02
  0.1020E+03  0.1187E+02
  0.1030E+03  0.1177E+02
  0.1040E+03  0.1155E+02
  0.1050E+03  0.1109E+02
  0.1060E+03  0.1070E+02
  0.1070E+03  0.1016E+02
  0.1080E+03  0.9501E+01
  0.1090E+03  0.8912E+01
  0.1100E+03  0.8110E+01
  0.1110E+03  0.7505E+01
  0.1120E+03  0.6889E+01
  0.1130E+03  0.6288E+01
  0.1140E+03  0.5666E+01
  0.1150E+03  0.5135E+01
  0.1160E+03  0.4616E+01
  0.1170E+03  0.4160E+01
  0.1180E+03  0.3640E+01
  0.1190E+03  0.3345E+01
  0.1200E+03  0.2996E+01
  0.1210E+03  0.2718E+01
  0.1220E+03  0.2503E+01
  0.1230E+03  0.2384E+01
  0.1240E+03  0.2205E+01
  0.1250E+03  0.2139E+01
  0.1260E+03  0.2072E+01
  0.1270E+03  0.1964E+01
  0.1280E+03  0.1899E+01
  0.1290E+03  0.1887E+01
  0.1300E+03  0.1809E+01
  0.1310E+03  0.1725E+01
  0.1320E+03  0.1612E+01
  0.1330E+03  0.1498E+01
  0.1340E+03  0.1362E+01
  0.1350E+03  0.1283E+01
  0.1360E+03  0.1115E+01
  0.1370E+03  0.1006E+01
  0.1380E+03  0.8720E+00
  0.1390E+03  0.7813E+00
  0.1400E+03  0.6749E+00
  0.1410E+03  0.6046E+00
  0.1420E+03  0.5520E+00
  0.1430E+03  0.5224E+00
  0.1440E+03  0.4659E+00
  0.1450E+03  0.4273E+00
  0.1460E+03  0.4142E+00
  0.1470E+03  0.4220E+00
  0.1480E+03  0.3703E+00
  0.1490E+03  0.3551E+00
  0.1500E+03  0.3620E+00
  0.1510E+03  0.3574E+00
  0.1520E+03  0.3373E+00
  0.1530E+03  0.3295E+00
  0.1540E+03  0.3456E+00
  0.1550E+03  0.3313E+00
  0.1560E+03  0.3360E+00
  0.1570E+03  0.3292E+00
  0.1580E+03  0.3239E+00
  0.1590E+03  0.3252E+00
  0.1600E+03  0.3185E+00
  0.1610E+03  0.3162E+00
  0.1620E+03  0.3137E+00
  0.1630E+03  0.3050E+00
  0.1640E+03  0.3510E+00
  0.1650E+03  0.3162E+00
  0.1660E+03  0.3286E+00
  0.1670E+03  0.3520E+00
  0.1680E+03  0.3503E+00
  0.1690E+03  0.3499E+00
  0.1700E+03  0.3633E+00
  0.1710E+03  0.3767E+00
  0.1720E+03  0.3732E+00
  0.1730E+03  0.3885E+00
  0.1740E+03  0.3676E+00
  0.1750E+03  0.3831E+00
  0.1760E+03  0.3793E+00
  0.1770E+03  0.3848E+00
  0.1780E+03  0.3946E+00
  0.1790E+03  0.3853E+00
  0.1800E+03  0.4067E+00
  0.1810E+03  0.3823E+00
  0.1820E+03  0.3929E+00
  0.1830E+03  0.3716E+00
  0.1840E+03  0.3687E+00
  0.1850E+03  0.3798E+00
  0.1860E+03  0.3646E+00
  0.1870E+03  0.3539E+00
  0.1880E+03  0.3724E+00
  0.1890E+03  0.3398E+00
  0.1900E+03  0.3410E+00
  0.1910E+03  0.3294E+00
  0.1920E+03  0.3385E+00
  0.1930E+03  0.3269E+00
  0.1940E+03  0.3384E+00
  0.1950E+03  0.3064E+00
  0.1960E+03  0.3064E+00
  0.1970E+03  0.3134E+00
  0.1980E+03  0.2866E+00
  0.1990E+03  0.2918E+00
  0.2000E+03  0.2767E+00
  0.2010E+03  0.2727E+00
  0.2020E+03  0.2843E+00
  0.2030E+03  0.2632E+00
  0.2040E+03  0.2715E+00
  0.2050E+03  0.2551E+00
  0.2060E+03  0.2437E+00
  0.2070E+03  0.2578E+00
  0.2080E+03  0.2465E+00
  0.2090E+03  0.2347E+00
  0.2100E+03  0.2384E+00
  0.2110E+03  0.2411E+00
  0.2120E+03  0.2365E+00
  0.2130E+03  0.2129E+00
  0.2140E+03  0.2122E+00
  0.2150E+03  0.2177E+00
  0.2160E+03  0.2174E+00
  0.2170E+03  0.2067E+00
  0.2180E+03  0.1997E+00
  0.2190E+03  0.1863E+00
  0.2200E+03  0.1989E+00
  0.2210E+03  0.2023E+00
  0.2220E+03  0.1943E+00
  0.2230E+03  0.1826E+00
  0.2240E+03  0.1765E+00
  0.2250E+03  0.1777E+00
  0.2260E+03  0.1644E+00
  0.2270E+03  0.1713E+00
  0.2280E+03  0.1583E+00
  0.2290E+03  0.1462E+00
  0.2300E+03  0.1547E+00
  0.2310E+03  0.1435E+00
  0.2320E+03  0.1465E+00
  0.2330E+03  0.1475E+00
  0.2340E+03  0.1362E+00
  0.2350E+03  0.1360E+00
  0.2360E+03  0.1236E+00
  0.2370E+03  0.1235E+00
  0.2380E+03  0.1225E+00
  0.2390E+03  0.1175E+00
  0.2400E+03  0.1103E+00
  0.2410E+03  0.1185E+00
  0.2420E+03  0.1018E+00
  0.2430E+03  0.1017E+00
  0.2440E+03  0.1010E+00
  0.2450E+03  0.1015E+00
  0.2460E+03  0.9522E-01
  0.2470E+03  0.1010E+00
  0.2480E+03  0.9034E-01
  0.2490E+03  0.8559E-01
  0.2500E+03  0.8477E-01
  0.2510E+03  0.9433E-01
  0.2520E+03  0.8764E-01
  0.2530E+03  0.7893E-01
  0.2540E+03  0.7873E-01
  0.2550E+03  0.7960E-01
  0.2560E+03  0.7494E-01
  0.2570E+03  0.7366E-01
  0.2580E+03  0.7669E-01
  0.2590E+03  0.7030E-01
  0.2600E+03  0.6179E-01
  0.2610E+03  0.7035E-01
  0.2620E+03  0.6304E-01
  0.2630E+03  0.6176E-01
  0.2640E+03  0.5963E-01
  0.2650E+03  0.5931E-01
  0.2660E+03  0.5989E-01
  0.2670E+03  0.6134E-01
  0.2680E+03  0.5436E-01
  0.2690E+03  0.5734E-01
  0.2700E+03  0.5085E-01
  0.2710E+03  0.5783E-01
  0.2720E+03  0.5383E-01
  0.2730E+03  0.5020E-01
  0.2740E+03  0.5171E-01
  0.2750E+03  0.4971E-01
  0.2760E+03  0.4744E-01
  0.2770E+03  0.4604E-01
  0.2780E+03  0.5124E-01
  0.2790E+03  0.4943E-01
  0.2800E+03  0.4303E-01
  0.2810E+03  0.5042E-01
  0.2820E+03  0.4789E-01
  0.2830E+03  0.4754E-01
  0.2840E+03  0.3836E-01
  0.2850E+03  0.4917E-01
  0.2860E+03  0.4708E-01
  0.2870E+03  0.4399E-01
  0.2880E+03  0.4192E-01
  0.2890E+03  0.4331E-01
  0.2900E+03  0.4532E-01
  0.2910E+03  0.3800E-01
  0.2920E+03  0.3362E-01
  0.2930E+03  0.4501E-01
  0.2940E+03  0.4235E-01
  0.2950E+03  0.3540E-01
  0.2960E+03  0.4558E-01
  0.2970E+03  0.3800E-01
  0.2980E+03  0.4361E-01
  0.2990E+03  0.4397E-01
  0.3000E+03  0.4501E-01
  0.3010E+03  0.3775E-01
  0.3020E+03  0.4453E-01
  0.3030E+03  0.3675E-01
  0.3040E+03  0.3263E-01
  0.3050E+03  0.3878E-01
  0.3060E+03  0.3766E-01
  0.3070E+03  0.3620E-01
  0.3080E+03  0.3797E-01
  0.3090E+03  0.3491E-01
  0.3100E+03  0.3701E-01
  0.3110E+03  0.4004E-01
  0.3120E+03  0.3474E-01
  0.3130E+03  0.3721E-01
  0.3140E+03  0.4063E-01
  0.3150E+03  0.3115E-01
  0.3160E+03  0.3552E-01
  0.3170E+03  0.3180E-01
  0.3180E+03  0.3324E-01
  0.3190E+03  0.3412E-01
  0.3200E+03  0.3335E-01
  0.3210E+03  0.4065E-01
  0.3220E+03  0.3062E-01
  0.3230E+03  0.3284E-01
  0.3240E+03  0.3175E-01
  0.3250E+03  0.3315E-01
  0.3260E+03  0.3078E-01
  0.3270E+03  0.3014E-01
  0.3280E+03  0.3502E-01
  0.3290E+03  0.3523E-01
  0.3300E+03  0.3030E-01
  0.3310E+03  0.3530E-01
  0.3320E+03  0.3216E-01
  0.3330E+03  0.2857E-01
  0.3340E+03  0.3102E-01
  0.3350E+03  0.2943E-01
  0.3360E+03  0.3392E-01
  0.3370E+03  0.3150E-01
  0.3380E+03  0.3027E-01
  0.3390E+03  0.3107E-01
  0.3400E+03  0.2624E-01
  0.3410E+03  0.3279E-01
  0.3420E+03  0.3441E-01
  0.3430E+03  0.3174E-01
  0.3440E+03  0.2754E-01
  0.3450E+03  0.2982E-01
  0.3460E+03  0.2703E-01
  0.3470E+03  0.2672E-01
  0.3480E+03  0.2562E-01
  0.3490E+03  0.2984E-01
  0.3500E+03  0.2684E-01
  0.3510E+03  0.2955E-01
  0.3520E+03  0.2889E-01
  0.3530E+03  0.2831E-01
  0.3540E+03  0.3084E-01
  0.3550E+03  0.2961E-01
  0.3560E+03  0.2740E-01
  0.3570E+03  0.2948E-01
  0.3580E+03  0.2537E-01
  0.3590E+03  0.2995E-01
  0.3600E+03  0.2312E-01
  0.3610E+03  0.2602E-01
  0.3620E+03  0.2964E-01
  0.3630E+03  0.2405E-01
  0.3640E+03  0.2715E-01
  0.3650E+03  0.2311E-01
  0.3660E+03  0.2334E-01
  0.3670E+03  0.3533E-01
  0.3680E+03  0.2533E-01
  0.3690E+03  0.2492E-01
  0.3700E+03  0.2311E-01
  0.3710E+03  0.2565E-01
  0.3720E+03  0.2086E-01
  0.3730E+03  0.2395E-01
  0.3740E+03  0.2521E-01
  0.3750E+03  0.2688E-01
  0.3760E+03  0.2348E-01
  0.3770E+03  0.2382E-01
  0.3780E+03  0.2269E-01
  0.3790E+03  0.2130E-01
  0.3800E+03  0.2429E-01
  0.3810E+03  0.1895E-01
  0.3820E+03  0.2207E-01
  0.3830E+03  0.2108E-01
  0.3840E+03  0.2360E-01
  0.3850E+03  0.2012E-01
  0.3860E+03  0.1916E-01
  0.3870E+03  0.2306E-01
  0.3880E+03  0.2077E-01
  0.3890E+03  0.2249E-01
  0.3900E+03  0.1733E-01
  0.3910E+03  0.1974E-01
  0.3920E+03  0.2104E-01
  0.3930E+03  0.2023E-01
  0.3940E+03  0.2177E-01
  0.3950E+03  0.1866E-01
  0.3960E+03  0.1980E-01
  0.3970E+03  0.1694E-01
  0.3980E+03  0.1965E-01
  0.3990E+03  0.1867E-01
  0.4000E+03  0.2265E-01
  0.4010E+03  0.1564E-01
  0.4020E+03  0.1992E-01
  0.4030E+03  0.2398E-01
  0.4040E+03  0.1972E-01
  0.4050E+03  0.1292E-01
  0.4060E+03  0.1833E-01
  0.4070E+03  0.1679E-01
  0.4080E+03  0.1468E-01
  0.4090E+03  0.1513E-01
  0.4100E+03  0.1481E-01
  0.4110E+03  0.1721E-01
  0.4120E+03  0.1606E-01
  0.4130E+03  0.1871E-01
  0.4140E+03  0.1262E-01
  0.4150E+03  0.1672E-01
  0.4160E+03  0.1963E-01
  0.4170E+03  0.1424E-01
  0.4180E+03  0.1527E-01
  0.4190E+03  0.1350E-01
  0.4200E+03  0.1356E-01
  0.4210E+03  0.1325E-01
  0.4220E+03  0.1295E-01
  0.4230E+03  0.1351E-01
  0.4240E+03  0.1604E-01
  0.4250E+03  0.1423E-01
  0.4260E+03  0.1666E-01
  0.4270E+03  0.1429E-01
  0.4280E+03  0.1477E-01
  0.4290E+03  0.1433E-01
  0.4300E+03  0.1058E-01
  0.4310E+03  0.1468E-01
  0.4320E+03  0.9954E-02
  0.4330E+03  0.1091E-01
  0.4340E+03  0.1284E-01
  0.4350E+03  0.1384E-01
  0.4360E+03  0.9410E-02
  0.4370E+03  0.1056E-01
  0.4380E+03  0.1381E-01
  0.4390E+03  0.1086E-01
  0.4400E+03  0.1216E-01
  0.4410E+03  0.1083E-01
  0.4420E+03  0.9755E-02
  0.4430E+03  0.9425E-02
  0.4440E+03  0.1141E-01
  0.4450E+03  0.9404E-02
  0.4460E+03  0.9651E-02
  0.4470E+03  0.1090E-01
  0.4480E+03  0.1058E-01
  0.4490E+03  0.8842E-02
  0.4500E+03  0.8921E-02
  0.4510E+03  0.1136E-01
  0.4520E+03  0.9451E-02
  0.4530E+03  0.1103E-01
  0.4540E+03  0.1184E-01
  0.4550E+03  0.9975E-02
  0.4560E+03  0.9715E-02
  0.4570E+03  0.6832E-02
  0.4580E+03  0.1017E-01
  0.4590E+03  0.8898E-02
  0.4600E+03  0.8536E-02
  0.4610E+03  0.9517E-02
  0.4620E+03  0.8030E-02
  0.4630E+03  0.1021E-01
  0.4640E+03  0.9568E-02
  0.4650E+03  0.1051E-01
  0.4660E+03  0.7393E-02
  0.4670E+03  0.9679E-02
  0.4680E+03  0.8816E-02
  0.4690E+03  0.6390E-02
  0.4700E+03  0.9715E-02
  0.4710E+03  0.1104E-01
  0.4720E+03  0.8497E-02
  0.4730E+03  0.7389E-02
  0.4740E+03  0.1079E-01
  0.4750E+03  0.1125E-01
  0.4760E+03  0.8227E-02
  0.4770E+03  0.1015E-01
  0.4780E+03  0.7318E-02
  0.4790E+03  0.8988E-02
  0.4800E+03  0.8291E-02
  0.4810E+03  0.9994E-02
  0.4820E+03  0.9594E-02
  0.4830E+03  0.8874E-02
  0.4840E+03  0.8068E-02
  0.4850E+03  0.6403E-02
  0.4860E+03  0.8538E-02
  0.4870E+03  0.8799E-02
  0.4880E+03  0.6704E-02
  0.4890E+03  0.7767E-02
  0.4900E+03  0.9454E-02
  0.4910E+03  0.8693E-02
  0.4920E+03  0.1047E-01
  0.4930E+03  0.6647E-02
  0.4940E+03  0.8299E-02
  0.4950E+03  0.8361E-02
  0.4960E+03  0.8368E-02
  0.4970E+03  0.9684E-02
  0.4980E+03  0.8691E-02
  0.4990E+03  0.8578E-02
  0.5000E+03  0.5866E-02
  0.5010E+03  0.6519E-02
  0.5020E+03  0.7438E-02
  0.5030E+03  0.5932E-02
  0.5040E+03  0.6418E-02
  0.5050E+03  0.7726E-02
  0.5060E+03  0.6105E-02
  0.5070E+03  0.4374E-02
  0.5080E+03  0.7549E-02
  0.5090E+03  0.6577E-02
  0.5100E+03  0.6678E-02
  0.5110E+03  0.0000E+00
  0.5120E+03  0.0000E+00
