  0.1000E+01  0.9782E+01
  0.2000E+01  0.1084E+02
  0.3000E+01  0.1162E+02
  0.4000E+01  0.1175E+02
  0.5000E+01  0.1161E+02
  0.6000E+01  0.1233E+02
  0.7000E+01  0.1223E+02
  0.8000E+01  0.1212E+02
  0.9000E+01  0.1236E+02
  0.1000E+02  0.1156E+02
  0.1100E+02  0.1235E+02
  0.1200E+02  0.1165E+02
  0.1300E+02  0.1231E+02
  0.1400E+02  0.1211E+02
  0.1500E+02  0.1196E+02
  0.1600E+02  0.1179E+02
  0.1700E+02  0.1182E+02
  0.1800E+02  0.1243E+02
  0.1900E+02  0.1138E+02
  0.2000E+02  0.1187E+02
  0.2100E+02  0.1166E+02
  0.2200E+02  0.1173E+02
  0.2300E+02  0.1161E+02
  0.2400E+02  0.1148E+02
  0.2500E+02  0.1183E+02
  0.2600E+02  0.1180E+02
  0.2700E+02  0.1165E+02
  0.2800E+02  0.1159E+02
  0.2900E+02  0.1162E+02
  0.3000E+02  0.1197E+02
  0.3100E+02  0.1147E+02
  0.3200E+02  0.1173E+02
  0.3300E+02  0.1139E+02
  0.3400E+02  0.1088E+02
  0.3500E+02  0.1156E+02
  0.3600E+02  0.1098E+02
  0.3700E+02  0.1115E+02
  0.3800E+02  0.1086E+02
  0.3900E+02  0.1104E+02
  0.4000E+02  0.1057E+02
  0.4100E+02  0.1094E+02
  0.4200E+02  0.1123E+02
  0.4300E+02  0.1075E+02
  0.4400E+02  0.1096E+02
  0.4500E+02  0.1088E+02
  0.4600E+02  0.1151E+02
  0.4700E+02  0.1096E+02
  0.4800E+02  0.1111E+02
  0.4900E+02  0.1137E+02
  0.5000E+02  0.1165E+02
  0.5100E+02  0.1217E+02
  0.5200E+02  0.1232E+02
  0.5300E+02  0.1224E+02
  0.5400E+02  0.1252E+02
  0.5500E+02  0.1269E+02
  0.5600E+02  0.1270E+02
  0.5700E+02  0.1277E+02
  0.5800E+02  0.1321E+02
  0.5900E+02  0.1351E+02
  0.6000E+02  0.1328E+02
  0.6100E+02  0.1368E+02
  0.6200E+02  0.1437E+02
  0.6300E+02  0.1437E+02
  0.6400E+02  0.1491E+02
  0.6500E+02  0.1517E+02
  0.6600E+02  0.1540E+02
  0.6700E+02  0.1562E+02
  0.6800E+02  0.1594E+02
  0.6900E+02  0.1611E+02
  0.7000E+02  0.1633E+02
  0.7100E+02  0.1670E+02
  0.7200E+02  0.1634E+02
  0.7300E+02  0.1678E+02
  0.7400E+02  0.1644E+02
  0.7500E+02  0.1692E+02
  0.7600E+02  0.1732E+02
  0.7700E+02  0.1746E+02
  0.7800E+02  0.1704E+02
  0.7900E+02  0.1733E+02
  0.8000E+02  0.1708E+02
  0.8100E+02  0.1835E+02
  0.8200E+02  0.1796E+02
  0.8300E+02  0.1802E+02
  0.8400E+02  0.1747E+02
  0.8500E+02  0.1801E+02
  0.8600E+02  0.1777E+02
  0.8700E+02  0.1814E+02
  0.8800E+02  0.1794E+02
  0.8900E+02  0.1827E+02
  0.9000E+02  0.1856E+02
  0.9100E+02  0.1804E+02
  0.9200E+02  0.1819E+02
  0.9300E+02  0.1759E+02
  0.9400E+02  0.1852E+02
  0.9500E+02  0.1837E+02
  0.9600E+02  0.1852E+02
  0.9700E+02  0.1841E+02
  0.9800E+02  0.1819E+02
  0.9900E+02  0.1784E+02
  0.1000E+03  0.1842E+02
  0.1010E+03  0.1854E+02
  0.1020E+03  0.1845E+02
  0.1030E+03  0.1853E+02
  0.1040E+03  0.1879E+02
  0.1050E+03  0.1804E+02
  0.1060E+03  0.1836E+02
  0.1070E+03  0.1844E+02
  0.1080E+03  0.1881E+02
  0.1090E+03  0.1866E+02
  0.1100E+03  0.1852E+02
  0.1110E+03  0.1905E+02
  0.1120E+03  0.1844E+02
  0.1130E+03  0.1880E+02
  0.1140E+03  0.1929E+02
  0.1150E+03  0.1930E+02
  0.1160E+03  0.1866E+02
  0.1170E+03  0.1888E+02
  0.1180E+03  0.1971E+02
  0.1190E+03  0.1918E+02
  0.1200E+03  0.1906E+02
  0.1210E+03  0.1916E+02
  0.1220E+03  0.1994E+02
  0.1230E+03  0.1999E+02
  0.1240E+03  0.1947E+02
  0.1250E+03  0.1941E+02
  0.1260E+03  0.2044E+02
  0.1270E+03  0.1999E+02
  0.1280E+03  0.2043E+02
  0.1290E+03  0.2116E+02
  0.1300E+03  0.2096E+02
  0.1310E+03  0.2121E+02
  0.1320E+03  0.2111E+02
  0.1330E+03  0.2137E+02
  0.1340E+03  0.2170E+02
  0.1350E+03  0.2147E+02
  0.1360E+03  0.2118E+02
  0.1370E+03  0.2242E+02
  0.1380E+03  0.2206E+02
  0.1390E+03  0.2244E+02
  0.1400E+03  0.2275E+02
  0.1410E+03  0.2335E+02
  0.1420E+03  0.2309E+02
  0.1430E+03  0.2263E+02
  0.1440E+03  0.2349E+02
  0.1450E+03  0.2321E+02
  0.1460E+03  0.2383E+02
  0.1470E+03  0.2397E+02
  0.1480E+03  0.2377E+02
  0.1490E+03  0.2433E+02
  0.1500E+03  0.2507E+02
  0.1510E+03  0.2436E+02
  0.1520E+03  0.2481E+02
  0.1530E+03  0.2521E+02
  0.1540E+03  0.2546E+02
  0.1550E+03  0.2531E+02
  0.1560E+03  0.2639E+02
  0.1570E+03  0.2647E+02
  0.1580E+03  0.2688E+02
  0.1590E+03  0.2687E+02
  0.1600E+03  0.2739E+02
  0.1610E+03  0.2712E+02
  0.1620E+03  0.2708E+02
  0.1630E+03  0.2762E+02
  0.1640E+03  0.2790E+02
  0.1650E+03  0.2820E+02
  0.1660E+03  0.2863E+02
  0.1670E+03  0.2833E+02
  0.1680E+03  0.2870E+02
  0.1690E+03  0.2825E+02
  0.1700E+03  0.2806E+02
  0.1710E+03  0.2882E+02
  0.1720E+03  0.2895E+02
  0.1730E+03  0.2848E+02
  0.1740E+03  0.2817E+02
  0.1750E+03  0.2852E+02
  0.1760E+03  0.2845E+02
  0.1770E+03  0.2744E+02
  0.1780E+03  0.2752E+02
  0.1790E+03  0.2676E+02
  0.1800E+03  0.2695E+02
  0.1810E+03  0.2651E+02
  0.1820E+03  0.2558E+02
  0.1830E+03  0.2560E+02
  0.1840E+03  0.2531E+02
  0.1850E+03  0.2474E+02
  0.1860E+03  0.2428E+02
  0.1870E+03  0.2385E+02
  0.1880E+03  0.2322E+02
  0.1890E+03  0.2278E+02
  0.1900E+03  0.2221E+02
  0.1910E+03  0.2212E+02
  0.1920E+03  0.2123E+02
  0.1930E+03  0.2143E+02
  0.1940E+03  0.2111E+02
  0.1950E+03  0.2024E+02
  0.1960E+03  0.2074E+02
  0.1970E+03  0.1937E+02
  0.1980E+03  0.1882E+02
  0.1990E+03  0.1886E+02
  0.2000E+03  0.1894E+02
  0.2010E+03  0.1780E+02
  0.2020E+03  0.1718E+02
  0.2030E+03  0.1702E+02
  0.2040E+03  0.1669E+02
  0.2050E+03  0.1615E+02
  0.2060E+03  0.1665E+02
  0.2070E+03  0.1566E+02
  0.2080E+03  0.1584E+02
  0.2090E+03  0.1540E+02
  0.2100E+03  0.1480E+02
  0.2110E+03  0.1497E+02
  0.2120E+03  0.1470E+02
  0.2130E+03  0.1431E+02
  0.2140E+03  0.1406E+02
  0.2150E+03  0.1357E+02
  0.2160E+03  0.1339E+02
  0.2170E+03  0.1339E+02
  0.2180E+03  0.1312E+02
  0.2190E+03  0.1297E+02
  0.2200E+03  0.1277E+02
  0.2210E+03  0.1252E+02
  0.2220E+03  0.1245E+02
  0.2230E+03  0.1190E+02
  0.2240E+03  0.1192E+02
  0.2250E+03  0.1162E+02
  0.2260E+03  0.1148E+02
  0.2270E+03  0.1135E+02
  0.2280E+03  0.1164E+02
  0.2290E+03  0.1080E+02
  0.2300E+03  0.1089E+02
  0.2310E+03  0.1080E+02
  0.2320E+03  0.1049E+02
  0.2330E+03  0.1035E+02
  0.2340E+03  0.1016E+02
  0.2350E+03  0.9812E+01
  0.2360E+03  0.9503E+01
  0.2370E+03  0.9231E+01
  0.2380E+03  0.9889E+01
  0.2390E+03  0.9802E+01
  0.2400E+03  0.9333E+01
  0.2410E+03  0.9312E+01
  0.2420E+03  0.8904E+01
  0.2430E+03  0.8972E+01
  0.2440E+03  0.8904E+01
  0.2450E+03  0.9031E+01
  0.2460E+03  0.8492E+01
  0.2470E+03  0.8148E+01
  0.2480E+03  0.8522E+01
  0.2490E+03  0.8182E+01
  0.2500E+03  0.8310E+01
  0.2510E+03  0.7896E+01
  0.2520E+03  0.7935E+01
  0.2530E+03  0.8276E+01
  0.2540E+03  0.7568E+01
  0.2550E+03  0.7400E+01
  0.2560E+03  0.7718E+01
  0.2570E+03  0.7695E+01
  0.2580E+03  0.7110E+01
  0.2590E+03  0.7774E+01
  0.2600E+03  0.7528E+01
  0.2610E+03  0.6845E+01
  0.2620E+03  0.6808E+01
  0.2630E+03  0.6762E+01
  0.2640E+03  0.6836E+01
  0.2650E+03  0.6669E+01
  0.2660E+03  0.6553E+01
  0.2670E+03  0.6569E+01
  0.2680E+03  0.6534E+01
  0.2690E+03  0.6089E+01
  0.2700E+03  0.6188E+01
  0.2710E+03  0.6171E+01
  0.2720E+03  0.5915E+01
  0.2730E+03  0.6038E+01
  0.2740E+03  0.6052E+01
  0.2750E+03  0.5776E+01
  0.2760E+03  0.6088E+01
  0.2770E+03  0.5955E+01
  0.2780E+03  0.5627E+01
  0.2790E+03  0.5575E+01
  0.2800E+03  0.5648E+01
  0.2810E+03  0.5521E+01
  0.2820E+03  0.5324E+01
  0.2830E+03  0.5509E+01
  0.2840E+03  0.5305E+01
  0.2850E+03  0.5280E+01
  0.2860E+03  0.5157E+01
  0.2870E+03  0.5189E+01
  0.2880E+03  0.4991E+01
  0.2890E+03  0.5073E+01
  0.2900E+03  0.5010E+01
  0.2910E+03  0.4679E+01
  0.2920E+03  0.4787E+01
  0.2930E+03  0.4868E+01
  0.2940E+03  0.4789E+01
  0.2950E+03  0.4662E+01
  0.2960E+03  0.4796E+01
  0.2970E+03  0.4571E+01
  0.2980E+03  0.4836E+01
  0.2990E+03  0.4776E+01
  0.3000E+03  0.4378E+01
  0.3010E+03  0.4327E+01
  0.3020E+03  0.4311E+01
  0.3030E+03  0.4281E+01
  0.3040E+03  0.4456E+01
  0.3050E+03  0.4405E+01
  0.3060E+03  0.3861E+01
  0.3070E+03  0.3731E+01
  0.3080E+03  0.3978E+01
  0.3090E+03  0.4353E+01
  0.3100E+03  0.3968E+01
  0.3110E+03  0.4023E+01
  0.3120E+03  0.4039E+01
  0.3130E+03  0.3659E+01
  0.3140E+03  0.3781E+01
  0.3150E+03  0.3720E+01
  0.3160E+03  0.3593E+01
  0.3170E+03  0.3466E+01
  0.3180E+03  0.3795E+01
  0.3190E+03  0.3760E+01
  0.3200E+03  0.3545E+01
  0.3210E+03  0.3550E+01
  0.3220E+03  0.3404E+01
  0.3230E+03  0.3320E+01
  0.3240E+03  0.3378E+01
  0.3250E+03  0.3477E+01
  0.3260E+03  0.3379E+01
  0.3270E+03  0.3369E+01
  0.3280E+03  0.3222E+01
  0.3290E+03  0.3301E+01
  0.3300E+03  0.3122E+01
  0.3310E+03  0.3211E+01
  0.3320E+03  0.3059E+01
  0.3330E+03  0.3035E+01
  0.3340E+03  0.3091E+01
  0.3350E+03  0.3102E+01
  0.3360E+03  0.3078E+01
  0.3370E+03  0.2808E+01
  0.3380E+03  0.3060E+01
  0.3390E+03  0.2889E+01
  0.3400E+03  0.2628E+01
  0.3410E+03  0.2968E+01
  0.3420E+03  0.2817E+01
  0.3430E+03  0.2789E+01
  0.3440E+03  0.2626E+01
  0.3450E+03  0.2650E+01
  0.3460E+03  0.2656E+01
  0.3470E+03  0.2798E+01
  0.3480E+03  0.2581E+01
  0.3490E+03  0.2570E+01
  0.3500E+03  0.2696E+01
  0.3510E+03  0.2485E+01
  0.3520E+03  0.2563E+01
  0.3530E+03  0.2427E+01
  0.3540E+03  0.2455E+01
  0.3550E+03  0.2574E+01
  0.3560E+03  0.2510E+01
  0.3570E+03  0.2253E+01
  0.3580E+03  0.2537E+01
  0.3590E+03  0.2179E+01
  0.3600E+03  0.2248E+01
  0.3610E+03  0.2355E+01
  0.3620E+03  0.2238E+01
  0.3630E+03  0.2255E+01
  0.3640E+03  0.2216E+01
  0.3650E+03  0.2199E+01
  0.3660E+03  0.2082E+01
  0.3670E+03  0.2095E+01
  0.3680E+03  0.2076E+01
  0.3690E+03  0.2074E+01
  0.3700E+03  0.1991E+01
  0.3710E+03  0.2085E+01
  0.3720E+03  0.2090E+01
  0.3730E+03  0.1946E+01
  0.3740E+03  0.1855E+01
  0.3750E+03  0.1948E+01
  0.3760E+03  0.1938E+01
  0.3770E+03  0.1841E+01
  0.3780E+03  0.1983E+01
  0.3790E+03  0.1899E+01
  0.3800E+03  0.1729E+01
  0.3810E+03  0.1809E+01
  0.3820E+03  0.1864E+01
  0.3830E+03  0.1787E+01
  0.3840E+03  0.2008E+01
  0.3850E+03  0.1674E+01
  0.3860E+03  0.1958E+01
  0.3870E+03  0.1670E+01
  0.3880E+03  0.1720E+01
  0.3890E+03  0.1647E+01
  0.3900E+03  0.1649E+01
  0.3910E+03  0.1653E+01
  0.3920E+03  0.1591E+01
  0.3930E+03  0.1575E+01
  0.3940E+03  0.1654E+01
  0.3950E+03  0.1595E+01
  0.3960E+03  0.1692E+01
  0.3970E+03  0.1657E+01
  0.3980E+03  0.1431E+01
  0.3990E+03  0.1501E+01
  0.4000E+03  0.1400E+01
  0.4010E+03  0.1376E+01
  0.4020E+03  0.1637E+01
  0.4030E+03  0.1619E+01
  0.4040E+03  0.1365E+01
  0.4050E+03  0.1460E+01
  0.4060E+03  0.1435E+01
  0.4070E+03  0.1305E+01
  0.4080E+03  0.1434E+01
  0.4090E+03  0.1494E+01
  0.4100E+03  0.1242E+01
  0.4110E+03  0.1317E+01
  0.4120E+03  0.1295E+01
  0.4130E+03  0.1191E+01
  0.4140E+03  0.1249E+01
  0.4150E+03  0.1114E+01
  0.4160E+03  0.1368E+01
  0.4170E+03  0.1274E+01
  0.4180E+03  0.1058E+01
  0.4190E+03  0.1121E+01
  0.4200E+03  0.1199E+01
  0.4210E+03  0.1210E+01
  0.4220E+03  0.1099E+01
  0.4230E+03  0.1105E+01
  0.4240E+03  0.9906E+00
  0.4250E+03  0.1169E+01
  0.4260E+03  0.1041E+01
  0.4270E+03  0.1096E+01
  0.4280E+03  0.1027E+01
  0.4290E+03  0.8992E+00
  0.4300E+03  0.1032E+01
  0.4310E+03  0.8463E+00
  0.4320E+03  0.1066E+01
  0.4330E+03  0.1018E+01
  0.4340E+03  0.9226E+00
  0.4350E+03  0.1075E+01
  0.4360E+03  0.8447E+00
  0.4370E+03  0.9521E+00
  0.4380E+03  0.8669E+00
  0.4390E+03  0.8930E+00
  0.4400E+03  0.8337E+00
  0.4410E+03  0.9374E+00
  0.4420E+03  0.8996E+00
  0.4430E+03  0.7812E+00
  0.4440E+03  0.8844E+00
  0.4450E+03  0.8176E+00
  0.4460E+03  0.8479E+00
  0.4470E+03  0.9307E+00
  0.4480E+03  0.8352E+00
  0.4490E+03  0.7592E+00
  0.4500E+03  0.7818E+00
  0.4510E+03  0.8206E+00
  0.4520E+03  0.7694E+00
  0.4530E+03  0.8897E+00
  0.4540E+03  0.6971E+00
  0.4550E+03  0.7575E+00
  0.4560E+03  0.6365E+00
  0.4570E+03  0.6203E+00
  0.4580E+03  0.7584E+00
  0.4590E+03  0.5453E+00
  0.4600E+03  0.7298E+00
  0.4610E+03  0.7131E+00
  0.4620E+03  0.7339E+00
  0.4630E+03  0.6372E+00
  0.4640E+03  0.8314E+00
  0.4650E+03  0.6154E+00
  0.4660E+03  0.6961E+00
  0.4670E+03  0.6811E+00
  0.4680E+03  0.6174E+00
  0.4690E+03  0.6302E+00
  0.4700E+03  0.6339E+00
  0.4710E+03  0.6367E+00
  0.4720E+03  0.5637E+00
  0.4730E+03  0.6280E+00
  0.4740E+03  0.5668E+00
  0.4750E+03  0.6041E+00
  0.4760E+03  0.5016E+00
  0.4770E+03  0.6003E+00
  0.4780E+03  0.4865E+00
  0.4790E+03  0.3944E+00
  0.4800E+03  0.4320E+00
  0.4810E+03  0.5616E+00
  0.4820E+03  0.5754E+00
  0.4830E+03  0.4732E+00
  0.4840E+03  0.4736E+00
  0.4850E+03  0.4521E+00
  0.4860E+03  0.4330E+00
  0.4870E+03  0.5779E+00
  0.4880E+03  0.4428E+00
  0.4890E+03  0.4904E+00
  0.4900E+03  0.5133E+00
  0.4910E+03  0.5071E+00
  0.4920E+03  0.4457E+00
  0.4930E+03  0.5024E+00
  0.4940E+03  0.4838E+00
  0.4950E+03  0.4292E+00
  0.4960E+03  0.4768E+00
  0.4970E+03  0.4587E+00
  0.4980E+03  0.3529E+00
  0.4990E+03  0.3932E+00
  0.5000E+03  0.3807E+00
  0.5010E+03  0.3876E+00
  0.5020E+03  0.4332E+00
  0.5030E+03  0.3528E+00
  0.5040E+03  0.3630E+00
  0.5050E+03  0.2769E+00
  0.5060E+03  0.3503E+00
  0.5070E+03  0.3469E+00
  0.5080E+03  0.3749E+00
  0.5090E+03  0.3384E+00
  0.5100E+03  0.3542E+00
  0.5110E+03  0.0000E+00
  0.5120E+03  0.0000E+00
