  0.1000E+01  0.2846E+01
  0.2000E+01  0.3336E+01
  0.3000E+01  0.3272E+01
  0.4000E+01  0.3454E+01
  0.5000E+01  0.3609E+01
  0.6000E+01  0.3666E+01
  0.7000E+01  0.3802E+01
  0.8000E+01  0.3604E+01
  0.9000E+01  0.3599E+01
  0.1000E+02  0.3682E+01
  0.1100E+02  0.3481E+01
  0.1200E+02  0.3653E+01
  0.1300E+02  0.3686E+01
  0.1400E+02  0.3623E+01
  0.1500E+02  0.3400E+01
  0.1600E+02  0.3670E+01
  0.1700E+02  0.3671E+01
  0.1800E+02  0.3737E+01
  0.1900E+02  0.3542E+01
  0.2000E+02  0.3442E+01
  0.2100E+02  0.3540E+01
  0.2200E+02  0.3285E+01
  0.2300E+02  0.3697E+01
  0.2400E+02  0.3319E+01
  0.2500E+02  0.3371E+01
  0.2600E+02  0.3190E+01
  0.2700E+02  0.3310E+01
  0.2800E+02  0.3642E+01
  0.2900E+02  0.3489E+01
  0.3000E+02  0.3007E+01
  0.3100E+02  0.3205E+01
  0.3200E+02  0.3101E+01
  0.3300E+02  0.3467E+01
  0.3400E+02  0.3524E+01
  0.3500E+02  0.3211E+01
  0.3600E+02  0.3214E+01
  0.3700E+02  0.3249E+01
  0.3800E+02  0.3345E+01
  0.3900E+02  0.3156E+01
  0.4000E+02  0.2995E+01
  0.4100E+02  0.3189E+01
  0.4200E+02  0.3144E+01
  0.4300E+02  0.3085E+01
  0.4400E+02  0.3035E+01
  0.4500E+02  0.3195E+01
  0.4600E+02  0.3233E+01
  0.4700E+02  0.3305E+01
  0.4800E+02  0.3294E+01
  0.4900E+02  0.3228E+01
  0.5000E+02  0.3213E+01
  0.5100E+02  0.3276E+01
  0.5200E+02  0.3075E+01
  0.5300E+02  0.3375E+01
  0.5400E+02  0.3670E+01
  0.5500E+02  0.3201E+01
  0.5600E+02  0.3360E+01
  0.5700E+02  0.3889E+01
  0.5800E+02  0.3797E+01
  0.5900E+02  0.3666E+01
  0.6000E+02  0.3714E+01
  0.6100E+02  0.3988E+01
  0.6200E+02  0.4106E+01
  0.6300E+02  0.3986E+01
  0.6400E+02  0.4067E+01
  0.6500E+02  0.4092E+01
  0.6600E+02  0.4176E+01
  0.6700E+02  0.4428E+01
  0.6800E+02  0.4265E+01
  0.6900E+02  0.4501E+01
  0.7000E+02  0.4318E+01
  0.7100E+02  0.4351E+01
  0.7200E+02  0.4815E+01
  0.7300E+02  0.4515E+01
  0.7400E+02  0.4948E+01
  0.7500E+02  0.4825E+01
  0.7600E+02  0.4617E+01
  0.7700E+02  0.4927E+01
  0.7800E+02  0.4700E+01
  0.7900E+02  0.4832E+01
  0.8000E+02  0.4933E+01
  0.8100E+02  0.4795E+01
  0.8200E+02  0.4929E+01
  0.8300E+02  0.4969E+01
  0.8400E+02  0.4810E+01
  0.8500E+02  0.4694E+01
  0.8600E+02  0.4738E+01
  0.8700E+02  0.5290E+01
  0.8800E+02  0.5034E+01
  0.8900E+02  0.4760E+01
  0.9000E+02  0.4733E+01
  0.9100E+02  0.4720E+01
  0.9200E+02  0.4893E+01
  0.9300E+02  0.4850E+01
  0.9400E+02  0.4853E+01
  0.9500E+02  0.4632E+01
  0.9600E+02  0.4940E+01
  0.9700E+02  0.5045E+01
  0.9800E+02  0.5047E+01
  0.9900E+02  0.5035E+01
  0.1000E+03  0.5152E+01
  0.1010E+03  0.4896E+01
  0.1020E+03  0.5148E+01
  0.1030E+03  0.5019E+01
  0.1040E+03  0.5143E+01
  0.1050E+03  0.5041E+01
  0.1060E+03  0.5326E+01
  0.1070E+03  0.5097E+01
  0.1080E+03  0.5403E+01
  0.1090E+03  0.5089E+01
  0.1100E+03  0.5243E+01
  0.1110E+03  0.5451E+01
  0.1120E+03  0.5462E+01
  0.1130E+03  0.5483E+01
  0.1140E+03  0.5397E+01
  0.1150E+03  0.5392E+01
  0.1160E+03  0.5285E+01
  0.1170E+03  0.5668E+01
  0.1180E+03  0.5514E+01
  0.1190E+03  0.5675E+01
  0.1200E+03  0.5790E+01
  0.1210E+03  0.5998E+01
  0.1220E+03  0.6014E+01
  0.1230E+03  0.5857E+01
  0.1240E+03  0.6023E+01
  0.1250E+03  0.6047E+01
  0.1260E+03  0.6376E+01
  0.1270E+03  0.6620E+01
  0.1280E+03  0.6209E+01
  0.1290E+03  0.6306E+01
  0.1300E+03  0.6620E+01
  0.1310E+03  0.6433E+01
  0.1320E+03  0.6968E+01
  0.1330E+03  0.6448E+01
  0.1340E+03  0.6705E+01
  0.1350E+03  0.7103E+01
  0.1360E+03  0.6734E+01
  0.1370E+03  0.7139E+01
  0.1380E+03  0.7037E+01
  0.1390E+03  0.7384E+01
  0.1400E+03  0.7168E+01
  0.1410E+03  0.7223E+01
  0.1420E+03  0.7552E+01
  0.1430E+03  0.7552E+01
  0.1440E+03  0.7248E+01
  0.1450E+03  0.7526E+01
  0.1460E+03  0.7652E+01
  0.1470E+03  0.7429E+01
  0.1480E+03  0.7520E+01
  0.1490E+03  0.7992E+01
  0.1500E+03  0.7774E+01
  0.1510E+03  0.8073E+01
  0.1520E+03  0.8041E+01
  0.1530E+03  0.8437E+01
  0.1540E+03  0.7914E+01
  0.1550E+03  0.8261E+01
  0.1560E+03  0.8172E+01
  0.1570E+03  0.8620E+01
  0.1580E+03  0.7972E+01
  0.1590E+03  0.8371E+01
  0.1600E+03  0.7941E+01
  0.1610E+03  0.8024E+01
  0.1620E+03  0.8375E+01
  0.1630E+03  0.7937E+01
  0.1640E+03  0.7769E+01
  0.1650E+03  0.8049E+01
  0.1660E+03  0.7661E+01
  0.1670E+03  0.7851E+01
  0.1680E+03  0.7603E+01
  0.1690E+03  0.7887E+01
  0.1700E+03  0.7456E+01
  0.1710E+03  0.7467E+01
  0.1720E+03  0.6934E+01
  0.1730E+03  0.7219E+01
  0.1740E+03  0.6945E+01
  0.1750E+03  0.7331E+01
  0.1760E+03  0.6581E+01
  0.1770E+03  0.7002E+01
  0.1780E+03  0.6317E+01
  0.1790E+03  0.6398E+01
  0.1800E+03  0.5973E+01
  0.1810E+03  0.6570E+01
  0.1820E+03  0.6161E+01
  0.1830E+03  0.5922E+01
  0.1840E+03  0.6021E+01
  0.1850E+03  0.5598E+01
  0.1860E+03  0.5541E+01
  0.1870E+03  0.5341E+01
  0.1880E+03  0.5137E+01
  0.1890E+03  0.5174E+01
  0.1900E+03  0.4929E+01
  0.1910E+03  0.4935E+01
  0.1920E+03  0.4870E+01
  0.1930E+03  0.4807E+01
  0.1940E+03  0.4424E+01
  0.1950E+03  0.4418E+01
  0.1960E+03  0.4515E+01
  0.1970E+03  0.4513E+01
  0.1980E+03  0.4110E+01
  0.1990E+03  0.4176E+01
  0.2000E+03  0.4110E+01
  0.2010E+03  0.3841E+01
  0.2020E+03  0.3863E+01
  0.2030E+03  0.3700E+01
  0.2040E+03  0.3783E+01
  0.2050E+03  0.3441E+01
  0.2060E+03  0.3526E+01
  0.2070E+03  0.3485E+01
  0.2080E+03  0.3344E+01
  0.2090E+03  0.3257E+01
  0.2100E+03  0.3362E+01
  0.2110E+03  0.3437E+01
  0.2120E+03  0.3312E+01
  0.2130E+03  0.3120E+01
  0.2140E+03  0.2984E+01
  0.2150E+03  0.3236E+01
  0.2160E+03  0.3159E+01
  0.2170E+03  0.2943E+01
  0.2180E+03  0.2800E+01
  0.2190E+03  0.2838E+01
  0.2200E+03  0.2610E+01
  0.2210E+03  0.2794E+01
  0.2220E+03  0.2639E+01
  0.2230E+03  0.2426E+01
  0.2240E+03  0.2630E+01
  0.2250E+03  0.2450E+01
  0.2260E+03  0.2523E+01
  0.2270E+03  0.2540E+01
  0.2280E+03  0.2297E+01
  0.2290E+03  0.2327E+01
  0.2300E+03  0.2279E+01
  0.2310E+03  0.2220E+01
  0.2320E+03  0.2184E+01
  0.2330E+03  0.2022E+01
  0.2340E+03  0.2375E+01
  0.2350E+03  0.2237E+01
  0.2360E+03  0.1950E+01
  0.2370E+03  0.2134E+01
  0.2380E+03  0.1999E+01
  0.2390E+03  0.1985E+01
  0.2400E+03  0.1953E+01
  0.2410E+03  0.2174E+01
  0.2420E+03  0.1814E+01
  0.2430E+03  0.1755E+01
  0.2440E+03  0.1843E+01
  0.2450E+03  0.1906E+01
  0.2460E+03  0.1633E+01
  0.2470E+03  0.1800E+01
  0.2480E+03  0.1607E+01
  0.2490E+03  0.1669E+01
  0.2500E+03  0.1793E+01
  0.2510E+03  0.1632E+01
  0.2520E+03  0.1724E+01
  0.2530E+03  0.1549E+01
  0.2540E+03  0.1493E+01
  0.2550E+03  0.1508E+01
  0.2560E+03  0.1508E+01
  0.2570E+03  0.1684E+01
  0.2580E+03  0.1385E+01
  0.2590E+03  0.1475E+01
  0.2600E+03  0.1428E+01
  0.2610E+03  0.1390E+01
  0.2620E+03  0.1358E+01
  0.2630E+03  0.1260E+01
  0.2640E+03  0.1408E+01
  0.2650E+03  0.1286E+01
  0.2660E+03  0.1288E+01
  0.2670E+03  0.1280E+01
  0.2680E+03  0.1190E+01
  0.2690E+03  0.1281E+01
  0.2700E+03  0.1176E+01
  0.2710E+03  0.1172E+01
  0.2720E+03  0.1182E+01
  0.2730E+03  0.1154E+01
  0.2740E+03  0.1127E+01
  0.2750E+03  0.1069E+01
  0.2760E+03  0.1137E+01
  0.2770E+03  0.1023E+01
  0.2780E+03  0.1068E+01
  0.2790E+03  0.1100E+01
  0.2800E+03  0.8743E+00
  0.2810E+03  0.1223E+01
  0.2820E+03  0.1016E+01
  0.2830E+03  0.9794E+00
  0.2840E+03  0.1031E+01
  0.2850E+03  0.9429E+00
  0.2860E+03  0.8843E+00
  0.2870E+03  0.8658E+00
  0.2880E+03  0.9037E+00
  0.2890E+03  0.8679E+00
  0.2900E+03  0.8558E+00
  0.2910E+03  0.8919E+00
  0.2920E+03  0.8214E+00
  0.2930E+03  0.8580E+00
  0.2940E+03  0.9250E+00
  0.2950E+03  0.6583E+00
  0.2960E+03  0.7682E+00
  0.2970E+03  0.7053E+00
  0.2980E+03  0.8127E+00
  0.2990E+03  0.7452E+00
  0.3000E+03  0.8590E+00
  0.3010E+03  0.9444E+00
  0.3020E+03  0.6481E+00
  0.3030E+03  0.8823E+00
  0.3040E+03  0.7837E+00
  0.3050E+03  0.6774E+00
  0.3060E+03  0.6920E+00
  0.3070E+03  0.8684E+00
  0.3080E+03  0.6351E+00
  0.3090E+03  0.7501E+00
  0.3100E+03  0.8030E+00
  0.3110E+03  0.7794E+00
  0.3120E+03  0.5588E+00
  0.3130E+03  0.5921E+00
  0.3140E+03  0.6355E+00
  0.3150E+03  0.7053E+00
  0.3160E+03  0.5903E+00
  0.3170E+03  0.6696E+00
  0.3180E+03  0.6368E+00
  0.3190E+03  0.6413E+00
  0.3200E+03  0.6682E+00
  0.3210E+03  0.5096E+00
  0.3220E+03  0.6047E+00
  0.3230E+03  0.5405E+00
  0.3240E+03  0.5439E+00
  0.3250E+03  0.6228E+00
  0.3260E+03  0.5620E+00
  0.3270E+03  0.5944E+00
  0.3280E+03  0.5021E+00
  0.3290E+03  0.6753E+00
  0.3300E+03  0.5154E+00
  0.3310E+03  0.4862E+00
  0.3320E+03  0.5013E+00
  0.3330E+03  0.3729E+00
  0.3340E+03  0.5173E+00
  0.3350E+03  0.4456E+00
  0.3360E+03  0.4308E+00
  0.3370E+03  0.5231E+00
  0.3380E+03  0.4542E+00
  0.3390E+03  0.4940E+00
  0.3400E+03  0.5928E+00
  0.3410E+03  0.4944E+00
  0.3420E+03  0.3658E+00
  0.3430E+03  0.4262E+00
  0.3440E+03  0.3948E+00
  0.3450E+03  0.4142E+00
  0.3460E+03  0.4456E+00
  0.3470E+03  0.3523E+00
  0.3480E+03  0.4260E+00
  0.3490E+03  0.4513E+00
  0.3500E+03  0.4574E+00
  0.3510E+03  0.3230E+00
  0.3520E+03  0.4489E+00
  0.3530E+03  0.4204E+00
  0.3540E+03  0.3904E+00
  0.3550E+03  0.3827E+00
  0.3560E+03  0.3816E+00
  0.3570E+03  0.3431E+00
  0.3580E+03  0.4311E+00
  0.3590E+03  0.3277E+00
  0.3600E+03  0.3427E+00
  0.3610E+03  0.3437E+00
  0.3620E+03  0.4086E+00
  0.3630E+03  0.2917E+00
  0.3640E+03  0.3779E+00
  0.3650E+03  0.2883E+00
  0.3660E+03  0.4422E+00
  0.3670E+03  0.2451E+00
  0.3680E+03  0.3359E+00
  0.3690E+03  0.2730E+00
  0.3700E+03  0.3220E+00
  0.3710E+03  0.2847E+00
  0.3720E+03  0.3751E+00
  0.3730E+03  0.2780E+00
  0.3740E+03  0.3496E+00
  0.3750E+03  0.2604E+00
  0.3760E+03  0.2785E+00
  0.3770E+03  0.3014E+00
  0.3780E+03  0.1741E+00
  0.3790E+03  0.3323E+00
  0.3800E+03  0.3164E+00
  0.3810E+03  0.2175E+00
  0.3820E+03  0.2126E+00
  0.3830E+03  0.2001E+00
  0.3840E+03  0.1883E+00
  0.3850E+03  0.2219E+00
  0.3860E+03  0.3407E+00
  0.3870E+03  0.2385E+00
  0.3880E+03  0.2592E+00
  0.3890E+03  0.2235E+00
  0.3900E+03  0.2765E+00
  0.3910E+03  0.2529E+00
  0.3920E+03  0.2009E+00
  0.3930E+03  0.1863E+00
  0.3940E+03  0.1802E+00
  0.3950E+03  0.1907E+00
  0.3960E+03  0.2257E+00
  0.3970E+03  0.2238E+00
  0.3980E+03  0.1926E+00
  0.3990E+03  0.3347E+00
  0.4000E+03  0.2037E+00
  0.4010E+03  0.1612E+00
  0.4020E+03  0.2025E+00
  0.4030E+03  0.1449E+00
  0.4040E+03  0.1667E+00
  0.4050E+03  0.1845E+00
  0.4060E+03  0.1646E+00
  0.4070E+03  0.1826E+00
  0.4080E+03  0.2307E+00
  0.4090E+03  0.1253E+00
  0.4100E+03  0.9543E-01
  0.4110E+03  0.9861E-01
  0.4120E+03  0.2613E+00
  0.4130E+03  0.1360E+00
  0.4140E+03  0.6586E-01
  0.4150E+03  0.1180E+00
  0.4160E+03  0.9804E-01
  0.4170E+03  0.1661E+00
  0.4180E+03  0.1475E+00
  0.4190E+03  0.1514E+00
  0.4200E+03  0.1455E+00
  0.4210E+03  0.1640E+00
  0.4220E+03  0.1109E+00
  0.4230E+03  0.1266E+00
  0.4240E+03  0.1162E+00
  0.4250E+03  0.1177E+00
  0.4260E+03  0.1754E+00
  0.4270E+03  0.1338E+00
  0.4280E+03  0.1335E+00
  0.4290E+03  0.9895E-01
  0.4300E+03  0.8941E-01
  0.4310E+03  0.1569E+00
  0.4320E+03  0.1214E+00
  0.4330E+03  0.1051E+00
  0.4340E+03  0.1186E+00
  0.4350E+03  0.7877E-01
  0.4360E+03  0.1010E+00
  0.4370E+03  0.8502E-01
  0.4380E+03  0.1643E+00
  0.4390E+03  0.1014E+00
  0.4400E+03  0.1217E+00
  0.4410E+03  0.8335E-01
  0.4420E+03  0.1259E+00
  0.4430E+03  0.8207E-01
  0.4440E+03  0.3429E-01
  0.4450E+03  0.6080E-01
  0.4460E+03  0.9905E-01
  0.4470E+03  0.1183E+00
  0.4480E+03  0.1103E+00
  0.4490E+03  0.4336E-01
  0.4500E+03  0.6685E-01
  0.4510E+03  0.5389E-01
  0.4520E+03  0.9920E-01
  0.4530E+03  0.3188E-01
  0.4540E+03  0.1243E+00
  0.4550E+03  0.4717E-01
  0.4560E+03  0.1232E+00
  0.4570E+03  0.5374E-01
  0.4580E+03  0.6366E-01
  0.4590E+03  0.2613E-01
  0.4600E+03  0.8738E-01
  0.4610E+03  0.3561E-01
  0.4620E+03  0.8541E-01
  0.4630E+03  0.5535E-01
  0.4640E+03  0.4809E-01
  0.4650E+03  0.5396E-01
  0.4660E+03  0.6597E-01
  0.4670E+03  0.8468E-01
  0.4680E+03  0.3114E-01
  0.4690E+03  0.7443E-01
  0.4700E+03  0.8073E-01
  0.4710E+03  0.3282E-01
  0.4720E+03  0.5034E-01
  0.4730E+03  0.5118E-01
  0.4740E+03  0.5154E-01
  0.4750E+03  0.3885E-01
  0.4760E+03  0.5797E-01
  0.4770E+03  0.3516E-01
  0.4780E+03  0.3203E-01
  0.4790E+03  0.4346E-01
  0.4800E+03  0.3473E-01
  0.4810E+03  0.6327E-01
  0.4820E+03  0.3819E-01
  0.4830E+03  0.4363E-01
  0.4840E+03  0.4226E-01
  0.4850E+03  0.2690E-01
  0.4860E+03  0.3983E-01
  0.4870E+03  0.4238E-01
  0.4880E+03  0.3807E-01
  0.4890E+03  0.7432E-02
  0.4900E+03  0.2499E-01
  0.4910E+03  0.6856E-01
  0.4920E+03  0.7319E-02
  0.4930E+03  0.2720E-01
  0.4940E+03  0.3144E-01
  0.4950E+03  0.1958E-01
  0.4960E+03  0.1151E-01
  0.4970E+03  0.5254E-01
  0.4980E+03  0.3013E-01
  0.4990E+03  0.2975E-01
  0.5000E+03  0.1626E-01
  0.5010E+03  0.4497E-01
  0.5020E+03  0.2119E-01
  0.5030E+03  0.1541E-01
  0.5040E+03  0.8147E-02
  0.5050E+03  0.1951E-01
  0.5060E+03  0.2591E-01
  0.5070E+03  0.1208E-01
  0.5080E+03  0.1658E-01
  0.5090E+03  0.2984E-01
  0.5100E+03  0.7431E-02
  0.5110E+03  0.0000E+00
  0.5120E+03  0.0000E+00
