  0.1000E+01  0.1122E+01
  0.2000E+01  0.1188E+01
  0.3000E+01  0.1391E+01
  0.4000E+01  0.1234E+01
  0.5000E+01  0.1517E+01
  0.6000E+01  0.1449E+01
  0.7000E+01  0.1302E+01
  0.8000E+01  0.1503E+01
  0.9000E+01  0.1421E+01
  0.1000E+02  0.1371E+01
  0.1100E+02  0.1444E+01
  0.1200E+02  0.1422E+01
  0.1300E+02  0.1438E+01
  0.1400E+02  0.1480E+01
  0.1500E+02  0.1351E+01
  0.1600E+02  0.1400E+01
  0.1700E+02  0.1256E+01
  0.1800E+02  0.1349E+01
  0.1900E+02  0.1376E+01
  0.2000E+02  0.1434E+01
  0.2100E+02  0.1433E+01
  0.2200E+02  0.1645E+01
  0.2300E+02  0.1568E+01
  0.2400E+02  0.1768E+01
  0.2500E+02  0.2076E+01
  0.2600E+02  0.2245E+01
  0.2700E+02  0.2253E+01
  0.2800E+02  0.2092E+01
  0.2900E+02  0.1842E+01
  0.3000E+02  0.1862E+01
  0.3100E+02  0.1694E+01
  0.3200E+02  0.1617E+01
  0.3300E+02  0.1606E+01
  0.3400E+02  0.1549E+01
  0.3500E+02  0.1390E+01
  0.3600E+02  0.1530E+01
  0.3700E+02  0.1371E+01
  0.3800E+02  0.1452E+01
  0.3900E+02  0.1390E+01
  0.4000E+02  0.1336E+01
  0.4100E+02  0.1293E+01
  0.4200E+02  0.1380E+01
  0.4300E+02  0.1467E+01
  0.4400E+02  0.1419E+01
  0.4500E+02  0.1394E+01
  0.4600E+02  0.1446E+01
  0.4700E+02  0.1405E+01
  0.4800E+02  0.1463E+01
  0.4900E+02  0.1562E+01
  0.5000E+02  0.1538E+01
  0.5100E+02  0.1476E+01
  0.5200E+02  0.1462E+01
  0.5300E+02  0.1507E+01
  0.5400E+02  0.1444E+01
  0.5500E+02  0.1659E+01
  0.5600E+02  0.1618E+01
  0.5700E+02  0.1622E+01
  0.5800E+02  0.1702E+01
  0.5900E+02  0.1851E+01
  0.6000E+02  0.1686E+01
  0.6100E+02  0.1791E+01
  0.6200E+02  0.1825E+01
  0.6300E+02  0.1951E+01
  0.6400E+02  0.1994E+01
  0.6500E+02  0.2180E+01
  0.6600E+02  0.2221E+01
  0.6700E+02  0.2316E+01
  0.6800E+02  0.2274E+01
  0.6900E+02  0.2412E+01
  0.7000E+02  0.2600E+01
  0.7100E+02  0.2696E+01
  0.7200E+02  0.2781E+01
  0.7300E+02  0.3085E+01
  0.7400E+02  0.3164E+01
  0.7500E+02  0.3405E+01
  0.7600E+02  0.3701E+01
  0.7700E+02  0.3666E+01
  0.7800E+02  0.3910E+01
  0.7900E+02  0.4085E+01
  0.8000E+02  0.4427E+01
  0.8100E+02  0.4439E+01
  0.8200E+02  0.4368E+01
  0.8300E+02  0.4558E+01
  0.8400E+02  0.4468E+01
  0.8500E+02  0.4536E+01
  0.8600E+02  0.4153E+01
  0.8700E+02  0.4253E+01
  0.8800E+02  0.3855E+01
  0.8900E+02  0.3561E+01
  0.9000E+02  0.3357E+01
  0.9100E+02  0.2896E+01
  0.9200E+02  0.2880E+01
  0.9300E+02  0.2471E+01
  0.9400E+02  0.2557E+01
  0.9500E+02  0.2478E+01
  0.9600E+02  0.2375E+01
  0.9700E+02  0.2341E+01
  0.9800E+02  0.2435E+01
  0.9900E+02  0.2165E+01
  0.1000E+03  0.2294E+01
  0.1010E+03  0.2226E+01
  0.1020E+03  0.2292E+01
  0.1030E+03  0.2236E+01
  0.1040E+03  0.2288E+01
  0.1050E+03  0.2372E+01
  0.1060E+03  0.2387E+01
  0.1070E+03  0.2254E+01
  0.1080E+03  0.2503E+01
  0.1090E+03  0.2485E+01
  0.1100E+03  0.2319E+01
  0.1110E+03  0.2385E+01
  0.1120E+03  0.2589E+01
  0.1130E+03  0.2412E+01
  0.1140E+03  0.2254E+01
  0.1150E+03  0.2325E+01
  0.1160E+03  0.2658E+01
  0.1170E+03  0.2382E+01
  0.1180E+03  0.2506E+01
  0.1190E+03  0.2419E+01
  0.1200E+03  0.2572E+01
  0.1210E+03  0.2387E+01
  0.1220E+03  0.2596E+01
  0.1230E+03  0.2577E+01
  0.1240E+03  0.2676E+01
  0.1250E+03  0.2591E+01
  0.1260E+03  0.2618E+01
  0.1270E+03  0.2728E+01
  0.1280E+03  0.2663E+01
  0.1290E+03  0.2747E+01
  0.1300E+03  0.2902E+01
  0.1310E+03  0.2672E+01
  0.1320E+03  0.2861E+01
  0.1330E+03  0.2690E+01
  0.1340E+03  0.2791E+01
  0.1350E+03  0.2927E+01
  0.1360E+03  0.2837E+01
  0.1370E+03  0.2925E+01
  0.1380E+03  0.3135E+01
  0.1390E+03  0.2969E+01
  0.1400E+03  0.3050E+01
  0.1410E+03  0.3057E+01
  0.1420E+03  0.3213E+01
  0.1430E+03  0.3302E+01
  0.1440E+03  0.3498E+01
  0.1450E+03  0.3614E+01
  0.1460E+03  0.3452E+01
  0.1470E+03  0.3874E+01
  0.1480E+03  0.3889E+01
  0.1490E+03  0.3594E+01
  0.1500E+03  0.3966E+01
  0.1510E+03  0.3826E+01
  0.1520E+03  0.3683E+01
  0.1530E+03  0.3720E+01
  0.1540E+03  0.3816E+01
  0.1550E+03  0.3675E+01
  0.1560E+03  0.3646E+01
  0.1570E+03  0.3542E+01
  0.1580E+03  0.3554E+01
  0.1590E+03  0.3390E+01
  0.1600E+03  0.3348E+01
  0.1610E+03  0.3067E+01
  0.1620E+03  0.3006E+01
  0.1630E+03  0.2918E+01
  0.1640E+03  0.3025E+01
  0.1650E+03  0.2670E+01
  0.1660E+03  0.2969E+01
  0.1670E+03  0.2725E+01
  0.1680E+03  0.2365E+01
  0.1690E+03  0.2620E+01
  0.1700E+03  0.2551E+01
  0.1710E+03  0.2546E+01
  0.1720E+03  0.2690E+01
  0.1730E+03  0.2691E+01
  0.1740E+03  0.2484E+01
  0.1750E+03  0.2522E+01
  0.1760E+03  0.2759E+01
  0.1770E+03  0.2577E+01
  0.1780E+03  0.2753E+01
  0.1790E+03  0.2840E+01
  0.1800E+03  0.2766E+01
  0.1810E+03  0.2667E+01
  0.1820E+03  0.3151E+01
  0.1830E+03  0.2724E+01
  0.1840E+03  0.2909E+01
  0.1850E+03  0.2836E+01
  0.1860E+03  0.2997E+01
  0.1870E+03  0.3157E+01
  0.1880E+03  0.2826E+01
  0.1890E+03  0.3018E+01
  0.1900E+03  0.3415E+01
  0.1910E+03  0.3185E+01
  0.1920E+03  0.3128E+01
  0.1930E+03  0.3255E+01
  0.1940E+03  0.3144E+01
  0.1950E+03  0.3843E+01
  0.1960E+03  0.3462E+01
  0.1970E+03  0.3639E+01
  0.1980E+03  0.3623E+01
  0.1990E+03  0.3835E+01
  0.2000E+03  0.3506E+01
  0.2010E+03  0.3899E+01
  0.2020E+03  0.3897E+01
  0.2030E+03  0.3618E+01
  0.2040E+03  0.3674E+01
  0.2050E+03  0.4073E+01
  0.2060E+03  0.3951E+01
  0.2070E+03  0.4211E+01
  0.2080E+03  0.4162E+01
  0.2090E+03  0.4141E+01
  0.2100E+03  0.4251E+01
  0.2110E+03  0.4112E+01
  0.2120E+03  0.4350E+01
  0.2130E+03  0.4278E+01
  0.2140E+03  0.4552E+01
  0.2150E+03  0.4456E+01
  0.2160E+03  0.4504E+01
  0.2170E+03  0.4406E+01
  0.2180E+03  0.4728E+01
  0.2190E+03  0.4695E+01
  0.2200E+03  0.4606E+01
  0.2210E+03  0.4682E+01
  0.2220E+03  0.5074E+01
  0.2230E+03  0.4795E+01
  0.2240E+03  0.4976E+01
  0.2250E+03  0.5117E+01
  0.2260E+03  0.5004E+01
  0.2270E+03  0.5319E+01
  0.2280E+03  0.4792E+01
  0.2290E+03  0.5180E+01
  0.2300E+03  0.5429E+01
  0.2310E+03  0.5251E+01
  0.2320E+03  0.5310E+01
  0.2330E+03  0.5215E+01
  0.2340E+03  0.5424E+01
  0.2350E+03  0.5595E+01
  0.2360E+03  0.5416E+01
  0.2370E+03  0.5578E+01
  0.2380E+03  0.5620E+01
  0.2390E+03  0.5644E+01
  0.2400E+03  0.5817E+01
  0.2410E+03  0.5931E+01
  0.2420E+03  0.5822E+01
  0.2430E+03  0.5989E+01
  0.2440E+03  0.5887E+01
  0.2450E+03  0.6104E+01
  0.2460E+03  0.5824E+01
  0.2470E+03  0.6125E+01
  0.2480E+03  0.6052E+01
  0.2490E+03  0.6220E+01
  0.2500E+03  0.6012E+01
  0.2510E+03  0.6062E+01
  0.2520E+03  0.5847E+01
  0.2530E+03  0.6336E+01
  0.2540E+03  0.6081E+01
  0.2550E+03  0.6138E+01
  0.2560E+03  0.6170E+01
  0.2570E+03  0.6581E+01
  0.2580E+03  0.6248E+01
  0.2590E+03  0.6344E+01
  0.2600E+03  0.6750E+01
  0.2610E+03  0.6608E+01
  0.2620E+03  0.6443E+01
  0.2630E+03  0.6542E+01
  0.2640E+03  0.6756E+01
  0.2650E+03  0.6669E+01
  0.2660E+03  0.6789E+01
  0.2670E+03  0.6972E+01
  0.2680E+03  0.6870E+01
  0.2690E+03  0.6868E+01
  0.2700E+03  0.6892E+01
  0.2710E+03  0.6858E+01
  0.2720E+03  0.6928E+01
  0.2730E+03  0.6662E+01
  0.2740E+03  0.6932E+01
  0.2750E+03  0.7135E+01
  0.2760E+03  0.7163E+01
  0.2770E+03  0.6774E+01
  0.2780E+03  0.6969E+01
  0.2790E+03  0.7560E+01
  0.2800E+03  0.7056E+01
  0.2810E+03  0.6983E+01
  0.2820E+03  0.7031E+01
  0.2830E+03  0.6987E+01
  0.2840E+03  0.7215E+01
  0.2850E+03  0.7055E+01
  0.2860E+03  0.6855E+01
  0.2870E+03  0.7193E+01
  0.2880E+03  0.7496E+01
  0.2890E+03  0.7249E+01
  0.2900E+03  0.7019E+01
  0.2910E+03  0.7369E+01
  0.2920E+03  0.6987E+01
  0.2930E+03  0.7212E+01
  0.2940E+03  0.7147E+01
  0.2950E+03  0.7350E+01
  0.2960E+03  0.7147E+01
  0.2970E+03  0.7543E+01
  0.2980E+03  0.7343E+01
  0.2990E+03  0.7436E+01
  0.3000E+03  0.7537E+01
  0.3010E+03  0.7091E+01
  0.3020E+03  0.7294E+01
  0.3030E+03  0.7345E+01
  0.3040E+03  0.7323E+01
  0.3050E+03  0.7539E+01
  0.3060E+03  0.7284E+01
  0.3070E+03  0.7507E+01
  0.3080E+03  0.7654E+01
  0.3090E+03  0.7560E+01
  0.3100E+03  0.7784E+01
  0.3110E+03  0.7301E+01
  0.3120E+03  0.7216E+01
  0.3130E+03  0.7405E+01
  0.3140E+03  0.7374E+01
  0.3150E+03  0.7465E+01
  0.3160E+03  0.7410E+01
  0.3170E+03  0.7082E+01
  0.3180E+03  0.7376E+01
  0.3190E+03  0.7261E+01
  0.3200E+03  0.7205E+01
  0.3210E+03  0.7232E+01
  0.3220E+03  0.7426E+01
  0.3230E+03  0.7426E+01
  0.3240E+03  0.7525E+01
  0.3250E+03  0.7378E+01
  0.3260E+03  0.7393E+01
  0.3270E+03  0.7419E+01
  0.3280E+03  0.7220E+01
  0.3290E+03  0.7559E+01
  0.3300E+03  0.6979E+01
  0.3310E+03  0.7515E+01
  0.3320E+03  0.7571E+01
  0.3330E+03  0.7596E+01
  0.3340E+03  0.7034E+01
  0.3350E+03  0.7230E+01
  0.3360E+03  0.7121E+01
  0.3370E+03  0.6683E+01
  0.3380E+03  0.7600E+01
  0.3390E+03  0.7481E+01
  0.3400E+03  0.7282E+01
  0.3410E+03  0.7228E+01
  0.3420E+03  0.6956E+01
  0.3430E+03  0.7025E+01
  0.3440E+03  0.6838E+01
  0.3450E+03  0.6883E+01
  0.3460E+03  0.7174E+01
  0.3470E+03  0.6813E+01
  0.3480E+03  0.6869E+01
  0.3490E+03  0.6971E+01
  0.3500E+03  0.6874E+01
  0.3510E+03  0.6855E+01
  0.3520E+03  0.7049E+01
  0.3530E+03  0.6875E+01
  0.3540E+03  0.6799E+01
  0.3550E+03  0.6502E+01
  0.3560E+03  0.6406E+01
  0.3570E+03  0.7047E+01
  0.3580E+03  0.6649E+01
  0.3590E+03  0.6534E+01
  0.3600E+03  0.6732E+01
  0.3610E+03  0.6577E+01
  0.3620E+03  0.6900E+01
  0.3630E+03  0.6394E+01
  0.3640E+03  0.7053E+01
  0.3650E+03  0.6399E+01
  0.3660E+03  0.6349E+01
  0.3670E+03  0.6371E+01
  0.3680E+03  0.6411E+01
  0.3690E+03  0.6060E+01
  0.3700E+03  0.6244E+01
  0.3710E+03  0.6579E+01
  0.3720E+03  0.6498E+01
  0.3730E+03  0.6307E+01
  0.3740E+03  0.6601E+01
  0.3750E+03  0.6380E+01
  0.3760E+03  0.6327E+01
  0.3770E+03  0.6033E+01
  0.3780E+03  0.6559E+01
  0.3790E+03  0.6615E+01
  0.3800E+03  0.6252E+01
  0.3810E+03  0.6089E+01
  0.3820E+03  0.6160E+01
  0.3830E+03  0.5914E+01
  0.3840E+03  0.6039E+01
  0.3850E+03  0.6155E+01
  0.3860E+03  0.6045E+01
  0.3870E+03  0.6124E+01
  0.3880E+03  0.5788E+01
  0.3890E+03  0.5603E+01
  0.3900E+03  0.6163E+01
  0.3910E+03  0.5846E+01
  0.3920E+03  0.5976E+01
  0.3930E+03  0.5865E+01
  0.3940E+03  0.6008E+01
  0.3950E+03  0.5738E+01
  0.3960E+03  0.5902E+01
  0.3970E+03  0.5957E+01
  0.3980E+03  0.6243E+01
  0.3990E+03  0.5879E+01
  0.4000E+03  0.5707E+01
  0.4010E+03  0.5455E+01
  0.4020E+03  0.5511E+01
  0.4030E+03  0.5823E+01
  0.4040E+03  0.5592E+01
  0.4050E+03  0.5608E+01
  0.4060E+03  0.5721E+01
  0.4070E+03  0.5585E+01
  0.4080E+03  0.5128E+01
  0.4090E+03  0.5475E+01
  0.4100E+03  0.5289E+01
  0.4110E+03  0.5157E+01
  0.4120E+03  0.5368E+01
  0.4130E+03  0.5139E+01
  0.4140E+03  0.4973E+01
  0.4150E+03  0.5198E+01
  0.4160E+03  0.5042E+01
  0.4170E+03  0.5299E+01
  0.4180E+03  0.5011E+01
  0.4190E+03  0.4862E+01
  0.4200E+03  0.4869E+01
  0.4210E+03  0.4973E+01
  0.4220E+03  0.5101E+01
  0.4230E+03  0.4896E+01
  0.4240E+03  0.4963E+01
  0.4250E+03  0.4704E+01
  0.4260E+03  0.4995E+01
  0.4270E+03  0.5055E+01
  0.4280E+03  0.4653E+01
  0.4290E+03  0.4522E+01
  0.4300E+03  0.4203E+01
  0.4310E+03  0.4424E+01
  0.4320E+03  0.4546E+01
  0.4330E+03  0.4329E+01
  0.4340E+03  0.4510E+01
  0.4350E+03  0.4160E+01
  0.4360E+03  0.4335E+01
  0.4370E+03  0.4619E+01
  0.4380E+03  0.4362E+01
  0.4390E+03  0.4109E+01
  0.4400E+03  0.3973E+01
  0.4410E+03  0.4223E+01
  0.4420E+03  0.4039E+01
  0.4430E+03  0.3708E+01
  0.4440E+03  0.3688E+01
  0.4450E+03  0.4126E+01
  0.4460E+03  0.3812E+01
  0.4470E+03  0.3823E+01
  0.4480E+03  0.3755E+01
  0.4490E+03  0.3721E+01
  0.4500E+03  0.3672E+01
  0.4510E+03  0.3770E+01
  0.4520E+03  0.3463E+01
  0.4530E+03  0.3289E+01
  0.4540E+03  0.3720E+01
  0.4550E+03  0.3541E+01
  0.4560E+03  0.3394E+01
  0.4570E+03  0.3888E+01
  0.4580E+03  0.3410E+01
  0.4590E+03  0.3525E+01
  0.4600E+03  0.3070E+01
  0.4610E+03  0.3337E+01
  0.4620E+03  0.3394E+01
  0.4630E+03  0.3114E+01
  0.4640E+03  0.2976E+01
  0.4650E+03  0.3089E+01
  0.4660E+03  0.3213E+01
  0.4670E+03  0.3186E+01
  0.4680E+03  0.3256E+01
  0.4690E+03  0.2798E+01
  0.4700E+03  0.3132E+01
  0.4710E+03  0.2905E+01
  0.4720E+03  0.2999E+01
  0.4730E+03  0.2609E+01
  0.4740E+03  0.3076E+01
  0.4750E+03  0.2902E+01
  0.4760E+03  0.2600E+01
  0.4770E+03  0.2770E+01
  0.4780E+03  0.2965E+01
  0.4790E+03  0.2996E+01
  0.4800E+03  0.3070E+01
  0.4810E+03  0.2594E+01
  0.4820E+03  0.2821E+01
  0.4830E+03  0.2593E+01
  0.4840E+03  0.2770E+01
  0.4850E+03  0.2531E+01
  0.4860E+03  0.2569E+01
  0.4870E+03  0.2612E+01
  0.4880E+03  0.2544E+01
  0.4890E+03  0.2523E+01
  0.4900E+03  0.2233E+01
  0.4910E+03  0.2314E+01
  0.4920E+03  0.2343E+01
  0.4930E+03  0.2304E+01
  0.4940E+03  0.2310E+01
  0.4950E+03  0.2154E+01
  0.4960E+03  0.2178E+01
  0.4970E+03  0.2038E+01
  0.4980E+03  0.1979E+01
  0.4990E+03  0.2287E+01
  0.5000E+03  0.2367E+01
  0.5010E+03  0.1926E+01
  0.5020E+03  0.2123E+01
  0.5030E+03  0.1777E+01
  0.5040E+03  0.1691E+01
  0.5050E+03  0.1774E+01
  0.5060E+03  0.1760E+01
  0.5070E+03  0.1724E+01
  0.5080E+03  0.1824E+01
  0.5090E+03  0.1775E+01
  0.5100E+03  0.1385E+01
  0.5110E+03  0.0000E+00
  0.5120E+03  0.0000E+00
