  0.1000E+01  0.3247E+01
  0.2000E+01  0.3897E+01
  0.3000E+01  0.4285E+01
  0.4000E+01  0.4296E+01
  0.5000E+01  0.4400E+01
  0.6000E+01  0.4353E+01
  0.7000E+01  0.4451E+01
  0.8000E+01  0.4666E+01
  0.9000E+01  0.4559E+01
  0.1000E+02  0.4434E+01
  0.1100E+02  0.4575E+01
  0.1200E+02  0.4544E+01
  0.1300E+02  0.4572E+01
  0.1400E+02  0.4991E+01
  0.1500E+02  0.4855E+01
  0.1600E+02  0.4874E+01
  0.1700E+02  0.4629E+01
  0.1800E+02  0.4574E+01
  0.1900E+02  0.4536E+01
  0.2000E+02  0.4561E+01
  0.2100E+02  0.4741E+01
  0.2200E+02  0.4809E+01
  0.2300E+02  0.4727E+01
  0.2400E+02  0.4995E+01
  0.2500E+02  0.5122E+01
  0.2600E+02  0.5352E+01
  0.2700E+02  0.6072E+01
  0.2800E+02  0.5971E+01
  0.2900E+02  0.5827E+01
  0.3000E+02  0.5904E+01
  0.3100E+02  0.5399E+01
  0.3200E+02  0.5004E+01
  0.3300E+02  0.4944E+01
  0.3400E+02  0.4955E+01
  0.3500E+02  0.4678E+01
  0.3600E+02  0.4743E+01
  0.3700E+02  0.4613E+01
  0.3800E+02  0.4839E+01
  0.3900E+02  0.4520E+01
  0.4000E+02  0.4756E+01
  0.4100E+02  0.4718E+01
  0.4200E+02  0.4472E+01
  0.4300E+02  0.4909E+01
  0.4400E+02  0.4755E+01
  0.4500E+02  0.4721E+01
  0.4600E+02  0.4877E+01
  0.4700E+02  0.4807E+01
  0.4800E+02  0.4806E+01
  0.4900E+02  0.4523E+01
  0.5000E+02  0.4905E+01
  0.5100E+02  0.4932E+01
  0.5200E+02  0.5217E+01
  0.5300E+02  0.5133E+01
  0.5400E+02  0.4959E+01
  0.5500E+02  0.4590E+01
  0.5600E+02  0.4794E+01
  0.5700E+02  0.4743E+01
  0.5800E+02  0.5076E+01
  0.5900E+02  0.4867E+01
  0.6000E+02  0.4831E+01
  0.6100E+02  0.4729E+01
  0.6200E+02  0.4934E+01
  0.6300E+02  0.4799E+01
  0.6400E+02  0.4775E+01
  0.6500E+02  0.4471E+01
  0.6600E+02  0.4845E+01
  0.6700E+02  0.4668E+01
  0.6800E+02  0.4487E+01
  0.6900E+02  0.4807E+01
  0.7000E+02  0.4709E+01
  0.7100E+02  0.4552E+01
  0.7200E+02  0.4681E+01
  0.7300E+02  0.4835E+01
  0.7400E+02  0.4799E+01
  0.7500E+02  0.4301E+01
  0.7600E+02  0.4691E+01
  0.7700E+02  0.4578E+01
  0.7800E+02  0.4819E+01
  0.7900E+02  0.4554E+01
  0.8000E+02  0.4818E+01
  0.8100E+02  0.4426E+01
  0.8200E+02  0.4234E+01
  0.8300E+02  0.4556E+01
  0.8400E+02  0.4743E+01
  0.8500E+02  0.4602E+01
  0.8600E+02  0.4521E+01
  0.8700E+02  0.4583E+01
  0.8800E+02  0.4661E+01
  0.8900E+02  0.4587E+01
  0.9000E+02  0.4632E+01
  0.9100E+02  0.4687E+01
  0.9200E+02  0.4310E+01
  0.9300E+02  0.4687E+01
  0.9400E+02  0.4595E+01
  0.9500E+02  0.4606E+01
  0.9600E+02  0.4620E+01
  0.9700E+02  0.4789E+01
  0.9800E+02  0.4881E+01
  0.9900E+02  0.4865E+01
  0.1000E+03  0.5277E+01
  0.1010E+03  0.4991E+01
  0.1020E+03  0.4731E+01
  0.1030E+03  0.4812E+01
  0.1040E+03  0.4867E+01
  0.1050E+03  0.4980E+01
  0.1060E+03  0.5151E+01
  0.1070E+03  0.4849E+01
  0.1080E+03  0.4924E+01
  0.1090E+03  0.5230E+01
  0.1100E+03  0.5040E+01
  0.1110E+03  0.5159E+01
  0.1120E+03  0.4993E+01
  0.1130E+03  0.5565E+01
  0.1140E+03  0.5044E+01
  0.1150E+03  0.5095E+01
  0.1160E+03  0.5277E+01
  0.1170E+03  0.5538E+01
  0.1180E+03  0.5203E+01
  0.1190E+03  0.5172E+01
  0.1200E+03  0.5265E+01
  0.1210E+03  0.5692E+01
  0.1220E+03  0.5317E+01
  0.1230E+03  0.5555E+01
  0.1240E+03  0.5448E+01
  0.1250E+03  0.5520E+01
  0.1260E+03  0.5601E+01
  0.1270E+03  0.5671E+01
  0.1280E+03  0.6011E+01
  0.1290E+03  0.5643E+01
  0.1300E+03  0.6147E+01
  0.1310E+03  0.6089E+01
  0.1320E+03  0.6264E+01
  0.1330E+03  0.6109E+01
  0.1340E+03  0.6080E+01
  0.1350E+03  0.6568E+01
  0.1360E+03  0.6375E+01
  0.1370E+03  0.6954E+01
  0.1380E+03  0.6664E+01
  0.1390E+03  0.6959E+01
  0.1400E+03  0.6616E+01
  0.1410E+03  0.7380E+01
  0.1420E+03  0.7517E+01
  0.1430E+03  0.7653E+01
  0.1440E+03  0.8219E+01
  0.1450E+03  0.8625E+01
  0.1460E+03  0.9416E+01
  0.1470E+03  0.9945E+01
  0.1480E+03  0.1113E+02
  0.1490E+03  0.1157E+02
  0.1500E+03  0.1279E+02
  0.1510E+03  0.1343E+02
  0.1520E+03  0.1446E+02
  0.1530E+03  0.1526E+02
  0.1540E+03  0.1668E+02
  0.1550E+03  0.1699E+02
  0.1560E+03  0.1788E+02
  0.1570E+03  0.1817E+02
  0.1580E+03  0.1856E+02
  0.1590E+03  0.1807E+02
  0.1600E+03  0.1849E+02
  0.1610E+03  0.1764E+02
  0.1620E+03  0.1700E+02
  0.1630E+03  0.1629E+02
  0.1640E+03  0.1537E+02
  0.1650E+03  0.1491E+02
  0.1660E+03  0.1322E+02
  0.1670E+03  0.1238E+02
  0.1680E+03  0.1179E+02
  0.1690E+03  0.1089E+02
  0.1700E+03  0.1011E+02
  0.1710E+03  0.9185E+01
  0.1720E+03  0.9110E+01
  0.1730E+03  0.8743E+01
  0.1740E+03  0.7700E+01
  0.1750E+03  0.7653E+01
  0.1760E+03  0.7524E+01
  0.1770E+03  0.7723E+01
  0.1780E+03  0.7218E+01
  0.1790E+03  0.7732E+01
  0.1800E+03  0.7668E+01
  0.1810E+03  0.7735E+01
  0.1820E+03  0.7502E+01
  0.1830E+03  0.7512E+01
  0.1840E+03  0.7720E+01
  0.1850E+03  0.7568E+01
  0.1860E+03  0.7963E+01
  0.1870E+03  0.7775E+01
  0.1880E+03  0.7875E+01
  0.1890E+03  0.7992E+01
  0.1900E+03  0.8162E+01
  0.1910E+03  0.8345E+01
  0.1920E+03  0.8447E+01
  0.1930E+03  0.7866E+01
  0.1940E+03  0.8576E+01
  0.1950E+03  0.8881E+01
  0.1960E+03  0.8767E+01
  0.1970E+03  0.9032E+01
  0.1980E+03  0.8632E+01
  0.1990E+03  0.8933E+01
  0.2000E+03  0.8777E+01
  0.2010E+03  0.8784E+01
  0.2020E+03  0.8751E+01
  0.2030E+03  0.9068E+01
  0.2040E+03  0.9092E+01
  0.2050E+03  0.9516E+01
  0.2060E+03  0.9324E+01
  0.2070E+03  0.9336E+01
  0.2080E+03  0.9773E+01
  0.2090E+03  0.9444E+01
  0.2100E+03  0.9594E+01
  0.2110E+03  0.9890E+01
  0.2120E+03  0.9653E+01
  0.2130E+03  0.1004E+02
  0.2140E+03  0.1007E+02
  0.2150E+03  0.9927E+01
  0.2160E+03  0.1037E+02
  0.2170E+03  0.1067E+02
  0.2180E+03  0.1048E+02
  0.2190E+03  0.1075E+02
  0.2200E+03  0.1070E+02
  0.2210E+03  0.1054E+02
  0.2220E+03  0.1092E+02
  0.2230E+03  0.1078E+02
  0.2240E+03  0.1109E+02
  0.2250E+03  0.1182E+02
  0.2260E+03  0.1116E+02
  0.2270E+03  0.1148E+02
  0.2280E+03  0.1140E+02
  0.2290E+03  0.1141E+02
  0.2300E+03  0.1173E+02
  0.2310E+03  0.1183E+02
  0.2320E+03  0.1216E+02
  0.2330E+03  0.1258E+02
  0.2340E+03  0.1207E+02
  0.2350E+03  0.1212E+02
  0.2360E+03  0.1218E+02
  0.2370E+03  0.1254E+02
  0.2380E+03  0.1249E+02
  0.2390E+03  0.1246E+02
  0.2400E+03  0.1239E+02
  0.2410E+03  0.1310E+02
  0.2420E+03  0.1271E+02
  0.2430E+03  0.1267E+02
  0.2440E+03  0.1343E+02
  0.2450E+03  0.1346E+02
  0.2460E+03  0.1292E+02
  0.2470E+03  0.1345E+02
  0.2480E+03  0.1310E+02
  0.2490E+03  0.1361E+02
  0.2500E+03  0.1364E+02
  0.2510E+03  0.1408E+02
  0.2520E+03  0.1372E+02
  0.2530E+03  0.1330E+02
  0.2540E+03  0.1363E+02
  0.2550E+03  0.1401E+02
  0.2560E+03  0.1355E+02
  0.2570E+03  0.1403E+02
  0.2580E+03  0.1380E+02
  0.2590E+03  0.1444E+02
  0.2600E+03  0.1445E+02
  0.2610E+03  0.1448E+02
  0.2620E+03  0.1406E+02
  0.2630E+03  0.1486E+02
  0.2640E+03  0.1424E+02
  0.2650E+03  0.1442E+02
  0.2660E+03  0.1455E+02
  0.2670E+03  0.1486E+02
  0.2680E+03  0.1469E+02
  0.2690E+03  0.1471E+02
  0.2700E+03  0.1552E+02
  0.2710E+03  0.1494E+02
  0.2720E+03  0.1507E+02
  0.2730E+03  0.1532E+02
  0.2740E+03  0.1526E+02
  0.2750E+03  0.1462E+02
  0.2760E+03  0.1555E+02
  0.2770E+03  0.1598E+02
  0.2780E+03  0.1574E+02
  0.2790E+03  0.1561E+02
  0.2800E+03  0.1530E+02
  0.2810E+03  0.1516E+02
  0.2820E+03  0.1557E+02
  0.2830E+03  0.1573E+02
  0.2840E+03  0.1587E+02
  0.2850E+03  0.1571E+02
  0.2860E+03  0.1534E+02
  0.2870E+03  0.1558E+02
  0.2880E+03  0.1569E+02
  0.2890E+03  0.1557E+02
  0.2900E+03  0.1580E+02
  0.2910E+03  0.1595E+02
  0.2920E+03  0.1559E+02
  0.2930E+03  0.1569E+02
  0.2940E+03  0.1554E+02
  0.2950E+03  0.1554E+02
  0.2960E+03  0.1592E+02
  0.2970E+03  0.1542E+02
  0.2980E+03  0.1557E+02
  0.2990E+03  0.1624E+02
  0.3000E+03  0.1552E+02
  0.3010E+03  0.1569E+02
  0.3020E+03  0.1557E+02
  0.3030E+03  0.1672E+02
  0.3040E+03  0.1577E+02
  0.3050E+03  0.1652E+02
  0.3060E+03  0.1625E+02
  0.3070E+03  0.1614E+02
  0.3080E+03  0.1611E+02
  0.3090E+03  0.1589E+02
  0.3100E+03  0.1571E+02
  0.3110E+03  0.1611E+02
  0.3120E+03  0.1630E+02
  0.3130E+03  0.1672E+02
  0.3140E+03  0.1617E+02
  0.3150E+03  0.1661E+02
  0.3160E+03  0.1696E+02
  0.3170E+03  0.1648E+02
  0.3180E+03  0.1653E+02
  0.3190E+03  0.1703E+02
  0.3200E+03  0.1681E+02
  0.3210E+03  0.1681E+02
  0.3220E+03  0.1684E+02
  0.3230E+03  0.1713E+02
  0.3240E+03  0.1667E+02
  0.3250E+03  0.1793E+02
  0.3260E+03  0.1760E+02
  0.3270E+03  0.1745E+02
  0.3280E+03  0.1729E+02
  0.3290E+03  0.1773E+02
  0.3300E+03  0.1771E+02
  0.3310E+03  0.1748E+02
  0.3320E+03  0.1785E+02
  0.3330E+03  0.1751E+02
  0.3340E+03  0.1796E+02
  0.3350E+03  0.1804E+02
  0.3360E+03  0.1727E+02
  0.3370E+03  0.1781E+02
  0.3380E+03  0.1788E+02
  0.3390E+03  0.1864E+02
  0.3400E+03  0.1804E+02
  0.3410E+03  0.1831E+02
  0.3420E+03  0.1761E+02
  0.3430E+03  0.1769E+02
  0.3440E+03  0.1812E+02
  0.3450E+03  0.1796E+02
  0.3460E+03  0.1786E+02
  0.3470E+03  0.1771E+02
  0.3480E+03  0.1772E+02
  0.3490E+03  0.1791E+02
  0.3500E+03  0.1771E+02
  0.3510E+03  0.1774E+02
  0.3520E+03  0.1711E+02
  0.3530E+03  0.1752E+02
  0.3540E+03  0.1697E+02
  0.3550E+03  0.1682E+02
  0.3560E+03  0.1705E+02
  0.3570E+03  0.1711E+02
  0.3580E+03  0.1682E+02
  0.3590E+03  0.1611E+02
  0.3600E+03  0.1647E+02
  0.3610E+03  0.1613E+02
  0.3620E+03  0.1644E+02
  0.3630E+03  0.1663E+02
  0.3640E+03  0.1634E+02
  0.3650E+03  0.1574E+02
  0.3660E+03  0.1608E+02
  0.3670E+03  0.1582E+02
  0.3680E+03  0.1599E+02
  0.3690E+03  0.1583E+02
  0.3700E+03  0.1539E+02
  0.3710E+03  0.1516E+02
  0.3720E+03  0.1564E+02
  0.3730E+03  0.1547E+02
  0.3740E+03  0.1567E+02
  0.3750E+03  0.1546E+02
  0.3760E+03  0.1536E+02
  0.3770E+03  0.1521E+02
  0.3780E+03  0.1566E+02
  0.3790E+03  0.1539E+02
  0.3800E+03  0.1526E+02
  0.3810E+03  0.1517E+02
  0.3820E+03  0.1543E+02
  0.3830E+03  0.1513E+02
  0.3840E+03  0.1487E+02
  0.3850E+03  0.1520E+02
  0.3860E+03  0.1509E+02
  0.3870E+03  0.1481E+02
  0.3880E+03  0.1529E+02
  0.3890E+03  0.1548E+02
  0.3900E+03  0.1557E+02
  0.3910E+03  0.1578E+02
  0.3920E+03  0.1516E+02
  0.3930E+03  0.1507E+02
  0.3940E+03  0.1560E+02
  0.3950E+03  0.1598E+02
  0.3960E+03  0.1505E+02
  0.3970E+03  0.1538E+02
  0.3980E+03  0.1600E+02
  0.3990E+03  0.1590E+02
  0.4000E+03  0.1556E+02
  0.4010E+03  0.1561E+02
  0.4020E+03  0.1574E+02
  0.4030E+03  0.1605E+02
  0.4040E+03  0.1605E+02
  0.4050E+03  0.1605E+02
  0.4060E+03  0.1618E+02
  0.4070E+03  0.1644E+02
  0.4080E+03  0.1598E+02
  0.4090E+03  0.1641E+02
  0.4100E+03  0.1606E+02
  0.4110E+03  0.1651E+02
  0.4120E+03  0.1612E+02
  0.4130E+03  0.1707E+02
  0.4140E+03  0.1684E+02
  0.4150E+03  0.1613E+02
  0.4160E+03  0.1699E+02
  0.4170E+03  0.1732E+02
  0.4180E+03  0.1827E+02
  0.4190E+03  0.1720E+02
  0.4200E+03  0.1716E+02
  0.4210E+03  0.1757E+02
  0.4220E+03  0.1728E+02
  0.4230E+03  0.1732E+02
  0.4240E+03  0.1821E+02
  0.4250E+03  0.1735E+02
  0.4260E+03  0.1797E+02
  0.4270E+03  0.1776E+02
  0.4280E+03  0.1798E+02
  0.4290E+03  0.1872E+02
  0.4300E+03  0.1797E+02
  0.4310E+03  0.1808E+02
  0.4320E+03  0.1888E+02
  0.4330E+03  0.1864E+02
  0.4340E+03  0.1826E+02
  0.4350E+03  0.1830E+02
  0.4360E+03  0.1852E+02
  0.4370E+03  0.1846E+02
  0.4380E+03  0.1851E+02
  0.4390E+03  0.1784E+02
  0.4400E+03  0.1871E+02
  0.4410E+03  0.1821E+02
  0.4420E+03  0.1809E+02
  0.4430E+03  0.1782E+02
  0.4440E+03  0.1792E+02
  0.4450E+03  0.1821E+02
  0.4460E+03  0.1739E+02
  0.4470E+03  0.1707E+02
  0.4480E+03  0.1786E+02
  0.4490E+03  0.1711E+02
  0.4500E+03  0.1721E+02
  0.4510E+03  0.1697E+02
  0.4520E+03  0.1654E+02
  0.4530E+03  0.1633E+02
  0.4540E+03  0.1652E+02
  0.4550E+03  0.1641E+02
  0.4560E+03  0.1629E+02
  0.4570E+03  0.1582E+02
  0.4580E+03  0.1609E+02
  0.4590E+03  0.1588E+02
  0.4600E+03  0.1577E+02
  0.4610E+03  0.1518E+02
  0.4620E+03  0.1518E+02
  0.4630E+03  0.1453E+02
  0.4640E+03  0.1469E+02
  0.4650E+03  0.1466E+02
  0.4660E+03  0.1499E+02
  0.4670E+03  0.1409E+02
  0.4680E+03  0.1493E+02
  0.4690E+03  0.1425E+02
  0.4700E+03  0.1461E+02
  0.4710E+03  0.1440E+02
  0.4720E+03  0.1424E+02
  0.4730E+03  0.1412E+02
  0.4740E+03  0.1393E+02
  0.4750E+03  0.1432E+02
  0.4760E+03  0.1422E+02
  0.4770E+03  0.1412E+02
  0.4780E+03  0.1441E+02
  0.4790E+03  0.1410E+02
  0.4800E+03  0.1417E+02
  0.4810E+03  0.1456E+02
  0.4820E+03  0.1462E+02
  0.4830E+03  0.1479E+02
  0.4840E+03  0.1448E+02
  0.4850E+03  0.1434E+02
  0.4860E+03  0.1438E+02
  0.4870E+03  0.1481E+02
  0.4880E+03  0.1464E+02
  0.4890E+03  0.1470E+02
  0.4900E+03  0.1527E+02
  0.4910E+03  0.1545E+02
  0.4920E+03  0.1539E+02
  0.4930E+03  0.1556E+02
  0.4940E+03  0.1522E+02
  0.4950E+03  0.1538E+02
  0.4960E+03  0.1605E+02
  0.4970E+03  0.1626E+02
  0.4980E+03  0.1646E+02
  0.4990E+03  0.1635E+02
  0.5000E+03  0.1638E+02
  0.5010E+03  0.1650E+02
  0.5020E+03  0.1690E+02
  0.5030E+03  0.1719E+02
  0.5040E+03  0.1676E+02
  0.5050E+03  0.1705E+02
  0.5060E+03  0.1738E+02
  0.5070E+03  0.1716E+02
  0.5080E+03  0.1776E+02
  0.5090E+03  0.1785E+02
  0.5100E+03  0.1798E+02
  0.5110E+03  0.0000E+00
  0.5120E+03  0.0000E+00
