  0.1000E+01  0.6272E+02
  0.2000E+01  0.7108E+02
  0.3000E+01  0.7269E+02
  0.4000E+01  0.7551E+02
  0.5000E+01  0.7592E+02
  0.6000E+01  0.7720E+02
  0.7000E+01  0.7770E+02
  0.8000E+01  0.7718E+02
  0.9000E+01  0.7830E+02
  0.1000E+02  0.7694E+02
  0.1100E+02  0.7720E+02
  0.1200E+02  0.7699E+02
  0.1300E+02  0.7800E+02
  0.1400E+02  0.7805E+02
  0.1500E+02  0.7761E+02
  0.1600E+02  0.7799E+02
  0.1700E+02  0.7855E+02
  0.1800E+02  0.7769E+02
  0.1900E+02  0.7679E+02
  0.2000E+02  0.7929E+02
  0.2100E+02  0.8370E+02
  0.2200E+02  0.9493E+02
  0.2300E+02  0.1144E+03
  0.2400E+02  0.1451E+03
  0.2500E+02  0.1870E+03
  0.2600E+02  0.2250E+03
  0.2700E+02  0.2465E+03
  0.2800E+02  0.2400E+03
  0.2900E+02  0.2110E+03
  0.3000E+02  0.1778E+03
  0.3100E+02  0.1473E+03
  0.3200E+02  0.1251E+03
  0.3300E+02  0.1079E+03
  0.3400E+02  0.9423E+02
  0.3500E+02  0.8560E+02
  0.3600E+02  0.7839E+02
  0.3700E+02  0.7740E+02
  0.3800E+02  0.7776E+02
  0.3900E+02  0.7840E+02
  0.4000E+02  0.8085E+02
  0.4100E+02  0.8384E+02
  0.4200E+02  0.8763E+02
  0.4300E+02  0.8994E+02
  0.4400E+02  0.9290E+02
  0.4500E+02  0.9311E+02
  0.4600E+02  0.9442E+02
  0.4700E+02  0.9117E+02
  0.4800E+02  0.8977E+02
  0.4900E+02  0.8872E+02
  0.5000E+02  0.8736E+02
  0.5100E+02  0.8709E+02
  0.5200E+02  0.8895E+02
  0.5300E+02  0.8932E+02
  0.5400E+02  0.9038E+02
  0.5500E+02  0.9344E+02
  0.5600E+02  0.9562E+02
  0.5700E+02  0.9785E+02
  0.5800E+02  0.1004E+03
  0.5900E+02  0.1016E+03
  0.6000E+02  0.1013E+03
  0.6100E+02  0.1049E+03
  0.6200E+02  0.1081E+03
  0.6300E+02  0.1092E+03
  0.6400E+02  0.1153E+03
  0.6500E+02  0.1218E+03
  0.6600E+02  0.1332E+03
  0.6700E+02  0.1465E+03
  0.6800E+02  0.1661E+03
  0.6900E+02  0.1876E+03
  0.7000E+02  0.2102E+03
  0.7100E+02  0.2362E+03
  0.7200E+02  0.2574E+03
  0.7300E+02  0.2747E+03
  0.7400E+02  0.2834E+03
  0.7500E+02  0.2840E+03
  0.7600E+02  0.2770E+03
  0.7700E+02  0.2648E+03
  0.7800E+02  0.2493E+03
  0.7900E+02  0.2364E+03
  0.8000E+02  0.2254E+03
  0.8100E+02  0.2202E+03
  0.8200E+02  0.2131E+03
  0.8300E+02  0.2113E+03
  0.8400E+02  0.2104E+03
  0.8500E+02  0.2082E+03
  0.8600E+02  0.2062E+03
  0.8700E+02  0.2005E+03
  0.8800E+02  0.1922E+03
  0.8900E+02  0.1834E+03
  0.9000E+02  0.1764E+03
  0.9100E+02  0.1689E+03
  0.9200E+02  0.1612E+03
  0.9300E+02  0.1557E+03
  0.9400E+02  0.1532E+03
  0.9500E+02  0.1507E+03
  0.9600E+02  0.1495E+03
  0.9700E+02  0.1505E+03
  0.9800E+02  0.1494E+03
  0.9900E+02  0.1497E+03
  0.1000E+03  0.1507E+03
  0.1010E+03  0.1512E+03
  0.1020E+03  0.1524E+03
  0.1030E+03  0.1515E+03
  0.1040E+03  0.1496E+03
  0.1050E+03  0.1499E+03
  0.1060E+03  0.1504E+03
  0.1070E+03  0.1484E+03
  0.1080E+03  0.1486E+03
  0.1090E+03  0.1477E+03
  0.1100E+03  0.1465E+03
  0.1110E+03  0.1456E+03
  0.1120E+03  0.1444E+03
  0.1130E+03  0.1450E+03
  0.1140E+03  0.1432E+03
  0.1150E+03  0.1438E+03
  0.1160E+03  0.1437E+03
  0.1170E+03  0.1418E+03
  0.1180E+03  0.1434E+03
  0.1190E+03  0.1429E+03
  0.1200E+03  0.1431E+03
  0.1210E+03  0.1447E+03
  0.1220E+03  0.1456E+03
  0.1230E+03  0.1443E+03
  0.1240E+03  0.1450E+03
  0.1250E+03  0.1467E+03
  0.1260E+03  0.1464E+03
  0.1270E+03  0.1482E+03
  0.1280E+03  0.1494E+03
  0.1290E+03  0.1509E+03
  0.1300E+03  0.1511E+03
  0.1310E+03  0.1509E+03
  0.1320E+03  0.1524E+03
  0.1330E+03  0.1517E+03
  0.1340E+03  0.1525E+03
  0.1350E+03  0.1544E+03
  0.1360E+03  0.1542E+03
  0.1370E+03  0.1569E+03
  0.1380E+03  0.1571E+03
  0.1390E+03  0.1584E+03
  0.1400E+03  0.1595E+03
  0.1410E+03  0.1623E+03
  0.1420E+03  0.1665E+03
  0.1430E+03  0.1694E+03
  0.1440E+03  0.1744E+03
  0.1450E+03  0.1804E+03
  0.1460E+03  0.1867E+03
  0.1470E+03  0.1954E+03
  0.1480E+03  0.2046E+03
  0.1490E+03  0.2153E+03
  0.1500E+03  0.2285E+03
  0.1510E+03  0.2390E+03
  0.1520E+03  0.2517E+03
  0.1530E+03  0.2647E+03
  0.1540E+03  0.2762E+03
  0.1550E+03  0.2846E+03
  0.1560E+03  0.2953E+03
  0.1570E+03  0.3033E+03
  0.1580E+03  0.3052E+03
  0.1590E+03  0.3050E+03
  0.1600E+03  0.3038E+03
  0.1610E+03  0.2960E+03
  0.1620E+03  0.2885E+03
  0.1630E+03  0.2785E+03
  0.1640E+03  0.2673E+03
  0.1650E+03  0.2563E+03
  0.1660E+03  0.2420E+03
  0.1670E+03  0.2315E+03
  0.1680E+03  0.2184E+03
  0.1690E+03  0.2090E+03
  0.1700E+03  0.1990E+03
  0.1710E+03  0.1933E+03
  0.1720E+03  0.1862E+03
  0.1730E+03  0.1819E+03
  0.1740E+03  0.1760E+03
  0.1750E+03  0.1740E+03
  0.1760E+03  0.1723E+03
  0.1770E+03  0.1694E+03
  0.1780E+03  0.1678E+03
  0.1790E+03  0.1664E+03
  0.1800E+03  0.1650E+03
  0.1810E+03  0.1647E+03
  0.1820E+03  0.1599E+03
  0.1830E+03  0.1591E+03
  0.1840E+03  0.1590E+03
  0.1850E+03  0.1570E+03
  0.1860E+03  0.1548E+03
  0.1870E+03  0.1529E+03
  0.1880E+03  0.1504E+03
  0.1890E+03  0.1479E+03
  0.1900E+03  0.1465E+03
  0.1910E+03  0.1451E+03
  0.1920E+03  0.1420E+03
  0.1930E+03  0.1404E+03
  0.1940E+03  0.1401E+03
  0.1950E+03  0.1378E+03
  0.1960E+03  0.1352E+03
  0.1970E+03  0.1342E+03
  0.1980E+03  0.1309E+03
  0.1990E+03  0.1298E+03
  0.2000E+03  0.1281E+03
  0.2010E+03  0.1260E+03
  0.2020E+03  0.1231E+03
  0.2030E+03  0.1216E+03
  0.2040E+03  0.1202E+03
  0.2050E+03  0.1188E+03
  0.2060E+03  0.1183E+03
  0.2070E+03  0.1168E+03
  0.2080E+03  0.1168E+03
  0.2090E+03  0.1135E+03
  0.2100E+03  0.1107E+03
  0.2110E+03  0.1110E+03
  0.2120E+03  0.1104E+03
  0.2130E+03  0.1084E+03
  0.2140E+03  0.1085E+03
  0.2150E+03  0.1058E+03
  0.2160E+03  0.1053E+03
  0.2170E+03  0.1039E+03
  0.2180E+03  0.1035E+03
  0.2190E+03  0.1021E+03
  0.2200E+03  0.1020E+03
  0.2210E+03  0.9979E+02
  0.2220E+03  0.1009E+03
  0.2230E+03  0.9672E+02
  0.2240E+03  0.9807E+02
  0.2250E+03  0.9789E+02
  0.2260E+03  0.9676E+02
  0.2270E+03  0.9510E+02
  0.2280E+03  0.9502E+02
  0.2290E+03  0.9390E+02
  0.2300E+03  0.9543E+02
  0.2310E+03  0.9444E+02
  0.2320E+03  0.9270E+02
  0.2330E+03  0.9248E+02
  0.2340E+03  0.9341E+02
  0.2350E+03  0.9092E+02
  0.2360E+03  0.9128E+02
  0.2370E+03  0.9064E+02
  0.2380E+03  0.9131E+02
  0.2390E+03  0.9097E+02
  0.2400E+03  0.8968E+02
  0.2410E+03  0.9106E+02
  0.2420E+03  0.8819E+02
  0.2430E+03  0.8924E+02
  0.2440E+03  0.8892E+02
  0.2450E+03  0.8979E+02
  0.2460E+03  0.8681E+02
  0.2470E+03  0.8775E+02
  0.2480E+03  0.8736E+02
  0.2490E+03  0.8778E+02
  0.2500E+03  0.8765E+02
  0.2510E+03  0.8648E+02
  0.2520E+03  0.8581E+02
  0.2530E+03  0.8551E+02
  0.2540E+03  0.8539E+02
  0.2550E+03  0.8552E+02
  0.2560E+03  0.8516E+02
  0.2570E+03  0.8525E+02
  0.2580E+03  0.8397E+02
  0.2590E+03  0.8567E+02
  0.2600E+03  0.8542E+02
  0.2610E+03  0.8405E+02
  0.2620E+03  0.8301E+02
  0.2630E+03  0.8463E+02
  0.2640E+03  0.8292E+02
  0.2650E+03  0.8309E+02
  0.2660E+03  0.8346E+02
  0.2670E+03  0.8392E+02
  0.2680E+03  0.8372E+02
  0.2690E+03  0.8246E+02
  0.2700E+03  0.8390E+02
  0.2710E+03  0.8224E+02
  0.2720E+03  0.8221E+02
  0.2730E+03  0.8201E+02
  0.2740E+03  0.8221E+02
  0.2750E+03  0.8149E+02
  0.2760E+03  0.8237E+02
  0.2770E+03  0.8232E+02
  0.2780E+03  0.8206E+02
  0.2790E+03  0.8299E+02
  0.2800E+03  0.8125E+02
  0.2810E+03  0.8073E+02
  0.2820E+03  0.8044E+02
  0.2830E+03  0.8076E+02
  0.2840E+03  0.8036E+02
  0.2850E+03  0.7945E+02
  0.2860E+03  0.7787E+02
  0.2870E+03  0.7950E+02
  0.2880E+03  0.7913E+02
  0.2890E+03  0.7903E+02
  0.2900E+03  0.7830E+02
  0.2910E+03  0.7847E+02
  0.2920E+03  0.7646E+02
  0.2930E+03  0.7811E+02
  0.2940E+03  0.7665E+02
  0.2950E+03  0.7698E+02
  0.2960E+03  0.7663E+02
  0.2970E+03  0.7660E+02
  0.2980E+03  0.7649E+02
  0.2990E+03  0.7740E+02
  0.3000E+03  0.7603E+02
  0.3010E+03  0.7580E+02
  0.3020E+03  0.7584E+02
  0.3030E+03  0.7618E+02
  0.3040E+03  0.7616E+02
  0.3050E+03  0.7686E+02
  0.3060E+03  0.7586E+02
  0.3070E+03  0.7647E+02
  0.3080E+03  0.7627E+02
  0.3090E+03  0.7688E+02
  0.3100E+03  0.7671E+02
  0.3110E+03  0.7607E+02
  0.3120E+03  0.7737E+02
  0.3130E+03  0.7758E+02
  0.3140E+03  0.7803E+02
  0.3150E+03  0.7759E+02
  0.3160E+03  0.7903E+02
  0.3170E+03  0.7791E+02
  0.3180E+03  0.7857E+02
  0.3190E+03  0.7860E+02
  0.3200E+03  0.7929E+02
  0.3210E+03  0.7965E+02
  0.3220E+03  0.7951E+02
  0.3230E+03  0.8100E+02
  0.3240E+03  0.8077E+02
  0.3250E+03  0.8187E+02
  0.3260E+03  0.8179E+02
  0.3270E+03  0.8285E+02
  0.3280E+03  0.8241E+02
  0.3290E+03  0.8301E+02
  0.3300E+03  0.8267E+02
  0.3310E+03  0.8379E+02
  0.3320E+03  0.8478E+02
  0.3330E+03  0.8430E+02
  0.3340E+03  0.8473E+02
  0.3350E+03  0.8512E+02
  0.3360E+03  0.8489E+02
  0.3370E+03  0.8458E+02
  0.3380E+03  0.8597E+02
  0.3390E+03  0.8731E+02
  0.3400E+03  0.8476E+02
  0.3410E+03  0.8658E+02
  0.3420E+03  0.8508E+02
  0.3430E+03  0.8507E+02
  0.3440E+03  0.8458E+02
  0.3450E+03  0.8437E+02
  0.3460E+03  0.8382E+02
  0.3470E+03  0.8182E+02
  0.3480E+03  0.8298E+02
  0.3490E+03  0.8249E+02
  0.3500E+03  0.8172E+02
  0.3510E+03  0.7978E+02
  0.3520E+03  0.7920E+02
  0.3530E+03  0.7867E+02
  0.3540E+03  0.7714E+02
  0.3550E+03  0.7563E+02
  0.3560E+03  0.7487E+02
  0.3570E+03  0.7349E+02
  0.3580E+03  0.7281E+02
  0.3590E+03  0.6977E+02
  0.3600E+03  0.6977E+02
  0.3610E+03  0.6918E+02
  0.3620E+03  0.6727E+02
  0.3630E+03  0.6633E+02
  0.3640E+03  0.6521E+02
  0.3650E+03  0.6257E+02
  0.3660E+03  0.6304E+02
  0.3670E+03  0.6142E+02
  0.3680E+03  0.6080E+02
  0.3690E+03  0.5883E+02
  0.3700E+03  0.5752E+02
  0.3710E+03  0.5790E+02
  0.3720E+03  0.5785E+02
  0.3730E+03  0.5605E+02
  0.3740E+03  0.5568E+02
  0.3750E+03  0.5494E+02
  0.3760E+03  0.5497E+02
  0.3770E+03  0.5366E+02
  0.3780E+03  0.5413E+02
  0.3790E+03  0.5350E+02
  0.3800E+03  0.5275E+02
  0.3810E+03  0.5205E+02
  0.3820E+03  0.5211E+02
  0.3830E+03  0.5096E+02
  0.3840E+03  0.5080E+02
  0.3850E+03  0.5098E+02
  0.3860E+03  0.5074E+02
  0.3870E+03  0.5072E+02
  0.3880E+03  0.5053E+02
  0.3890E+03  0.5014E+02
  0.3900E+03  0.5057E+02
  0.3910E+03  0.5023E+02
  0.3920E+03  0.4922E+02
  0.3930E+03  0.4906E+02
  0.3940E+03  0.4999E+02
  0.3950E+03  0.5009E+02
  0.3960E+03  0.4943E+02
  0.3970E+03  0.4993E+02
  0.3980E+03  0.5126E+02
  0.3990E+03  0.5015E+02
  0.4000E+03  0.5026E+02
  0.4010E+03  0.4929E+02
  0.4020E+03  0.5002E+02
  0.4030E+03  0.5127E+02
  0.4040E+03  0.5104E+02
  0.4050E+03  0.5113E+02
  0.4060E+03  0.5200E+02
  0.4070E+03  0.5272E+02
  0.4080E+03  0.5150E+02
  0.4090E+03  0.5362E+02
  0.4100E+03  0.5280E+02
  0.4110E+03  0.5421E+02
  0.4120E+03  0.5431E+02
  0.4130E+03  0.5650E+02
  0.4140E+03  0.5580E+02
  0.4150E+03  0.5653E+02
  0.4160E+03  0.5667E+02
  0.4170E+03  0.5873E+02
  0.4180E+03  0.6116E+02
  0.4190E+03  0.5982E+02
  0.4200E+03  0.6141E+02
  0.4210E+03  0.6297E+02
  0.4220E+03  0.6346E+02
  0.4230E+03  0.6392E+02
  0.4240E+03  0.6587E+02
  0.4250E+03  0.6618E+02
  0.4260E+03  0.6833E+02
  0.4270E+03  0.6913E+02
  0.4280E+03  0.7136E+02
  0.4290E+03  0.7106E+02
  0.4300E+03  0.7140E+02
  0.4310E+03  0.7262E+02
  0.4320E+03  0.7472E+02
  0.4330E+03  0.7430E+02
  0.4340E+03  0.7542E+02
  0.4350E+03  0.7494E+02
  0.4360E+03  0.7493E+02
  0.4370E+03  0.7664E+02
  0.4380E+03  0.7696E+02
  0.4390E+03  0.7498E+02
  0.4400E+03  0.7564E+02
  0.4410E+03  0.7516E+02
  0.4420E+03  0.7530E+02
  0.4430E+03  0.7462E+02
  0.4440E+03  0.7372E+02
  0.4450E+03  0.7331E+02
  0.4460E+03  0.7087E+02
  0.4470E+03  0.7121E+02
  0.4480E+03  0.7089E+02
  0.4490E+03  0.6851E+02
  0.4500E+03  0.6891E+02
  0.4510E+03  0.6669E+02
  0.4520E+03  0.6393E+02
  0.4530E+03  0.6196E+02
  0.4540E+03  0.6322E+02
  0.4550E+03  0.6105E+02
  0.4560E+03  0.5942E+02
  0.4570E+03  0.5885E+02
  0.4580E+03  0.5706E+02
  0.4590E+03  0.5603E+02
  0.4600E+03  0.5470E+02
  0.4610E+03  0.5210E+02
  0.4620E+03  0.5205E+02
  0.4630E+03  0.5040E+02
  0.4640E+03  0.4960E+02
  0.4650E+03  0.4817E+02
  0.4660E+03  0.4831E+02
  0.4670E+03  0.4658E+02
  0.4680E+03  0.4685E+02
  0.4690E+03  0.4551E+02
  0.4700E+03  0.4641E+02
  0.4710E+03  0.4644E+02
  0.4720E+03  0.4493E+02
  0.4730E+03  0.4528E+02
  0.4740E+03  0.4605E+02
  0.4750E+03  0.4595E+02
  0.4760E+03  0.4607E+02
  0.4770E+03  0.4682E+02
  0.4780E+03  0.4679E+02
  0.4790E+03  0.4731E+02
  0.4800E+03  0.4816E+02
  0.4810E+03  0.4860E+02
  0.4820E+03  0.5048E+02
  0.4830E+03  0.5180E+02
  0.4840E+03  0.5224E+02
  0.4850E+03  0.5348E+02
  0.4860E+03  0.5469E+02
  0.4870E+03  0.5804E+02
  0.4880E+03  0.5847E+02
  0.4890E+03  0.5960E+02
  0.4900E+03  0.6165E+02
  0.4910E+03  0.6457E+02
  0.4920E+03  0.6557E+02
  0.4930E+03  0.6812E+02
  0.4940E+03  0.7124E+02
  0.4950E+03  0.7232E+02
  0.4960E+03  0.7596E+02
  0.4970E+03  0.7836E+02
  0.4980E+03  0.8155E+02
  0.4990E+03  0.8451E+02
  0.5000E+03  0.8658E+02
  0.5010E+03  0.8891E+02
  0.5020E+03  0.9310E+02
  0.5030E+03  0.9553E+02
  0.5040E+03  0.9917E+02
  0.5050E+03  0.1013E+03
  0.5060E+03  0.1056E+03
  0.5070E+03  0.1082E+03
  0.5080E+03  0.1130E+03
  0.5090E+03  0.1151E+03
  0.5100E+03  0.1174E+03
  0.5110E+03  0.0000E+00
  0.5120E+03  0.0000E+00
