  0.1000E+01  0.9088E+01
  0.2000E+01  0.1025E+02
  0.3000E+01  0.1109E+02
  0.4000E+01  0.1149E+02
  0.5000E+01  0.1134E+02
  0.6000E+01  0.1144E+02
  0.7000E+01  0.1158E+02
  0.8000E+01  0.1143E+02
  0.9000E+01  0.1206E+02
  0.1000E+02  0.1172E+02
  0.1100E+02  0.1169E+02
  0.1200E+02  0.1132E+02
  0.1300E+02  0.1189E+02
  0.1400E+02  0.1200E+02
  0.1500E+02  0.1181E+02
  0.1600E+02  0.1207E+02
  0.1700E+02  0.1179E+02
  0.1800E+02  0.1213E+02
  0.1900E+02  0.1185E+02
  0.2000E+02  0.1162E+02
  0.2100E+02  0.1187E+02
  0.2200E+02  0.1219E+02
  0.2300E+02  0.1144E+02
  0.2400E+02  0.1151E+02
  0.2500E+02  0.1191E+02
  0.2600E+02  0.1269E+02
  0.2700E+02  0.1224E+02
  0.2800E+02  0.1190E+02
  0.2900E+02  0.1218E+02
  0.3000E+02  0.1200E+02
  0.3100E+02  0.1157E+02
  0.3200E+02  0.1175E+02
  0.3300E+02  0.1171E+02
  0.3400E+02  0.1155E+02
  0.3500E+02  0.1135E+02
  0.3600E+02  0.1075E+02
  0.3700E+02  0.1098E+02
  0.3800E+02  0.1128E+02
  0.3900E+02  0.1105E+02
  0.4000E+02  0.1085E+02
  0.4100E+02  0.1110E+02
  0.4200E+02  0.1109E+02
  0.4300E+02  0.1083E+02
  0.4400E+02  0.1109E+02
  0.4500E+02  0.1110E+02
  0.4600E+02  0.1125E+02
  0.4700E+02  0.1062E+02
  0.4800E+02  0.1082E+02
  0.4900E+02  0.1078E+02
  0.5000E+02  0.1096E+02
  0.5100E+02  0.1101E+02
  0.5200E+02  0.1144E+02
  0.5300E+02  0.1085E+02
  0.5400E+02  0.1068E+02
  0.5500E+02  0.1079E+02
  0.5600E+02  0.1057E+02
  0.5700E+02  0.1097E+02
  0.5800E+02  0.1098E+02
  0.5900E+02  0.1064E+02
  0.6000E+02  0.1063E+02
  0.6100E+02  0.1052E+02
  0.6200E+02  0.1070E+02
  0.6300E+02  0.1011E+02
  0.6400E+02  0.1023E+02
  0.6500E+02  0.1017E+02
  0.6600E+02  0.9860E+01
  0.6700E+02  0.9685E+01
  0.6800E+02  0.9949E+01
  0.6900E+02  0.9882E+01
  0.7000E+02  0.9967E+01
  0.7100E+02  0.1037E+02
  0.7200E+02  0.9906E+01
  0.7300E+02  0.9838E+01
  0.7400E+02  0.9627E+01
  0.7500E+02  0.9547E+01
  0.7600E+02  0.1005E+02
  0.7700E+02  0.9416E+01
  0.7800E+02  0.9485E+01
  0.7900E+02  0.9777E+01
  0.8000E+02  0.9487E+01
  0.8100E+02  0.9723E+01
  0.8200E+02  0.9782E+01
  0.8300E+02  0.9774E+01
  0.8400E+02  0.9055E+01
  0.8500E+02  0.9090E+01
  0.8600E+02  0.9306E+01
  0.8700E+02  0.9388E+01
  0.8800E+02  0.9285E+01
  0.8900E+02  0.9294E+01
  0.9000E+02  0.9177E+01
  0.9100E+02  0.8843E+01
  0.9200E+02  0.9072E+01
  0.9300E+02  0.8806E+01
  0.9400E+02  0.9397E+01
  0.9500E+02  0.9202E+01
  0.9600E+02  0.8838E+01
  0.9700E+02  0.8975E+01
  0.9800E+02  0.9010E+01
  0.9900E+02  0.9203E+01
  0.1000E+03  0.8539E+01
  0.1010E+03  0.8939E+01
  0.1020E+03  0.8788E+01
  0.1030E+03  0.8628E+01
  0.1040E+03  0.8823E+01
  0.1050E+03  0.8678E+01
  0.1060E+03  0.8919E+01
  0.1070E+03  0.9093E+01
  0.1080E+03  0.9152E+01
  0.1090E+03  0.8830E+01
  0.1100E+03  0.9119E+01
  0.1110E+03  0.9040E+01
  0.1120E+03  0.9174E+01
  0.1130E+03  0.9055E+01
  0.1140E+03  0.8478E+01
  0.1150E+03  0.8999E+01
  0.1160E+03  0.8973E+01
  0.1170E+03  0.8591E+01
  0.1180E+03  0.9117E+01
  0.1190E+03  0.8834E+01
  0.1200E+03  0.9039E+01
  0.1210E+03  0.9227E+01
  0.1220E+03  0.9052E+01
  0.1230E+03  0.8983E+01
  0.1240E+03  0.8847E+01
  0.1250E+03  0.9419E+01
  0.1260E+03  0.9131E+01
  0.1270E+03  0.9251E+01
  0.1280E+03  0.9519E+01
  0.1290E+03  0.9584E+01
  0.1300E+03  0.9715E+01
  0.1310E+03  0.9085E+01
  0.1320E+03  0.9637E+01
  0.1330E+03  0.9366E+01
  0.1340E+03  0.9148E+01
  0.1350E+03  0.9127E+01
  0.1360E+03  0.9473E+01
  0.1370E+03  0.9641E+01
  0.1380E+03  0.9336E+01
  0.1390E+03  0.9741E+01
  0.1400E+03  0.9168E+01
  0.1410E+03  0.9895E+01
  0.1420E+03  0.1074E+02
  0.1430E+03  0.1099E+02
  0.1440E+03  0.1185E+02
  0.1450E+03  0.1253E+02
  0.1460E+03  0.1378E+02
  0.1470E+03  0.1536E+02
  0.1480E+03  0.1685E+02
  0.1490E+03  0.1903E+02
  0.1500E+03  0.2111E+02
  0.1510E+03  0.2381E+02
  0.1520E+03  0.2606E+02
  0.1530E+03  0.2895E+02
  0.1540E+03  0.3070E+02
  0.1550E+03  0.3282E+02
  0.1560E+03  0.3503E+02
  0.1570E+03  0.3644E+02
  0.1580E+03  0.3710E+02
  0.1590E+03  0.3785E+02
  0.1600E+03  0.3754E+02
  0.1610E+03  0.3667E+02
  0.1620E+03  0.3493E+02
  0.1630E+03  0.3298E+02
  0.1640E+03  0.3075E+02
  0.1650E+03  0.2822E+02
  0.1660E+03  0.2546E+02
  0.1670E+03  0.2340E+02
  0.1680E+03  0.2102E+02
  0.1690E+03  0.1851E+02
  0.1700E+03  0.1668E+02
  0.1710E+03  0.1542E+02
  0.1720E+03  0.1403E+02
  0.1730E+03  0.1257E+02
  0.1740E+03  0.1191E+02
  0.1750E+03  0.1106E+02
  0.1760E+03  0.1094E+02
  0.1770E+03  0.1035E+02
  0.1780E+03  0.1042E+02
  0.1790E+03  0.9931E+01
  0.1800E+03  0.9896E+01
  0.1810E+03  0.1004E+02
  0.1820E+03  0.9981E+01
  0.1830E+03  0.9902E+01
  0.1840E+03  0.1005E+02
  0.1850E+03  0.1020E+02
  0.1860E+03  0.9940E+01
  0.1870E+03  0.1050E+02
  0.1880E+03  0.1007E+02
  0.1890E+03  0.1010E+02
  0.1900E+03  0.1001E+02
  0.1910E+03  0.1029E+02
  0.1920E+03  0.1031E+02
  0.1930E+03  0.1031E+02
  0.1940E+03  0.1029E+02
  0.1950E+03  0.1038E+02
  0.1960E+03  0.1031E+02
  0.1970E+03  0.1107E+02
  0.1980E+03  0.1082E+02
  0.1990E+03  0.1074E+02
  0.2000E+03  0.1054E+02
  0.2010E+03  0.1076E+02
  0.2020E+03  0.1038E+02
  0.2030E+03  0.1053E+02
  0.2040E+03  0.1088E+02
  0.2050E+03  0.1088E+02
  0.2060E+03  0.1046E+02
  0.2070E+03  0.1101E+02
  0.2080E+03  0.1174E+02
  0.2090E+03  0.1099E+02
  0.2100E+03  0.1079E+02
  0.2110E+03  0.1081E+02
  0.2120E+03  0.1130E+02
  0.2130E+03  0.1115E+02
  0.2140E+03  0.1103E+02
  0.2150E+03  0.1133E+02
  0.2160E+03  0.1141E+02
  0.2170E+03  0.1144E+02
  0.2180E+03  0.1115E+02
  0.2190E+03  0.1180E+02
  0.2200E+03  0.1196E+02
  0.2210E+03  0.1143E+02
  0.2220E+03  0.1202E+02
  0.2230E+03  0.1155E+02
  0.2240E+03  0.1239E+02
  0.2250E+03  0.1198E+02
  0.2260E+03  0.1216E+02
  0.2270E+03  0.1227E+02
  0.2280E+03  0.1216E+02
  0.2290E+03  0.1255E+02
  0.2300E+03  0.1275E+02
  0.2310E+03  0.1319E+02
  0.2320E+03  0.1266E+02
  0.2330E+03  0.1342E+02
  0.2340E+03  0.1392E+02
  0.2350E+03  0.1330E+02
  0.2360E+03  0.1412E+02
  0.2370E+03  0.1388E+02
  0.2380E+03  0.1391E+02
  0.2390E+03  0.1431E+02
  0.2400E+03  0.1471E+02
  0.2410E+03  0.1494E+02
  0.2420E+03  0.1477E+02
  0.2430E+03  0.1511E+02
  0.2440E+03  0.1487E+02
  0.2450E+03  0.1576E+02
  0.2460E+03  0.1498E+02
  0.2470E+03  0.1576E+02
  0.2480E+03  0.1538E+02
  0.2490E+03  0.1576E+02
  0.2500E+03  0.1557E+02
  0.2510E+03  0.1583E+02
  0.2520E+03  0.1589E+02
  0.2530E+03  0.1631E+02
  0.2540E+03  0.1645E+02
  0.2550E+03  0.1636E+02
  0.2560E+03  0.1696E+02
  0.2570E+03  0.1668E+02
  0.2580E+03  0.1702E+02
  0.2590E+03  0.1681E+02
  0.2600E+03  0.1732E+02
  0.2610E+03  0.1754E+02
  0.2620E+03  0.1694E+02
  0.2630E+03  0.1796E+02
  0.2640E+03  0.1689E+02
  0.2650E+03  0.1768E+02
  0.2660E+03  0.1799E+02
  0.2670E+03  0.1804E+02
  0.2680E+03  0.1851E+02
  0.2690E+03  0.1874E+02
  0.2700E+03  0.1868E+02
  0.2710E+03  0.1886E+02
  0.2720E+03  0.1881E+02
  0.2730E+03  0.1872E+02
  0.2740E+03  0.1882E+02
  0.2750E+03  0.1935E+02
  0.2760E+03  0.1920E+02
  0.2770E+03  0.1877E+02
  0.2780E+03  0.1949E+02
  0.2790E+03  0.1984E+02
  0.2800E+03  0.1925E+02
  0.2810E+03  0.1938E+02
  0.2820E+03  0.1917E+02
  0.2830E+03  0.1955E+02
  0.2840E+03  0.1926E+02
  0.2850E+03  0.1916E+02
  0.2860E+03  0.1901E+02
  0.2870E+03  0.1950E+02
  0.2880E+03  0.1849E+02
  0.2890E+03  0.1888E+02
  0.2900E+03  0.1867E+02
  0.2910E+03  0.1896E+02
  0.2920E+03  0.1819E+02
  0.2930E+03  0.1902E+02
  0.2940E+03  0.1828E+02
  0.2950E+03  0.1857E+02
  0.2960E+03  0.1841E+02
  0.2970E+03  0.1905E+02
  0.2980E+03  0.1874E+02
  0.2990E+03  0.1883E+02
  0.3000E+03  0.1884E+02
  0.3010E+03  0.1897E+02
  0.3020E+03  0.1936E+02
  0.3030E+03  0.1862E+02
  0.3040E+03  0.1918E+02
  0.3050E+03  0.1952E+02
  0.3060E+03  0.1928E+02
  0.3070E+03  0.2060E+02
  0.3080E+03  0.2032E+02
  0.3090E+03  0.2053E+02
  0.3100E+03  0.2080E+02
  0.3110E+03  0.2074E+02
  0.3120E+03  0.2154E+02
  0.3130E+03  0.2189E+02
  0.3140E+03  0.2218E+02
  0.3150E+03  0.2210E+02
  0.3160E+03  0.2312E+02
  0.3170E+03  0.2303E+02
  0.3180E+03  0.2340E+02
  0.3190E+03  0.2384E+02
  0.3200E+03  0.2401E+02
  0.3210E+03  0.2497E+02
  0.3220E+03  0.2477E+02
  0.3230E+03  0.2625E+02
  0.3240E+03  0.2591E+02
  0.3250E+03  0.2680E+02
  0.3260E+03  0.2645E+02
  0.3270E+03  0.2782E+02
  0.3280E+03  0.2874E+02
  0.3290E+03  0.2831E+02
  0.3300E+03  0.2864E+02
  0.3310E+03  0.2941E+02
  0.3320E+03  0.3032E+02
  0.3330E+03  0.3024E+02
  0.3340E+03  0.3120E+02
  0.3350E+03  0.3132E+02
  0.3360E+03  0.3187E+02
  0.3370E+03  0.3201E+02
  0.3380E+03  0.3219E+02
  0.3390E+03  0.3340E+02
  0.3400E+03  0.3211E+02
  0.3410E+03  0.3341E+02
  0.3420E+03  0.3279E+02
  0.3430E+03  0.3284E+02
  0.3440E+03  0.3260E+02
  0.3450E+03  0.3235E+02
  0.3460E+03  0.3205E+02
  0.3470E+03  0.3126E+02
  0.3480E+03  0.3170E+02
  0.3490E+03  0.3086E+02
  0.3500E+03  0.3058E+02
  0.3510E+03  0.2985E+02
  0.3520E+03  0.2895E+02
  0.3530E+03  0.2885E+02
  0.3540E+03  0.2742E+02
  0.3550E+03  0.2708E+02
  0.3560E+03  0.2580E+02
  0.3570E+03  0.2457E+02
  0.3580E+03  0.2388E+02
  0.3590E+03  0.2223E+02
  0.3600E+03  0.2189E+02
  0.3610E+03  0.2101E+02
  0.3620E+03  0.1915E+02
  0.3630E+03  0.1887E+02
  0.3640E+03  0.1741E+02
  0.3650E+03  0.1622E+02
  0.3660E+03  0.1613E+02
  0.3670E+03  0.1516E+02
  0.3680E+03  0.1398E+02
  0.3690E+03  0.1284E+02
  0.3700E+03  0.1233E+02
  0.3710E+03  0.1199E+02
  0.3720E+03  0.1147E+02
  0.3730E+03  0.1045E+02
  0.3740E+03  0.1012E+02
  0.3750E+03  0.9418E+01
  0.3760E+03  0.9199E+01
  0.3770E+03  0.8760E+01
  0.3780E+03  0.8284E+01
  0.3790E+03  0.7891E+01
  0.3800E+03  0.7439E+01
  0.3810E+03  0.7115E+01
  0.3820E+03  0.7006E+01
  0.3830E+03  0.6412E+01
  0.3840E+03  0.6558E+01
  0.3850E+03  0.6124E+01
  0.3860E+03  0.6290E+01
  0.3870E+03  0.6212E+01
  0.3880E+03  0.5934E+01
  0.3890E+03  0.5877E+01
  0.3900E+03  0.5671E+01
  0.3910E+03  0.5667E+01
  0.3920E+03  0.5638E+01
  0.3930E+03  0.5261E+01
  0.3940E+03  0.5309E+01
  0.3950E+03  0.5440E+01
  0.3960E+03  0.5788E+01
  0.3970E+03  0.5719E+01
  0.3980E+03  0.5912E+01
  0.3990E+03  0.5795E+01
  0.4000E+03  0.6181E+01
  0.4010E+03  0.6240E+01
  0.4020E+03  0.6048E+01
  0.4030E+03  0.6754E+01
  0.4040E+03  0.7037E+01
  0.4050E+03  0.7385E+01
  0.4060E+03  0.7764E+01
  0.4070E+03  0.8024E+01
  0.4080E+03  0.8166E+01
  0.4090E+03  0.9040E+01
  0.4100E+03  0.9561E+01
  0.4110E+03  0.1029E+02
  0.4120E+03  0.1091E+02
  0.4130E+03  0.1181E+02
  0.4140E+03  0.1245E+02
  0.4150E+03  0.1324E+02
  0.4160E+03  0.1340E+02
  0.4170E+03  0.1468E+02
  0.4180E+03  0.1646E+02
  0.4190E+03  0.1654E+02
  0.4200E+03  0.1796E+02
  0.4210E+03  0.1903E+02
  0.4220E+03  0.1986E+02
  0.4230E+03  0.2096E+02
  0.4240E+03  0.2239E+02
  0.4250E+03  0.2349E+02
  0.4260E+03  0.2428E+02
  0.4270E+03  0.2551E+02
  0.4280E+03  0.2711E+02
  0.4290E+03  0.2743E+02
  0.4300E+03  0.2898E+02
  0.4310E+03  0.2996E+02
  0.4320E+03  0.3086E+02
  0.4330E+03  0.3118E+02
  0.4340E+03  0.3286E+02
  0.4350E+03  0.3298E+02
  0.4360E+03  0.3224E+02
  0.4370E+03  0.3403E+02
  0.4380E+03  0.3404E+02
  0.4390E+03  0.3405E+02
  0.4400E+03  0.3364E+02
  0.4410E+03  0.3379E+02
  0.4420E+03  0.3396E+02
  0.4430E+03  0.3416E+02
  0.4440E+03  0.3331E+02
  0.4450E+03  0.3251E+02
  0.4460E+03  0.3126E+02
  0.4470E+03  0.3170E+02
  0.4480E+03  0.3046E+02
  0.4490E+03  0.2902E+02
  0.4500E+03  0.2920E+02
  0.4510E+03  0.2778E+02
  0.4520E+03  0.2575E+02
  0.4530E+03  0.2472E+02
  0.4540E+03  0.2472E+02
  0.4550E+03  0.2334E+02
  0.4560E+03  0.2216E+02
  0.4570E+03  0.2143E+02
  0.4580E+03  0.1973E+02
  0.4590E+03  0.1878E+02
  0.4600E+03  0.1783E+02
  0.4610E+03  0.1652E+02
  0.4620E+03  0.1617E+02
  0.4630E+03  0.1565E+02
  0.4640E+03  0.1417E+02
  0.4650E+03  0.1382E+02
  0.4660E+03  0.1295E+02
  0.4670E+03  0.1237E+02
  0.4680E+03  0.1199E+02
  0.4690E+03  0.1169E+02
  0.4700E+03  0.1150E+02
  0.4710E+03  0.1199E+02
  0.4720E+03  0.1075E+02
  0.4730E+03  0.1165E+02
  0.4740E+03  0.1175E+02
  0.4750E+03  0.1170E+02
  0.4760E+03  0.1263E+02
  0.4770E+03  0.1277E+02
  0.4780E+03  0.1297E+02
  0.4790E+03  0.1371E+02
  0.4800E+03  0.1500E+02
  0.4810E+03  0.1516E+02
  0.4820E+03  0.1629E+02
  0.4830E+03  0.1797E+02
  0.4840E+03  0.1863E+02
  0.4850E+03  0.2043E+02
  0.4860E+03  0.2125E+02
  0.4870E+03  0.2371E+02
  0.4880E+03  0.2494E+02
  0.4890E+03  0.2601E+02
  0.4900E+03  0.2825E+02
  0.4910E+03  0.3059E+02
  0.4920E+03  0.3231E+02
  0.4930E+03  0.3394E+02
  0.4940E+03  0.3718E+02
  0.4950E+03  0.3916E+02
  0.4960E+03  0.4196E+02
  0.4970E+03  0.4429E+02
  0.4980E+03  0.4717E+02
  0.4990E+03  0.5022E+02
  0.5000E+03  0.5264E+02
  0.5010E+03  0.5561E+02
  0.5020E+03  0.5916E+02
  0.5030E+03  0.6173E+02
  0.5040E+03  0.6608E+02
  0.5050E+03  0.6827E+02
  0.5060E+03  0.7228E+02
  0.5070E+03  0.7561E+02
  0.5080E+03  0.7899E+02
  0.5090E+03  0.8165E+02
  0.5100E+03  0.8485E+02
  0.5110E+03  0.0000E+00
  0.5120E+03  0.0000E+00
