  0.1000E+01  0.6305E+00
  0.2000E+01  0.1311E+01
  0.3000E+01  0.1103E+01
  0.4000E+01  0.5891E+00
  0.5000E+01  0.4937E+00
  0.6000E+01  0.4618E+00
  0.7000E+01  0.4183E+00
  0.8000E+01  0.3954E+00
  0.9000E+01  0.3484E+00
  0.1000E+02  0.3265E+00
  0.1100E+02  0.2803E+00
  0.1200E+02  0.2577E+00
  0.1300E+02  0.2256E+00
  0.1400E+02  0.1949E+00
  0.1500E+02  0.1824E+00
  0.1600E+02  0.1599E+00
  0.1700E+02  0.1397E+00
  0.1800E+02  0.1354E+00
  0.1900E+02  0.1413E+00
  0.2000E+02  0.2758E+00
  0.2100E+02  0.9441E+00
  0.2200E+02  0.3493E+01
  0.2300E+02  0.1064E+02
  0.2400E+02  0.2617E+02
  0.2500E+02  0.5162E+02
  0.2600E+02  0.8060E+02
  0.2700E+02  0.1012E+03
  0.2800E+02  0.1037E+03
  0.2900E+02  0.8905E+02
  0.3000E+02  0.6807E+02
  0.3100E+02  0.4888E+02
  0.3200E+02  0.3444E+02
  0.3300E+02  0.2295E+02
  0.3400E+02  0.1367E+02
  0.3500E+02  0.7078E+01
  0.3600E+02  0.3101E+01
  0.3700E+02  0.1228E+01
  0.3800E+02  0.5190E+00
  0.3900E+02  0.3501E+00
  0.4000E+02  0.3656E+00
  0.4100E+02  0.4586E+00
  0.4200E+02  0.5750E+00
  0.4300E+02  0.6835E+00
  0.4400E+02  0.7832E+00
  0.4500E+02  0.8740E+00
  0.4600E+02  0.9723E+00
  0.4700E+02  0.1099E+01
  0.4800E+02  0.1212E+01
  0.4900E+02  0.1332E+01
  0.5000E+02  0.1438E+01
  0.5100E+02  0.1590E+01
  0.5200E+02  0.1740E+01
  0.5300E+02  0.1819E+01
  0.5400E+02  0.1970E+01
  0.5500E+02  0.2040E+01
  0.5600E+02  0.2059E+01
  0.5700E+02  0.2065E+01
  0.5800E+02  0.2017E+01
  0.5900E+02  0.1835E+01
  0.6000E+02  0.1602E+01
  0.6100E+02  0.1411E+01
  0.6200E+02  0.1084E+01
  0.6300E+02  0.8307E+00
  0.6400E+02  0.6032E+00
  0.6500E+02  0.4117E+00
  0.6600E+02  0.2931E+00
  0.6700E+02  0.1819E+00
  0.6800E+02  0.1385E+00
  0.6900E+02  0.1013E+00
  0.7000E+02  0.8131E-01
  0.7100E+02  0.7684E-01
  0.7200E+02  0.6973E-01
  0.7300E+02  0.7181E-01
  0.7400E+02  0.6775E-01
  0.7500E+02  0.6252E-01
  0.7600E+02  0.6299E-01
  0.7700E+02  0.6036E-01
  0.7800E+02  0.6217E-01
  0.7900E+02  0.6004E-01
  0.8000E+02  0.6496E-01
  0.8100E+02  0.6728E-01
  0.8200E+02  0.6931E-01
  0.8300E+02  0.6659E-01
  0.8400E+02  0.7763E-01
  0.8500E+02  0.8561E-01
  0.8600E+02  0.8354E-01
  0.8700E+02  0.8312E-01
  0.8800E+02  0.9206E-01
  0.8900E+02  0.9871E-01
  0.9000E+02  0.1081E+00
  0.9100E+02  0.1059E+00
  0.9200E+02  0.1147E+00
  0.9300E+02  0.1228E+00
  0.9400E+02  0.1238E+00
  0.9500E+02  0.1234E+00
  0.9600E+02  0.1288E+00
  0.9700E+02  0.1212E+00
  0.9800E+02  0.1196E+00
  0.9900E+02  0.1262E+00
  0.1000E+03  0.1182E+00
  0.1010E+03  0.1219E+00
  0.1020E+03  0.1124E+00
  0.1030E+03  0.1081E+00
  0.1040E+03  0.1120E+00
  0.1050E+03  0.1080E+00
  0.1060E+03  0.1141E+00
  0.1070E+03  0.1022E+00
  0.1080E+03  0.1055E+00
  0.1090E+03  0.1087E+00
  0.1100E+03  0.1246E+00
  0.1110E+03  0.1386E+00
  0.1120E+03  0.1527E+00
  0.1130E+03  0.1734E+00
  0.1140E+03  0.2082E+00
  0.1150E+03  0.2646E+00
  0.1160E+03  0.3378E+00
  0.1170E+03  0.4229E+00
  0.1180E+03  0.5509E+00
  0.1190E+03  0.6909E+00
  0.1200E+03  0.8523E+00
  0.1210E+03  0.1037E+01
  0.1220E+03  0.1237E+01
  0.1230E+03  0.1476E+01
  0.1240E+03  0.1700E+01
  0.1250E+03  0.1901E+01
  0.1260E+03  0.2091E+01
  0.1270E+03  0.2290E+01
  0.1280E+03  0.2429E+01
  0.1290E+03  0.2526E+01
  0.1300E+03  0.2560E+01
  0.1310E+03  0.2614E+01
  0.1320E+03  0.2570E+01
  0.1330E+03  0.2501E+01
  0.1340E+03  0.2471E+01
  0.1350E+03  0.2460E+01
  0.1360E+03  0.2440E+01
  0.1370E+03  0.2534E+01
  0.1380E+03  0.2735E+01
  0.1390E+03  0.3121E+01
  0.1400E+03  0.3817E+01
  0.1410E+03  0.4823E+01
  0.1420E+03  0.6277E+01
  0.1430E+03  0.8220E+01
  0.1440E+03  0.1090E+02
  0.1450E+03  0.1436E+02
  0.1460E+03  0.1874E+02
  0.1470E+03  0.2391E+02
  0.1480E+03  0.3014E+02
  0.1490E+03  0.3732E+02
  0.1500E+03  0.4555E+02
  0.1510E+03  0.5405E+02
  0.1520E+03  0.6327E+02
  0.1530E+03  0.7252E+02
  0.1540E+03  0.8119E+02
  0.1550E+03  0.8915E+02
  0.1560E+03  0.9582E+02
  0.1570E+03  0.1008E+03
  0.1580E+03  0.1042E+03
  0.1590E+03  0.1047E+03
  0.1600E+03  0.1037E+03
  0.1610E+03  0.1005E+03
  0.1620E+03  0.9508E+02
  0.1630E+03  0.8794E+02
  0.1640E+03  0.8003E+02
  0.1650E+03  0.7102E+02
  0.1660E+03  0.6186E+02
  0.1670E+03  0.5263E+02
  0.1680E+03  0.4405E+02
  0.1690E+03  0.3579E+02
  0.1700E+03  0.2868E+02
  0.1710E+03  0.2251E+02
  0.1720E+03  0.1720E+02
  0.1730E+03  0.1288E+02
  0.1740E+03  0.9513E+01
  0.1750E+03  0.6826E+01
  0.1760E+03  0.4813E+01
  0.1770E+03  0.3261E+01
  0.1780E+03  0.2225E+01
  0.1790E+03  0.1500E+01
  0.1800E+03  0.9907E+00
  0.1810E+03  0.6308E+00
  0.1820E+03  0.4115E+00
  0.1830E+03  0.2662E+00
  0.1840E+03  0.1706E+00
  0.1850E+03  0.1185E+00
  0.1860E+03  0.8222E-01
  0.1870E+03  0.6283E-01
  0.1880E+03  0.5284E-01
  0.1890E+03  0.4790E-01
  0.1900E+03  0.4269E-01
  0.1910E+03  0.4482E-01
  0.1920E+03  0.4416E-01
  0.1930E+03  0.3748E-01
  0.1940E+03  0.3954E-01
  0.1950E+03  0.3542E-01
  0.1960E+03  0.3245E-01
  0.1970E+03  0.3564E-01
  0.1980E+03  0.2879E-01
  0.1990E+03  0.2838E-01
  0.2000E+03  0.2428E-01
  0.2010E+03  0.2452E-01
  0.2020E+03  0.2245E-01
  0.2030E+03  0.1946E-01
  0.2040E+03  0.1876E-01
  0.2050E+03  0.1632E-01
  0.2060E+03  0.1833E-01
  0.2070E+03  0.1351E-01
  0.2080E+03  0.1692E-01
  0.2090E+03  0.1204E-01
  0.2100E+03  0.1061E-01
  0.2110E+03  0.1098E-01
  0.2120E+03  0.1123E-01
  0.2130E+03  0.1033E-01
  0.2140E+03  0.1107E-01
  0.2150E+03  0.1021E-01
  0.2160E+03  0.1064E-01
  0.2170E+03  0.9234E-02
  0.2180E+03  0.9225E-02
  0.2190E+03  0.1113E-01
  0.2200E+03  0.8926E-02
  0.2210E+03  0.9274E-02
  0.2220E+03  0.9474E-02
  0.2230E+03  0.1094E-01
  0.2240E+03  0.1102E-01
  0.2250E+03  0.1323E-01
  0.2260E+03  0.1343E-01
  0.2270E+03  0.1283E-01
  0.2280E+03  0.1356E-01
  0.2290E+03  0.1563E-01
  0.2300E+03  0.1493E-01
  0.2310E+03  0.2030E-01
  0.2320E+03  0.2249E-01
  0.2330E+03  0.2509E-01
  0.2340E+03  0.2089E-01
  0.2350E+03  0.2515E-01
  0.2360E+03  0.2911E-01
  0.2370E+03  0.3169E-01
  0.2380E+03  0.3311E-01
  0.2390E+03  0.3502E-01
  0.2400E+03  0.4040E-01
  0.2410E+03  0.3989E-01
  0.2420E+03  0.4366E-01
  0.2430E+03  0.4691E-01
  0.2440E+03  0.4947E-01
  0.2450E+03  0.5135E-01
  0.2460E+03  0.4925E-01
  0.2470E+03  0.5566E-01
  0.2480E+03  0.5827E-01
  0.2490E+03  0.5404E-01
  0.2500E+03  0.4851E-01
  0.2510E+03  0.5173E-01
  0.2520E+03  0.4894E-01
  0.2530E+03  0.5734E-01
  0.2540E+03  0.4399E-01
  0.2550E+03  0.4801E-01
  0.2560E+03  0.4455E-01
  0.2570E+03  0.4254E-01
  0.2580E+03  0.4496E-01
  0.2590E+03  0.4226E-01
  0.2600E+03  0.4102E-01
  0.2610E+03  0.4151E-01
  0.2620E+03  0.3753E-01
  0.2630E+03  0.4148E-01
  0.2640E+03  0.3906E-01
  0.2650E+03  0.3924E-01
  0.2660E+03  0.3999E-01
  0.2670E+03  0.4123E-01
  0.2680E+03  0.4481E-01
  0.2690E+03  0.4331E-01
  0.2700E+03  0.4352E-01
  0.2710E+03  0.4906E-01
  0.2720E+03  0.4969E-01
  0.2730E+03  0.5353E-01
  0.2740E+03  0.5166E-01
  0.2750E+03  0.5547E-01
  0.2760E+03  0.5587E-01
  0.2770E+03  0.5773E-01
  0.2780E+03  0.6042E-01
  0.2790E+03  0.5282E-01
  0.2800E+03  0.5808E-01
  0.2810E+03  0.6142E-01
  0.2820E+03  0.5896E-01
  0.2830E+03  0.6059E-01
  0.2840E+03  0.6081E-01
  0.2850E+03  0.6146E-01
  0.2860E+03  0.5465E-01
  0.2870E+03  0.5009E-01
  0.2880E+03  0.4992E-01
  0.2890E+03  0.5256E-01
  0.2900E+03  0.4887E-01
  0.2910E+03  0.4627E-01
  0.2920E+03  0.4967E-01
  0.2930E+03  0.4525E-01
  0.2940E+03  0.4191E-01
  0.2950E+03  0.3864E-01
  0.2960E+03  0.4048E-01
  0.2970E+03  0.4018E-01
  0.2980E+03  0.3999E-01
  0.2990E+03  0.3611E-01
  0.3000E+03  0.3510E-01
  0.3010E+03  0.3484E-01
  0.3020E+03  0.3493E-01
  0.3030E+03  0.3566E-01
  0.3040E+03  0.3624E-01
  0.3050E+03  0.3493E-01
  0.3060E+03  0.4157E-01
  0.3070E+03  0.3460E-01
  0.3080E+03  0.3849E-01
  0.3090E+03  0.3426E-01
  0.3100E+03  0.3842E-01
  0.3110E+03  0.4043E-01
  0.3120E+03  0.3858E-01
  0.3130E+03  0.4161E-01
  0.3140E+03  0.4746E-01
  0.3150E+03  0.4000E-01
  0.3160E+03  0.4452E-01
  0.3170E+03  0.4244E-01
  0.3180E+03  0.4269E-01
  0.3190E+03  0.4703E-01
  0.3200E+03  0.4435E-01
  0.3210E+03  0.4626E-01
  0.3220E+03  0.5238E-01
  0.3230E+03  0.4974E-01
  0.3240E+03  0.5208E-01
  0.3250E+03  0.5289E-01
  0.3260E+03  0.5228E-01
  0.3270E+03  0.5750E-01
  0.3280E+03  0.6034E-01
  0.3290E+03  0.6003E-01
  0.3300E+03  0.6140E-01
  0.3310E+03  0.6422E-01
  0.3320E+03  0.6890E-01
  0.3330E+03  0.6713E-01
  0.3340E+03  0.7301E-01
  0.3350E+03  0.7392E-01
  0.3360E+03  0.7552E-01
  0.3370E+03  0.7606E-01
  0.3380E+03  0.6291E-01
  0.3390E+03  0.6627E-01
  0.3400E+03  0.7134E-01
  0.3410E+03  0.8279E-01
  0.3420E+03  0.8613E-01
  0.3430E+03  0.7543E-01
  0.3440E+03  0.7831E-01
  0.3450E+03  0.7023E-01
  0.3460E+03  0.7327E-01
  0.3470E+03  0.7299E-01
  0.3480E+03  0.7590E-01
  0.3490E+03  0.7168E-01
  0.3500E+03  0.7287E-01
  0.3510E+03  0.7139E-01
  0.3520E+03  0.6604E-01
  0.3530E+03  0.6485E-01
  0.3540E+03  0.6524E-01
  0.3550E+03  0.5353E-01
  0.3560E+03  0.6028E-01
  0.3570E+03  0.5926E-01
  0.3580E+03  0.5651E-01
  0.3590E+03  0.4932E-01
  0.3600E+03  0.4929E-01
  0.3610E+03  0.4398E-01
  0.3620E+03  0.3950E-01
  0.3630E+03  0.3758E-01
  0.3640E+03  0.4018E-01
  0.3650E+03  0.3222E-01
  0.3660E+03  0.2974E-01
  0.3670E+03  0.3169E-01
  0.3680E+03  0.3142E-01
  0.3690E+03  0.2533E-01
  0.3700E+03  0.2331E-01
  0.3710E+03  0.2000E-01
  0.3720E+03  0.2169E-01
  0.3730E+03  0.2078E-01
  0.3740E+03  0.2649E-01
  0.3750E+03  0.1219E-01
  0.3760E+03  0.1565E-01
  0.3770E+03  0.1994E-01
  0.3780E+03  0.1468E-01
  0.3790E+03  0.1114E-01
  0.3800E+03  0.1225E-01
  0.3810E+03  0.1128E-01
  0.3820E+03  0.1315E-01
  0.3830E+03  0.9779E-02
  0.3840E+03  0.9042E-02
  0.3850E+03  0.9543E-02
  0.3860E+03  0.7041E-02
  0.3870E+03  0.1023E-01
  0.3880E+03  0.7543E-02
  0.3890E+03  0.8989E-02
  0.3900E+03  0.8020E-02
  0.3910E+03  0.8639E-02
  0.3920E+03  0.7923E-02
  0.3930E+03  0.7576E-02
  0.3940E+03  0.7475E-02
  0.3950E+03  0.8190E-02
  0.3960E+03  0.6716E-02
  0.3970E+03  0.7130E-02
  0.3980E+03  0.7162E-02
  0.3990E+03  0.9571E-02
  0.4000E+03  0.7334E-02
  0.4010E+03  0.8035E-02
  0.4020E+03  0.1104E-01
  0.4030E+03  0.1056E-01
  0.4040E+03  0.1193E-01
  0.4050E+03  0.1179E-01
  0.4060E+03  0.1333E-01
  0.4070E+03  0.1396E-01
  0.4080E+03  0.1247E-01
  0.4090E+03  0.1547E-01
  0.4100E+03  0.1639E-01
  0.4110E+03  0.1792E-01
  0.4120E+03  0.1998E-01
  0.4130E+03  0.2111E-01
  0.4140E+03  0.2102E-01
  0.4150E+03  0.2676E-01
  0.4160E+03  0.2480E-01
  0.4170E+03  0.2676E-01
  0.4180E+03  0.3153E-01
  0.4190E+03  0.3131E-01
  0.4200E+03  0.3277E-01
  0.4210E+03  0.2906E-01
  0.4220E+03  0.3865E-01
  0.4230E+03  0.4048E-01
  0.4240E+03  0.4511E-01
  0.4250E+03  0.4230E-01
  0.4260E+03  0.4948E-01
  0.4270E+03  0.4846E-01
  0.4280E+03  0.5603E-01
  0.4290E+03  0.5279E-01
  0.4300E+03  0.6117E-01
  0.4310E+03  0.6488E-01
  0.4320E+03  0.6435E-01
  0.4330E+03  0.5998E-01
  0.4340E+03  0.6952E-01
  0.4350E+03  0.6139E-01
  0.4360E+03  0.6533E-01
  0.4370E+03  0.7706E-01
  0.4380E+03  0.6785E-01
  0.4390E+03  0.6572E-01
  0.4400E+03  0.6688E-01
  0.4410E+03  0.6494E-01
  0.4420E+03  0.6485E-01
  0.4430E+03  0.6907E-01
  0.4440E+03  0.6910E-01
  0.4450E+03  0.5981E-01
  0.4460E+03  0.6612E-01
  0.4470E+03  0.6249E-01
  0.4480E+03  0.5921E-01
  0.4490E+03  0.6448E-01
  0.4500E+03  0.5525E-01
  0.4510E+03  0.5372E-01
  0.4520E+03  0.5119E-01
  0.4530E+03  0.5030E-01
  0.4540E+03  0.4768E-01
  0.4550E+03  0.4672E-01
  0.4560E+03  0.4145E-01
  0.4570E+03  0.4318E-01
  0.4580E+03  0.4125E-01
  0.4590E+03  0.3158E-01
  0.4600E+03  0.3209E-01
  0.4610E+03  0.2918E-01
  0.4620E+03  0.2969E-01
  0.4630E+03  0.2730E-01
  0.4640E+03  0.2691E-01
  0.4650E+03  0.2213E-01
  0.4660E+03  0.2504E-01
  0.4670E+03  0.1990E-01
  0.4680E+03  0.2014E-01
  0.4690E+03  0.1949E-01
  0.4700E+03  0.1811E-01
  0.4710E+03  0.1903E-01
  0.4720E+03  0.1796E-01
  0.4730E+03  0.1816E-01
  0.4740E+03  0.1690E-01
  0.4750E+03  0.1501E-01
  0.4760E+03  0.1779E-01
  0.4770E+03  0.1788E-01
  0.4780E+03  0.1701E-01
  0.4790E+03  0.2436E-01
  0.4800E+03  0.2362E-01
  0.4810E+03  0.2216E-01
  0.4820E+03  0.2505E-01
  0.4830E+03  0.2826E-01
  0.4840E+03  0.2604E-01
  0.4850E+03  0.2551E-01
  0.4860E+03  0.3355E-01
  0.4870E+03  0.3467E-01
  0.4880E+03  0.4117E-01
  0.4890E+03  0.4200E-01
  0.4900E+03  0.4455E-01
  0.4910E+03  0.4566E-01
  0.4920E+03  0.4613E-01
  0.4930E+03  0.4943E-01
  0.4940E+03  0.4994E-01
  0.4950E+03  0.5685E-01
  0.4960E+03  0.5984E-01
  0.4970E+03  0.6503E-01
  0.4980E+03  0.6387E-01
  0.4990E+03  0.7239E-01
  0.5000E+03  0.7100E-01
  0.5010E+03  0.8105E-01
  0.5020E+03  0.7723E-01
  0.5030E+03  0.8809E-01
  0.5040E+03  0.9769E-01
  0.5050E+03  0.9509E-01
  0.5060E+03  0.1113E+00
  0.5070E+03  0.1107E+00
  0.5080E+03  0.1121E+00
  0.5090E+03  0.1224E+00
  0.5100E+03  0.1254E+00
  0.5110E+03  0.0000E+00
  0.5120E+03  0.0000E+00
