  0.1000E+01  0.3355E+00
  0.2000E+01  0.7957E+00
  0.3000E+01  0.4971E+00
  0.4000E+01  0.2290E+00
  0.5000E+01  0.1852E+00
  0.6000E+01  0.1749E+00
  0.7000E+01  0.1682E+00
  0.8000E+01  0.1699E+00
  0.9000E+01  0.1746E+00
  0.1000E+02  0.1965E+00
  0.1100E+02  0.2181E+00
  0.1200E+02  0.2468E+00
  0.1300E+02  0.2786E+00
  0.1400E+02  0.3031E+00
  0.1500E+02  0.3468E+00
  0.1600E+02  0.3873E+00
  0.1700E+02  0.4615E+00
  0.1800E+02  0.6892E+00
  0.1900E+02  0.1379E+01
  0.2000E+02  0.3270E+01
  0.2100E+02  0.7701E+01
  0.2200E+02  0.1609E+02
  0.2300E+02  0.2936E+02
  0.2400E+02  0.4574E+02
  0.2500E+02  0.6141E+02
  0.2600E+02  0.7089E+02
  0.2700E+02  0.7094E+02
  0.2800E+02  0.6221E+02
  0.2900E+02  0.4863E+02
  0.3000E+02  0.3545E+02
  0.3100E+02  0.2448E+02
  0.3200E+02  0.1638E+02
  0.3300E+02  0.1037E+02
  0.3400E+02  0.6274E+01
  0.3500E+02  0.3817E+01
  0.3600E+02  0.2582E+01
  0.3700E+02  0.2133E+01
  0.3800E+02  0.2009E+01
  0.3900E+02  0.2025E+01
  0.4000E+02  0.2044E+01
  0.4100E+02  0.2130E+01
  0.4200E+02  0.2197E+01
  0.4300E+02  0.2259E+01
  0.4400E+02  0.2323E+01
  0.4500E+02  0.2394E+01
  0.4600E+02  0.2453E+01
  0.4700E+02  0.2540E+01
  0.4800E+02  0.2634E+01
  0.4900E+02  0.2788E+01
  0.5000E+02  0.2954E+01
  0.5100E+02  0.3202E+01
  0.5200E+02  0.3423E+01
  0.5300E+02  0.3760E+01
  0.5400E+02  0.4174E+01
  0.5500E+02  0.4649E+01
  0.5600E+02  0.5177E+01
  0.5700E+02  0.5847E+01
  0.5800E+02  0.6594E+01
  0.5900E+02  0.7311E+01
  0.6000E+02  0.8099E+01
  0.6100E+02  0.8960E+01
  0.6200E+02  0.9829E+01
  0.6300E+02  0.1072E+02
  0.6400E+02  0.1166E+02
  0.6500E+02  0.1264E+02
  0.6600E+02  0.1368E+02
  0.6700E+02  0.1476E+02
  0.6800E+02  0.1579E+02
  0.6900E+02  0.1698E+02
  0.7000E+02  0.1814E+02
  0.7100E+02  0.1923E+02
  0.7200E+02  0.2040E+02
  0.7300E+02  0.2146E+02
  0.7400E+02  0.2238E+02
  0.7500E+02  0.2331E+02
  0.7600E+02  0.2401E+02
  0.7700E+02  0.2459E+02
  0.7800E+02  0.2515E+02
  0.7900E+02  0.2556E+02
  0.8000E+02  0.2585E+02
  0.8100E+02  0.2621E+02
  0.8200E+02  0.2643E+02
  0.8300E+02  0.2666E+02
  0.8400E+02  0.2682E+02
  0.8500E+02  0.2705E+02
  0.8600E+02  0.2726E+02
  0.8700E+02  0.2748E+02
  0.8800E+02  0.2789E+02
  0.8900E+02  0.2818E+02
  0.9000E+02  0.2881E+02
  0.9100E+02  0.2939E+02
  0.9200E+02  0.3017E+02
  0.9300E+02  0.3099E+02
  0.9400E+02  0.3211E+02
  0.9500E+02  0.3329E+02
  0.9600E+02  0.3438E+02
  0.9700E+02  0.3567E+02
  0.9800E+02  0.3676E+02
  0.9900E+02  0.3767E+02
  0.1000E+03  0.3851E+02
  0.1010E+03  0.3889E+02
  0.1020E+03  0.3925E+02
  0.1030E+03  0.3933E+02
  0.1040E+03  0.3896E+02
  0.1050E+03  0.3846E+02
  0.1060E+03  0.3793E+02
  0.1070E+03  0.3721E+02
  0.1080E+03  0.3653E+02
  0.1090E+03  0.3577E+02
  0.1100E+03  0.3496E+02
  0.1110E+03  0.3421E+02
  0.1120E+03  0.3350E+02
  0.1130E+03  0.3294E+02
  0.1140E+03  0.3219E+02
  0.1150E+03  0.3176E+02
  0.1160E+03  0.3111E+02
  0.1170E+03  0.3069E+02
  0.1180E+03  0.3029E+02
  0.1190E+03  0.2996E+02
  0.1200E+03  0.2963E+02
  0.1210E+03  0.2926E+02
  0.1220E+03  0.2911E+02
  0.1230E+03  0.2879E+02
  0.1240E+03  0.2859E+02
  0.1250E+03  0.2846E+02
  0.1260E+03  0.2829E+02
  0.1270E+03  0.2825E+02
  0.1280E+03  0.2794E+02
  0.1290E+03  0.2798E+02
  0.1300E+03  0.2789E+02
  0.1310E+03  0.2783E+02
  0.1320E+03  0.2786E+02
  0.1330E+03  0.2772E+02
  0.1340E+03  0.2782E+02
  0.1350E+03  0.2778E+02
  0.1360E+03  0.2777E+02
  0.1370E+03  0.2786E+02
  0.1380E+03  0.2795E+02
  0.1390E+03  0.2792E+02
  0.1400E+03  0.2811E+02
  0.1410E+03  0.2810E+02
  0.1420E+03  0.2807E+02
  0.1430E+03  0.2816E+02
  0.1440E+03  0.2811E+02
  0.1450E+03  0.2812E+02
  0.1460E+03  0.2807E+02
  0.1470E+03  0.2797E+02
  0.1480E+03  0.2764E+02
  0.1490E+03  0.2722E+02
  0.1500E+03  0.2677E+02
  0.1510E+03  0.2594E+02
  0.1520E+03  0.2521E+02
  0.1530E+03  0.2419E+02
  0.1540E+03  0.2319E+02
  0.1550E+03  0.2178E+02
  0.1560E+03  0.2041E+02
  0.1570E+03  0.1880E+02
  0.1580E+03  0.1716E+02
  0.1590E+03  0.1541E+02
  0.1600E+03  0.1368E+02
  0.1610E+03  0.1190E+02
  0.1620E+03  0.1040E+02
  0.1630E+03  0.8753E+01
  0.1640E+03  0.7433E+01
  0.1650E+03  0.6166E+01
  0.1660E+03  0.5003E+01
  0.1670E+03  0.4071E+01
  0.1680E+03  0.3272E+01
  0.1690E+03  0.2506E+01
  0.1700E+03  0.1942E+01
  0.1710E+03  0.1502E+01
  0.1720E+03  0.1184E+01
  0.1730E+03  0.9327E+00
  0.1740E+03  0.7286E+00
  0.1750E+03  0.5729E+00
  0.1760E+03  0.4826E+00
  0.1770E+03  0.4042E+00
  0.1780E+03  0.3524E+00
  0.1790E+03  0.3347E+00
  0.1800E+03  0.3064E+00
  0.1810E+03  0.2798E+00
  0.1820E+03  0.2740E+00
  0.1830E+03  0.2643E+00
  0.1840E+03  0.2599E+00
  0.1850E+03  0.2520E+00
  0.1860E+03  0.2571E+00
  0.1870E+03  0.2509E+00
  0.1880E+03  0.2435E+00
  0.1890E+03  0.2421E+00
  0.1900E+03  0.2451E+00
  0.1910E+03  0.2321E+00
  0.1920E+03  0.2255E+00
  0.1930E+03  0.2232E+00
  0.1940E+03  0.2308E+00
  0.1950E+03  0.2174E+00
  0.1960E+03  0.2172E+00
  0.1970E+03  0.2122E+00
  0.1980E+03  0.2147E+00
  0.1990E+03  0.2015E+00
  0.2000E+03  0.2019E+00
  0.2010E+03  0.2051E+00
  0.2020E+03  0.1934E+00
  0.2030E+03  0.1926E+00
  0.2040E+03  0.1953E+00
  0.2050E+03  0.1859E+00
  0.2060E+03  0.1893E+00
  0.2070E+03  0.1864E+00
  0.2080E+03  0.1888E+00
  0.2090E+03  0.1762E+00
  0.2100E+03  0.1851E+00
  0.2110E+03  0.1778E+00
  0.2120E+03  0.1746E+00
  0.2130E+03  0.1699E+00
  0.2140E+03  0.1720E+00
  0.2150E+03  0.1673E+00
  0.2160E+03  0.1613E+00
  0.2170E+03  0.1667E+00
  0.2180E+03  0.1614E+00
  0.2190E+03  0.1652E+00
  0.2200E+03  0.1588E+00
  0.2210E+03  0.1604E+00
  0.2220E+03  0.1518E+00
  0.2230E+03  0.1501E+00
  0.2240E+03  0.1524E+00
  0.2250E+03  0.1444E+00
  0.2260E+03  0.1424E+00
  0.2270E+03  0.1423E+00
  0.2280E+03  0.1456E+00
  0.2290E+03  0.1397E+00
  0.2300E+03  0.1423E+00
  0.2310E+03  0.1406E+00
  0.2320E+03  0.1337E+00
  0.2330E+03  0.1338E+00
  0.2340E+03  0.1325E+00
  0.2350E+03  0.1316E+00
  0.2360E+03  0.1284E+00
  0.2370E+03  0.1301E+00
  0.2380E+03  0.1271E+00
  0.2390E+03  0.1311E+00
  0.2400E+03  0.1236E+00
  0.2410E+03  0.1253E+00
  0.2420E+03  0.1206E+00
  0.2430E+03  0.1299E+00
  0.2440E+03  0.1265E+00
  0.2450E+03  0.1168E+00
  0.2460E+03  0.1189E+00
  0.2470E+03  0.1188E+00
  0.2480E+03  0.1192E+00
  0.2490E+03  0.1079E+00
  0.2500E+03  0.1113E+00
  0.2510E+03  0.1131E+00
  0.2520E+03  0.1137E+00
  0.2530E+03  0.1133E+00
  0.2540E+03  0.1059E+00
  0.2550E+03  0.1114E+00
  0.2560E+03  0.1040E+00
  0.2570E+03  0.1081E+00
  0.2580E+03  0.1077E+00
  0.2590E+03  0.1016E+00
  0.2600E+03  0.1028E+00
  0.2610E+03  0.9948E-01
  0.2620E+03  0.9808E-01
  0.2630E+03  0.9733E-01
  0.2640E+03  0.9814E-01
  0.2650E+03  0.9512E-01
  0.2660E+03  0.9296E-01
  0.2670E+03  0.9591E-01
  0.2680E+03  0.9388E-01
  0.2690E+03  0.9230E-01
  0.2700E+03  0.8887E-01
  0.2710E+03  0.8570E-01
  0.2720E+03  0.9119E-01
  0.2730E+03  0.8939E-01
  0.2740E+03  0.9049E-01
  0.2750E+03  0.8399E-01
  0.2760E+03  0.8402E-01
  0.2770E+03  0.8476E-01
  0.2780E+03  0.8362E-01
  0.2790E+03  0.8792E-01
  0.2800E+03  0.8532E-01
  0.2810E+03  0.7619E-01
  0.2820E+03  0.8252E-01
  0.2830E+03  0.7815E-01
  0.2840E+03  0.7828E-01
  0.2850E+03  0.8223E-01
  0.2860E+03  0.7530E-01
  0.2870E+03  0.7543E-01
  0.2880E+03  0.7800E-01
  0.2890E+03  0.7837E-01
  0.2900E+03  0.6945E-01
  0.2910E+03  0.7043E-01
  0.2920E+03  0.7295E-01
  0.2930E+03  0.7245E-01
  0.2940E+03  0.7150E-01
  0.2950E+03  0.7111E-01
  0.2960E+03  0.7177E-01
  0.2970E+03  0.7311E-01
  0.2980E+03  0.6917E-01
  0.2990E+03  0.7055E-01
  0.3000E+03  0.6873E-01
  0.3010E+03  0.6327E-01
  0.3020E+03  0.7146E-01
  0.3030E+03  0.7384E-01
  0.3040E+03  0.6232E-01
  0.3050E+03  0.6914E-01
  0.3060E+03  0.6791E-01
  0.3070E+03  0.6221E-01
  0.3080E+03  0.6726E-01
  0.3090E+03  0.5891E-01
  0.3100E+03  0.6459E-01
  0.3110E+03  0.5895E-01
  0.3120E+03  0.6693E-01
  0.3130E+03  0.5954E-01
  0.3140E+03  0.6030E-01
  0.3150E+03  0.6292E-01
  0.3160E+03  0.6053E-01
  0.3170E+03  0.6280E-01
  0.3180E+03  0.6534E-01
  0.3190E+03  0.5901E-01
  0.3200E+03  0.5540E-01
  0.3210E+03  0.6356E-01
  0.3220E+03  0.6090E-01
  0.3230E+03  0.6071E-01
  0.3240E+03  0.5432E-01
  0.3250E+03  0.6683E-01
  0.3260E+03  0.5551E-01
  0.3270E+03  0.5455E-01
  0.3280E+03  0.5576E-01
  0.3290E+03  0.5765E-01
  0.3300E+03  0.5854E-01
  0.3310E+03  0.5435E-01
  0.3320E+03  0.5166E-01
  0.3330E+03  0.5018E-01
  0.3340E+03  0.5182E-01
  0.3350E+03  0.5260E-01
  0.3360E+03  0.5266E-01
  0.3370E+03  0.5581E-01
  0.3380E+03  0.5295E-01
  0.3390E+03  0.5047E-01
  0.3400E+03  0.5344E-01
  0.3410E+03  0.5105E-01
  0.3420E+03  0.4910E-01
  0.3430E+03  0.4958E-01
  0.3440E+03  0.4961E-01
  0.3450E+03  0.4422E-01
  0.3460E+03  0.4323E-01
  0.3470E+03  0.4810E-01
  0.3480E+03  0.4826E-01
  0.3490E+03  0.4682E-01
  0.3500E+03  0.4803E-01
  0.3510E+03  0.4791E-01
  0.3520E+03  0.4453E-01
  0.3530E+03  0.4515E-01
  0.3540E+03  0.4736E-01
  0.3550E+03  0.4220E-01
  0.3560E+03  0.4097E-01
  0.3570E+03  0.4646E-01
  0.3580E+03  0.4698E-01
  0.3590E+03  0.4503E-01
  0.3600E+03  0.4285E-01
  0.3610E+03  0.4420E-01
  0.3620E+03  0.4242E-01
  0.3630E+03  0.4263E-01
  0.3640E+03  0.4109E-01
  0.3650E+03  0.3633E-01
  0.3660E+03  0.4156E-01
  0.3670E+03  0.4171E-01
  0.3680E+03  0.4431E-01
  0.3690E+03  0.3814E-01
  0.3700E+03  0.4454E-01
  0.3710E+03  0.4075E-01
  0.3720E+03  0.3740E-01
  0.3730E+03  0.3823E-01
  0.3740E+03  0.3993E-01
  0.3750E+03  0.3980E-01
  0.3760E+03  0.4045E-01
  0.3770E+03  0.3980E-01
  0.3780E+03  0.3884E-01
  0.3790E+03  0.3886E-01
  0.3800E+03  0.4013E-01
  0.3810E+03  0.3960E-01
  0.3820E+03  0.3946E-01
  0.3830E+03  0.3406E-01
  0.3840E+03  0.3684E-01
  0.3850E+03  0.3614E-01
  0.3860E+03  0.3544E-01
  0.3870E+03  0.3663E-01
  0.3880E+03  0.3428E-01
  0.3890E+03  0.3911E-01
  0.3900E+03  0.3408E-01
  0.3910E+03  0.3393E-01
  0.3920E+03  0.3552E-01
  0.3930E+03  0.3421E-01
  0.3940E+03  0.3455E-01
  0.3950E+03  0.4061E-01
  0.3960E+03  0.4153E-01
  0.3970E+03  0.4089E-01
  0.3980E+03  0.3815E-01
  0.3990E+03  0.3829E-01
  0.4000E+03  0.3524E-01
  0.4010E+03  0.3540E-01
  0.4020E+03  0.3502E-01
  0.4030E+03  0.3565E-01
  0.4040E+03  0.3330E-01
  0.4050E+03  0.3721E-01
  0.4060E+03  0.3561E-01
  0.4070E+03  0.3783E-01
  0.4080E+03  0.3107E-01
  0.4090E+03  0.3273E-01
  0.4100E+03  0.3471E-01
  0.4110E+03  0.2638E-01
  0.4120E+03  0.3349E-01
  0.4130E+03  0.3214E-01
  0.4140E+03  0.3770E-01
  0.4150E+03  0.3270E-01
  0.4160E+03  0.3340E-01
  0.4170E+03  0.3549E-01
  0.4180E+03  0.3016E-01
  0.4190E+03  0.3102E-01
  0.4200E+03  0.3430E-01
  0.4210E+03  0.3019E-01
  0.4220E+03  0.3832E-01
  0.4230E+03  0.3261E-01
  0.4240E+03  0.3077E-01
  0.4250E+03  0.3018E-01
  0.4260E+03  0.2924E-01
  0.4270E+03  0.3161E-01
  0.4280E+03  0.2991E-01
  0.4290E+03  0.3070E-01
  0.4300E+03  0.3102E-01
  0.4310E+03  0.2612E-01
  0.4320E+03  0.3458E-01
  0.4330E+03  0.3071E-01
  0.4340E+03  0.2858E-01
  0.4350E+03  0.3190E-01
  0.4360E+03  0.2653E-01
  0.4370E+03  0.3070E-01
  0.4380E+03  0.3176E-01
  0.4390E+03  0.3314E-01
  0.4400E+03  0.2469E-01
  0.4410E+03  0.2710E-01
  0.4420E+03  0.2654E-01
  0.4430E+03  0.2495E-01
  0.4440E+03  0.2590E-01
  0.4450E+03  0.2542E-01
  0.4460E+03  0.2581E-01
  0.4470E+03  0.2935E-01
  0.4480E+03  0.2653E-01
  0.4490E+03  0.2736E-01
  0.4500E+03  0.2485E-01
  0.4510E+03  0.2613E-01
  0.4520E+03  0.2386E-01
  0.4530E+03  0.2540E-01
  0.4540E+03  0.2411E-01
  0.4550E+03  0.2360E-01
  0.4560E+03  0.2332E-01
  0.4570E+03  0.2452E-01
  0.4580E+03  0.3101E-01
  0.4590E+03  0.2491E-01
  0.4600E+03  0.2334E-01
  0.4610E+03  0.2709E-01
  0.4620E+03  0.2526E-01
  0.4630E+03  0.2328E-01
  0.4640E+03  0.2907E-01
  0.4650E+03  0.1963E-01
  0.4660E+03  0.2133E-01
  0.4670E+03  0.2329E-01
  0.4680E+03  0.2357E-01
  0.4690E+03  0.2174E-01
  0.4700E+03  0.2500E-01
  0.4710E+03  0.2172E-01
  0.4720E+03  0.2175E-01
  0.4730E+03  0.1978E-01
  0.4740E+03  0.2292E-01
  0.4750E+03  0.2046E-01
  0.4760E+03  0.2415E-01
  0.4770E+03  0.1862E-01
  0.4780E+03  0.2174E-01
  0.4790E+03  0.2399E-01
  0.4800E+03  0.1980E-01
  0.4810E+03  0.2373E-01
  0.4820E+03  0.2096E-01
  0.4830E+03  0.2118E-01
  0.4840E+03  0.2082E-01
  0.4850E+03  0.2283E-01
  0.4860E+03  0.1882E-01
  0.4870E+03  0.2163E-01
  0.4880E+03  0.2076E-01
  0.4890E+03  0.1889E-01
  0.4900E+03  0.1733E-01
  0.4910E+03  0.1717E-01
  0.4920E+03  0.2216E-01
  0.4930E+03  0.2116E-01
  0.4940E+03  0.2362E-01
  0.4950E+03  0.1652E-01
  0.4960E+03  0.1643E-01
  0.4970E+03  0.1801E-01
  0.4980E+03  0.1907E-01
  0.4990E+03  0.2125E-01
  0.5000E+03  0.1708E-01
  0.5010E+03  0.1940E-01
  0.5020E+03  0.1705E-01
  0.5030E+03  0.1656E-01
  0.5040E+03  0.2246E-01
  0.5050E+03  0.1676E-01
  0.5060E+03  0.2111E-01
  0.5070E+03  0.1370E-01
  0.5080E+03  0.1633E-01
  0.5090E+03  0.1525E-01
  0.5100E+03  0.1408E-01
  0.5110E+03  0.0000E+00
  0.5120E+03  0.0000E+00
