  0.1000E+01  0.2366E+02
  0.2000E+01  0.2627E+02
  0.3000E+01  0.2602E+02
  0.4000E+01  0.2791E+02
  0.5000E+01  0.2871E+02
  0.6000E+01  0.2915E+02
  0.7000E+01  0.2952E+02
  0.8000E+01  0.2881E+02
  0.9000E+01  0.2927E+02
  0.1000E+02  0.2913E+02
  0.1100E+02  0.2868E+02
  0.1200E+02  0.2916E+02
  0.1300E+02  0.2929E+02
  0.1400E+02  0.2900E+02
  0.1500E+02  0.2866E+02
  0.1600E+02  0.2912E+02
  0.1700E+02  0.2999E+02
  0.1800E+02  0.2899E+02
  0.1900E+02  0.2896E+02
  0.2000E+02  0.2927E+02
  0.2100E+02  0.2910E+02
  0.2200E+02  0.2879E+02
  0.2300E+02  0.2919E+02
  0.2400E+02  0.2905E+02
  0.2500E+02  0.2946E+02
  0.2600E+02  0.2882E+02
  0.2700E+02  0.2924E+02
  0.2800E+02  0.2931E+02
  0.2900E+02  0.2810E+02
  0.3000E+02  0.2860E+02
  0.3100E+02  0.2864E+02
  0.3200E+02  0.2894E+02
  0.3300E+02  0.2911E+02
  0.3400E+02  0.2913E+02
  0.3500E+02  0.2918E+02
  0.3600E+02  0.2870E+02
  0.3700E+02  0.2899E+02
  0.3800E+02  0.2823E+02
  0.3900E+02  0.2800E+02
  0.4000E+02  0.2861E+02
  0.4100E+02  0.2836E+02
  0.4200E+02  0.2862E+02
  0.4300E+02  0.2871E+02
  0.4400E+02  0.2917E+02
  0.4500E+02  0.2831E+02
  0.4600E+02  0.2901E+02
  0.4700E+02  0.2870E+02
  0.4800E+02  0.2922E+02
  0.4900E+02  0.3052E+02
  0.5000E+02  0.3086E+02
  0.5100E+02  0.3055E+02
  0.5200E+02  0.3183E+02
  0.5300E+02  0.3210E+02
  0.5400E+02  0.3240E+02
  0.5500E+02  0.3374E+02
  0.5600E+02  0.3444E+02
  0.5700E+02  0.3540E+02
  0.5800E+02  0.3579E+02
  0.5900E+02  0.3669E+02
  0.6000E+02  0.3714E+02
  0.6100E+02  0.3824E+02
  0.6200E+02  0.3896E+02
  0.6300E+02  0.3918E+02
  0.6400E+02  0.4036E+02
  0.6500E+02  0.4045E+02
  0.6600E+02  0.4117E+02
  0.6700E+02  0.4188E+02
  0.6800E+02  0.4353E+02
  0.6900E+02  0.4364E+02
  0.7000E+02  0.4276E+02
  0.7100E+02  0.4436E+02
  0.7200E+02  0.4529E+02
  0.7300E+02  0.4645E+02
  0.7400E+02  0.4703E+02
  0.7500E+02  0.4707E+02
  0.7600E+02  0.4716E+02
  0.7700E+02  0.4750E+02
  0.7800E+02  0.4795E+02
  0.7900E+02  0.4892E+02
  0.8000E+02  0.4960E+02
  0.8100E+02  0.5023E+02
  0.8200E+02  0.4975E+02
  0.8300E+02  0.4987E+02
  0.8400E+02  0.5087E+02
  0.8500E+02  0.5031E+02
  0.8600E+02  0.5085E+02
  0.8700E+02  0.5063E+02
  0.8800E+02  0.5060E+02
  0.8900E+02  0.4942E+02
  0.9000E+02  0.5022E+02
  0.9100E+02  0.5131E+02
  0.9200E+02  0.5092E+02
  0.9300E+02  0.5123E+02
  0.9400E+02  0.5067E+02
  0.9500E+02  0.5117E+02
  0.9600E+02  0.5075E+02
  0.9700E+02  0.5195E+02
  0.9800E+02  0.5065E+02
  0.9900E+02  0.5041E+02
  0.1000E+03  0.5053E+02
  0.1010E+03  0.5043E+02
  0.1020E+03  0.5126E+02
  0.1030E+03  0.5085E+02
  0.1040E+03  0.4952E+02
  0.1050E+03  0.5023E+02
  0.1060E+03  0.5065E+02
  0.1070E+03  0.5015E+02
  0.1080E+03  0.5021E+02
  0.1090E+03  0.5042E+02
  0.1100E+03  0.5005E+02
  0.1110E+03  0.4974E+02
  0.1120E+03  0.4976E+02
  0.1130E+03  0.5013E+02
  0.1140E+03  0.5073E+02
  0.1150E+03  0.5081E+02
  0.1160E+03  0.5144E+02
  0.1170E+03  0.5030E+02
  0.1180E+03  0.5087E+02
  0.1190E+03  0.5096E+02
  0.1200E+03  0.5137E+02
  0.1210E+03  0.5174E+02
  0.1220E+03  0.5214E+02
  0.1230E+03  0.5140E+02
  0.1240E+03  0.5225E+02
  0.1250E+03  0.5280E+02
  0.1260E+03  0.5156E+02
  0.1270E+03  0.5314E+02
  0.1280E+03  0.5325E+02
  0.1290E+03  0.5429E+02
  0.1300E+03  0.5334E+02
  0.1310E+03  0.5370E+02
  0.1320E+03  0.5315E+02
  0.1330E+03  0.5417E+02
  0.1340E+03  0.5387E+02
  0.1350E+03  0.5549E+02
  0.1360E+03  0.5559E+02
  0.1370E+03  0.5520E+02
  0.1380E+03  0.5561E+02
  0.1390E+03  0.5500E+02
  0.1400E+03  0.5574E+02
  0.1410E+03  0.5560E+02
  0.1420E+03  0.5581E+02
  0.1430E+03  0.5694E+02
  0.1440E+03  0.5654E+02
  0.1450E+03  0.5713E+02
  0.1460E+03  0.5662E+02
  0.1470E+03  0.5714E+02
  0.1480E+03  0.5782E+02
  0.1490E+03  0.5804E+02
  0.1500E+03  0.5904E+02
  0.1510E+03  0.5872E+02
  0.1520E+03  0.5927E+02
  0.1530E+03  0.5916E+02
  0.1540E+03  0.5969E+02
  0.1550E+03  0.5954E+02
  0.1560E+03  0.6051E+02
  0.1570E+03  0.6246E+02
  0.1580E+03  0.6219E+02
  0.1590E+03  0.6316E+02
  0.1600E+03  0.6383E+02
  0.1610E+03  0.6309E+02
  0.1620E+03  0.6491E+02
  0.1630E+03  0.6581E+02
  0.1640E+03  0.6726E+02
  0.1650E+03  0.6988E+02
  0.1660E+03  0.7022E+02
  0.1670E+03  0.7331E+02
  0.1680E+03  0.7289E+02
  0.1690E+03  0.7518E+02
  0.1700E+03  0.7682E+02
  0.1710E+03  0.7913E+02
  0.1720E+03  0.7975E+02
  0.1730E+03  0.8149E+02
  0.1740E+03  0.8198E+02
  0.1750E+03  0.8365E+02
  0.1760E+03  0.8448E+02
  0.1770E+03  0.8474E+02
  0.1780E+03  0.8580E+02
  0.1790E+03  0.8611E+02
  0.1800E+03  0.8665E+02
  0.1810E+03  0.8526E+02
  0.1820E+03  0.8331E+02
  0.1830E+03  0.8334E+02
  0.1840E+03  0.8290E+02
  0.1850E+03  0.8362E+02
  0.1860E+03  0.8118E+02
  0.1870E+03  0.8010E+02
  0.1880E+03  0.7909E+02
  0.1890E+03  0.7707E+02
  0.1900E+03  0.7627E+02
  0.1910E+03  0.7515E+02
  0.1920E+03  0.7380E+02
  0.1930E+03  0.7217E+02
  0.1940E+03  0.7206E+02
  0.1950E+03  0.6983E+02
  0.1960E+03  0.6783E+02
  0.1970E+03  0.6720E+02
  0.1980E+03  0.6572E+02
  0.1990E+03  0.6461E+02
  0.2000E+03  0.6345E+02
  0.2010E+03  0.6243E+02
  0.2020E+03  0.6081E+02
  0.2030E+03  0.5981E+02
  0.2040E+03  0.5812E+02
  0.2050E+03  0.5739E+02
  0.2060E+03  0.5631E+02
  0.2070E+03  0.5582E+02
  0.2080E+03  0.5512E+02
  0.2090E+03  0.5300E+02
  0.2100E+03  0.5143E+02
  0.2110E+03  0.5108E+02
  0.2120E+03  0.5065E+02
  0.2130E+03  0.4939E+02
  0.2140E+03  0.4999E+02
  0.2150E+03  0.4721E+02
  0.2160E+03  0.4713E+02
  0.2170E+03  0.4592E+02
  0.2180E+03  0.4535E+02
  0.2190E+03  0.4402E+02
  0.2200E+03  0.4399E+02
  0.2210E+03  0.4292E+02
  0.2220E+03  0.4297E+02
  0.2230E+03  0.4097E+02
  0.2240E+03  0.4090E+02
  0.2250E+03  0.3999E+02
  0.2260E+03  0.3968E+02
  0.2270E+03  0.3784E+02
  0.2280E+03  0.3824E+02
  0.2290E+03  0.3761E+02
  0.2300E+03  0.3760E+02
  0.2310E+03  0.3669E+02
  0.2320E+03  0.3572E+02
  0.2330E+03  0.3467E+02
  0.2340E+03  0.3528E+02
  0.2350E+03  0.3399E+02
  0.2360E+03  0.3382E+02
  0.2370E+03  0.3336E+02
  0.2380E+03  0.3333E+02
  0.2390E+03  0.3272E+02
  0.2400E+03  0.3183E+02
  0.2410E+03  0.3162E+02
  0.2420E+03  0.3143E+02
  0.2430E+03  0.3097E+02
  0.2440E+03  0.2990E+02
  0.2450E+03  0.2967E+02
  0.2460E+03  0.2928E+02
  0.2470E+03  0.2882E+02
  0.2480E+03  0.2893E+02
  0.2490E+03  0.2856E+02
  0.2500E+03  0.2809E+02
  0.2510E+03  0.2746E+02
  0.2520E+03  0.2718E+02
  0.2530E+03  0.2663E+02
  0.2540E+03  0.2647E+02
  0.2550E+03  0.2642E+02
  0.2560E+03  0.2586E+02
  0.2570E+03  0.2532E+02
  0.2580E+03  0.2523E+02
  0.2590E+03  0.2591E+02
  0.2600E+03  0.2498E+02
  0.2610E+03  0.2408E+02
  0.2620E+03  0.2397E+02
  0.2630E+03  0.2369E+02
  0.2640E+03  0.2369E+02
  0.2650E+03  0.2293E+02
  0.2660E+03  0.2311E+02
  0.2670E+03  0.2335E+02
  0.2680E+03  0.2303E+02
  0.2690E+03  0.2187E+02
  0.2700E+03  0.2190E+02
  0.2710E+03  0.2119E+02
  0.2720E+03  0.2141E+02
  0.2730E+03  0.2104E+02
  0.2740E+03  0.2082E+02
  0.2750E+03  0.2030E+02
  0.2760E+03  0.2036E+02
  0.2770E+03  0.2093E+02
  0.2780E+03  0.2053E+02
  0.2790E+03  0.1999E+02
  0.2800E+03  0.2002E+02
  0.2810E+03  0.1912E+02
  0.2820E+03  0.1931E+02
  0.2830E+03  0.1855E+02
  0.2840E+03  0.1869E+02
  0.2850E+03  0.1845E+02
  0.2860E+03  0.1783E+02
  0.2870E+03  0.1804E+02
  0.2880E+03  0.1851E+02
  0.2890E+03  0.1821E+02
  0.2900E+03  0.1763E+02
  0.2910E+03  0.1755E+02
  0.2920E+03  0.1700E+02
  0.2930E+03  0.1741E+02
  0.2940E+03  0.1696E+02
  0.2950E+03  0.1697E+02
  0.2960E+03  0.1663E+02
  0.2970E+03  0.1606E+02
  0.2980E+03  0.1632E+02
  0.2990E+03  0.1616E+02
  0.3000E+03  0.1569E+02
  0.3010E+03  0.1564E+02
  0.3020E+03  0.1537E+02
  0.3030E+03  0.1495E+02
  0.3040E+03  0.1530E+02
  0.3050E+03  0.1494E+02
  0.3060E+03  0.1521E+02
  0.3070E+03  0.1463E+02
  0.3080E+03  0.1447E+02
  0.3090E+03  0.1464E+02
  0.3100E+03  0.1410E+02
  0.3110E+03  0.1410E+02
  0.3120E+03  0.1406E+02
  0.3130E+03  0.1432E+02
  0.3140E+03  0.1399E+02
  0.3150E+03  0.1348E+02
  0.3160E+03  0.1375E+02
  0.3170E+03  0.1355E+02
  0.3180E+03  0.1317E+02
  0.3190E+03  0.1326E+02
  0.3200E+03  0.1344E+02
  0.3210E+03  0.1285E+02
  0.3220E+03  0.1283E+02
  0.3230E+03  0.1277E+02
  0.3240E+03  0.1274E+02
  0.3250E+03  0.1255E+02
  0.3260E+03  0.1283E+02
  0.3270E+03  0.1248E+02
  0.3280E+03  0.1211E+02
  0.3290E+03  0.1174E+02
  0.3300E+03  0.1187E+02
  0.3310E+03  0.1187E+02
  0.3320E+03  0.1180E+02
  0.3330E+03  0.1180E+02
  0.3340E+03  0.1165E+02
  0.3350E+03  0.1171E+02
  0.3360E+03  0.1095E+02
  0.3370E+03  0.1131E+02
  0.3380E+03  0.1118E+02
  0.3390E+03  0.1102E+02
  0.3400E+03  0.1089E+02
  0.3410E+03  0.1080E+02
  0.3420E+03  0.1097E+02
  0.3430E+03  0.1067E+02
  0.3440E+03  0.1044E+02
  0.3450E+03  0.1040E+02
  0.3460E+03  0.1028E+02
  0.3470E+03  0.9745E+01
  0.3480E+03  0.1025E+02
  0.3490E+03  0.1042E+02
  0.3500E+03  0.1031E+02
  0.3510E+03  0.9853E+01
  0.3520E+03  0.1001E+02
  0.3530E+03  0.9503E+01
  0.3540E+03  0.9602E+01
  0.3550E+03  0.9538E+01
  0.3560E+03  0.9813E+01
  0.3570E+03  0.9163E+01
  0.3580E+03  0.9363E+01
  0.3590E+03  0.9409E+01
  0.3600E+03  0.8965E+01
  0.3610E+03  0.9323E+01
  0.3620E+03  0.9068E+01
  0.3630E+03  0.8852E+01
  0.3640E+03  0.8783E+01
  0.3650E+03  0.8939E+01
  0.3660E+03  0.8837E+01
  0.3670E+03  0.8721E+01
  0.3680E+03  0.8795E+01
  0.3690E+03  0.8660E+01
  0.3700E+03  0.8470E+01
  0.3710E+03  0.8609E+01
  0.3720E+03  0.8414E+01
  0.3730E+03  0.8542E+01
  0.3740E+03  0.7649E+01
  0.3750E+03  0.8065E+01
  0.3760E+03  0.8041E+01
  0.3770E+03  0.7853E+01
  0.3780E+03  0.8030E+01
  0.3790E+03  0.7723E+01
  0.3800E+03  0.8099E+01
  0.3810E+03  0.8025E+01
  0.3820E+03  0.8057E+01
  0.3830E+03  0.8058E+01
  0.3840E+03  0.7645E+01
  0.3850E+03  0.7653E+01
  0.3860E+03  0.7388E+01
  0.3870E+03  0.7796E+01
  0.3880E+03  0.7383E+01
  0.3890E+03  0.7428E+01
  0.3900E+03  0.7305E+01
  0.3910E+03  0.7247E+01
  0.3920E+03  0.6796E+01
  0.3930E+03  0.7125E+01
  0.3940E+03  0.7249E+01
  0.3950E+03  0.7144E+01
  0.3960E+03  0.6940E+01
  0.3970E+03  0.6889E+01
  0.3980E+03  0.7244E+01
  0.3990E+03  0.6959E+01
  0.4000E+03  0.6834E+01
  0.4010E+03  0.6725E+01
  0.4020E+03  0.6633E+01
  0.4030E+03  0.6594E+01
  0.4040E+03  0.6592E+01
  0.4050E+03  0.6479E+01
  0.4060E+03  0.6483E+01
  0.4070E+03  0.6750E+01
  0.4080E+03  0.6180E+01
  0.4090E+03  0.6498E+01
  0.4100E+03  0.6199E+01
  0.4110E+03  0.6172E+01
  0.4120E+03  0.5962E+01
  0.4130E+03  0.6078E+01
  0.4140E+03  0.6045E+01
  0.4150E+03  0.5752E+01
  0.4160E+03  0.5787E+01
  0.4170E+03  0.5693E+01
  0.4180E+03  0.5615E+01
  0.4190E+03  0.5731E+01
  0.4200E+03  0.5913E+01
  0.4210E+03  0.5694E+01
  0.4220E+03  0.5531E+01
  0.4230E+03  0.5410E+01
  0.4240E+03  0.5124E+01
  0.4250E+03  0.5179E+01
  0.4260E+03  0.5062E+01
  0.4270E+03  0.5182E+01
  0.4280E+03  0.5446E+01
  0.4290E+03  0.4987E+01
  0.4300E+03  0.5023E+01
  0.4310E+03  0.5090E+01
  0.4320E+03  0.4925E+01
  0.4330E+03  0.4982E+01
  0.4340E+03  0.4773E+01
  0.4350E+03  0.4441E+01
  0.4360E+03  0.4957E+01
  0.4370E+03  0.4520E+01
  0.4380E+03  0.4669E+01
  0.4390E+03  0.4443E+01
  0.4400E+03  0.4694E+01
  0.4410E+03  0.4433E+01
  0.4420E+03  0.4124E+01
  0.4430E+03  0.4647E+01
  0.4440E+03  0.4250E+01
  0.4450E+03  0.4427E+01
  0.4460E+03  0.4060E+01
  0.4470E+03  0.4172E+01
  0.4480E+03  0.4213E+01
  0.4490E+03  0.4380E+01
  0.4500E+03  0.4390E+01
  0.4510E+03  0.3950E+01
  0.4520E+03  0.4059E+01
  0.4530E+03  0.3899E+01
  0.4540E+03  0.3983E+01
  0.4550E+03  0.3753E+01
  0.4560E+03  0.3945E+01
  0.4570E+03  0.3744E+01
  0.4580E+03  0.3816E+01
  0.4590E+03  0.3989E+01
  0.4600E+03  0.3826E+01
  0.4610E+03  0.3900E+01
  0.4620E+03  0.3918E+01
  0.4630E+03  0.3797E+01
  0.4640E+03  0.3586E+01
  0.4650E+03  0.3557E+01
  0.4660E+03  0.3685E+01
  0.4670E+03  0.3428E+01
  0.4680E+03  0.3700E+01
  0.4690E+03  0.3520E+01
  0.4700E+03  0.3370E+01
  0.4710E+03  0.3589E+01
  0.4720E+03  0.3506E+01
  0.4730E+03  0.3482E+01
  0.4740E+03  0.3775E+01
  0.4750E+03  0.3555E+01
  0.4760E+03  0.3389E+01
  0.4770E+03  0.3568E+01
  0.4780E+03  0.3180E+01
  0.4790E+03  0.3203E+01
  0.4800E+03  0.3155E+01
  0.4810E+03  0.3115E+01
  0.4820E+03  0.3224E+01
  0.4830E+03  0.3052E+01
  0.4840E+03  0.3190E+01
  0.4850E+03  0.3128E+01
  0.4860E+03  0.3111E+01
  0.4870E+03  0.2968E+01
  0.4880E+03  0.3099E+01
  0.4890E+03  0.3122E+01
  0.4900E+03  0.3051E+01
  0.4910E+03  0.3162E+01
  0.4920E+03  0.2786E+01
  0.4930E+03  0.3041E+01
  0.4940E+03  0.3023E+01
  0.4950E+03  0.2911E+01
  0.4960E+03  0.2906E+01
  0.4970E+03  0.2786E+01
  0.4980E+03  0.2886E+01
  0.4990E+03  0.2675E+01
  0.5000E+03  0.2768E+01
  0.5010E+03  0.2582E+01
  0.5020E+03  0.2595E+01
  0.5030E+03  0.2559E+01
  0.5040E+03  0.2782E+01
  0.5050E+03  0.2481E+01
  0.5060E+03  0.2594E+01
  0.5070E+03  0.2261E+01
  0.5080E+03  0.2447E+01
  0.5090E+03  0.2118E+01
  0.5100E+03  0.2046E+01
  0.5110E+03  0.0000E+00
  0.5120E+03  0.0000E+00
