  0.1000E+01  0.5880E+00
  0.2000E+01  0.6289E+00
  0.3000E+01  0.6269E+00
  0.4000E+01  0.6180E+00
  0.5000E+01  0.5450E+00
  0.6000E+01  0.5312E+00
  0.7000E+01  0.4865E+00
  0.8000E+01  0.4651E+00
  0.9000E+01  0.4195E+00
  0.1000E+02  0.4050E+00
  0.1100E+02  0.3577E+00
  0.1200E+02  0.3481E+00
  0.1300E+02  0.3218E+00
  0.1400E+02  0.2821E+00
  0.1500E+02  0.2737E+00
  0.1600E+02  0.2536E+00
  0.1700E+02  0.2494E+00
  0.1800E+02  0.2186E+00
  0.1900E+02  0.2049E+00
  0.2000E+02  0.1847E+00
  0.2100E+02  0.1730E+00
  0.2200E+02  0.1655E+00
  0.2300E+02  0.1476E+00
  0.2400E+02  0.1509E+00
  0.2500E+02  0.1314E+00
  0.2600E+02  0.1237E+00
  0.2700E+02  0.1159E+00
  0.2800E+02  0.1192E+00
  0.2900E+02  0.1076E+00
  0.3000E+02  0.1003E+00
  0.3100E+02  0.9459E-01
  0.3200E+02  0.9287E-01
  0.3300E+02  0.9277E-01
  0.3400E+02  0.9203E-01
  0.3500E+02  0.8796E-01
  0.3600E+02  0.9116E-01
  0.3700E+02  0.9017E-01
  0.3800E+02  0.8975E-01
  0.3900E+02  0.8965E-01
  0.4000E+02  0.8430E-01
  0.4100E+02  0.9088E-01
  0.4200E+02  0.9555E-01
  0.4300E+02  0.9850E-01
  0.4400E+02  0.9921E-01
  0.4500E+02  0.1076E+00
  0.4600E+02  0.1185E+00
  0.4700E+02  0.1230E+00
  0.4800E+02  0.1462E+00
  0.4900E+02  0.1566E+00
  0.5000E+02  0.1673E+00
  0.5100E+02  0.1816E+00
  0.5200E+02  0.1992E+00
  0.5300E+02  0.2115E+00
  0.5400E+02  0.2325E+00
  0.5500E+02  0.2547E+00
  0.5600E+02  0.2626E+00
  0.5700E+02  0.2848E+00
  0.5800E+02  0.2970E+00
  0.5900E+02  0.3155E+00
  0.6000E+02  0.3376E+00
  0.6100E+02  0.3372E+00
  0.6200E+02  0.3659E+00
  0.6300E+02  0.3782E+00
  0.6400E+02  0.3907E+00
  0.6500E+02  0.4023E+00
  0.6600E+02  0.3991E+00
  0.6700E+02  0.4274E+00
  0.6800E+02  0.4519E+00
  0.6900E+02  0.4545E+00
  0.7000E+02  0.4715E+00
  0.7100E+02  0.4930E+00
  0.7200E+02  0.4994E+00
  0.7300E+02  0.5041E+00
  0.7400E+02  0.5268E+00
  0.7500E+02  0.5648E+00
  0.7600E+02  0.5889E+00
  0.7700E+02  0.6298E+00
  0.7800E+02  0.6651E+00
  0.7900E+02  0.6780E+00
  0.8000E+02  0.7198E+00
  0.8100E+02  0.7499E+00
  0.8200E+02  0.8035E+00
  0.8300E+02  0.8496E+00
  0.8400E+02  0.8875E+00
  0.8500E+02  0.9105E+00
  0.8600E+02  0.9686E+00
  0.8700E+02  0.1042E+01
  0.8800E+02  0.1053E+01
  0.8900E+02  0.1124E+01
  0.9000E+02  0.1133E+01
  0.9100E+02  0.1224E+01
  0.9200E+02  0.1270E+01
  0.9300E+02  0.1299E+01
  0.9400E+02  0.1283E+01
  0.9500E+02  0.1354E+01
  0.9600E+02  0.1352E+01
  0.9700E+02  0.1359E+01
  0.9800E+02  0.1295E+01
  0.9900E+02  0.1327E+01
  0.1000E+03  0.1273E+01
  0.1010E+03  0.1235E+01
  0.1020E+03  0.1178E+01
  0.1030E+03  0.1122E+01
  0.1040E+03  0.1070E+01
  0.1050E+03  0.9687E+00
  0.1060E+03  0.9291E+00
  0.1070E+03  0.8289E+00
  0.1080E+03  0.7748E+00
  0.1090E+03  0.7039E+00
  0.1100E+03  0.6676E+00
  0.1110E+03  0.5837E+00
  0.1120E+03  0.5624E+00
  0.1130E+03  0.4930E+00
  0.1140E+03  0.4564E+00
  0.1150E+03  0.4196E+00
  0.1160E+03  0.3998E+00
  0.1170E+03  0.3597E+00
  0.1180E+03  0.3295E+00
  0.1190E+03  0.3173E+00
  0.1200E+03  0.3071E+00
  0.1210E+03  0.2867E+00
  0.1220E+03  0.2791E+00
  0.1230E+03  0.2580E+00
  0.1240E+03  0.2402E+00
  0.1250E+03  0.2335E+00
  0.1260E+03  0.2232E+00
  0.1270E+03  0.2092E+00
  0.1280E+03  0.2019E+00
  0.1290E+03  0.1962E+00
  0.1300E+03  0.1906E+00
  0.1310E+03  0.1767E+00
  0.1320E+03  0.1651E+00
  0.1330E+03  0.1608E+00
  0.1340E+03  0.1532E+00
  0.1350E+03  0.1442E+00
  0.1360E+03  0.1373E+00
  0.1370E+03  0.1463E+00
  0.1380E+03  0.1312E+00
  0.1390E+03  0.1292E+00
  0.1400E+03  0.1152E+00
  0.1410E+03  0.1292E+00
  0.1420E+03  0.1287E+00
  0.1430E+03  0.1163E+00
  0.1440E+03  0.1205E+00
  0.1450E+03  0.1196E+00
  0.1460E+03  0.1184E+00
  0.1470E+03  0.1093E+00
  0.1480E+03  0.1123E+00
  0.1490E+03  0.1095E+00
  0.1500E+03  0.1054E+00
  0.1510E+03  0.1097E+00
  0.1520E+03  0.1095E+00
  0.1530E+03  0.1029E+00
  0.1540E+03  0.1038E+00
  0.1550E+03  0.1039E+00
  0.1560E+03  0.1052E+00
  0.1570E+03  0.9608E-01
  0.1580E+03  0.9757E-01
  0.1590E+03  0.1025E+00
  0.1600E+03  0.9432E-01
  0.1610E+03  0.9063E-01
  0.1620E+03  0.1066E+00
  0.1630E+03  0.9369E-01
  0.1640E+03  0.9045E-01
  0.1650E+03  0.8892E-01
  0.1660E+03  0.9584E-01
  0.1670E+03  0.8991E-01
  0.1680E+03  0.8665E-01
  0.1690E+03  0.8997E-01
  0.1700E+03  0.8338E-01
  0.1710E+03  0.8403E-01
  0.1720E+03  0.7679E-01
  0.1730E+03  0.8227E-01
  0.1740E+03  0.7452E-01
  0.1750E+03  0.8645E-01
  0.1760E+03  0.7726E-01
  0.1770E+03  0.7698E-01
  0.1780E+03  0.7264E-01
  0.1790E+03  0.7335E-01
  0.1800E+03  0.6788E-01
  0.1810E+03  0.6696E-01
  0.1820E+03  0.7547E-01
  0.1830E+03  0.6429E-01
  0.1840E+03  0.6226E-01
  0.1850E+03  0.6481E-01
  0.1860E+03  0.5620E-01
  0.1870E+03  0.6179E-01
  0.1880E+03  0.5398E-01
  0.1890E+03  0.5836E-01
  0.1900E+03  0.5617E-01
  0.1910E+03  0.5439E-01
  0.1920E+03  0.5701E-01
  0.1930E+03  0.5065E-01
  0.1940E+03  0.5237E-01
  0.1950E+03  0.4821E-01
  0.1960E+03  0.4768E-01
  0.1970E+03  0.4705E-01
  0.1980E+03  0.4325E-01
  0.1990E+03  0.4042E-01
  0.2000E+03  0.4291E-01
  0.2010E+03  0.3711E-01
  0.2020E+03  0.3897E-01
  0.2030E+03  0.3579E-01
  0.2040E+03  0.3214E-01
  0.2050E+03  0.3481E-01
  0.2060E+03  0.3628E-01
  0.2070E+03  0.3096E-01
  0.2080E+03  0.3024E-01
  0.2090E+03  0.3016E-01
  0.2100E+03  0.2919E-01
  0.2110E+03  0.2542E-01
  0.2120E+03  0.2908E-01
  0.2130E+03  0.2929E-01
  0.2140E+03  0.2922E-01
  0.2150E+03  0.2285E-01
  0.2160E+03  0.2451E-01
  0.2170E+03  0.2103E-01
  0.2180E+03  0.2537E-01
  0.2190E+03  0.1973E-01
  0.2200E+03  0.2186E-01
  0.2210E+03  0.2239E-01
  0.2220E+03  0.2230E-01
  0.2230E+03  0.1811E-01
  0.2240E+03  0.1736E-01
  0.2250E+03  0.2111E-01
  0.2260E+03  0.1869E-01
  0.2270E+03  0.1605E-01
  0.2280E+03  0.1977E-01
  0.2290E+03  0.1631E-01
  0.2300E+03  0.1678E-01
  0.2310E+03  0.1560E-01
  0.2320E+03  0.1455E-01
  0.2330E+03  0.1589E-01
  0.2340E+03  0.1557E-01
  0.2350E+03  0.1785E-01
  0.2360E+03  0.1401E-01
  0.2370E+03  0.1469E-01
  0.2380E+03  0.1138E-01
  0.2390E+03  0.1448E-01
  0.2400E+03  0.1032E-01
  0.2410E+03  0.1503E-01
  0.2420E+03  0.1143E-01
  0.2430E+03  0.1076E-01
  0.2440E+03  0.9538E-02
  0.2450E+03  0.1428E-01
  0.2460E+03  0.9093E-02
  0.2470E+03  0.1240E-01
  0.2480E+03  0.1326E-01
  0.2490E+03  0.1011E-01
  0.2500E+03  0.9730E-02
  0.2510E+03  0.9338E-02
  0.2520E+03  0.9817E-02
  0.2530E+03  0.1059E-01
  0.2540E+03  0.9636E-02
  0.2550E+03  0.9423E-02
  0.2560E+03  0.1227E-01
  0.2570E+03  0.8641E-02
  0.2580E+03  0.1116E-01
  0.2590E+03  0.9082E-02
  0.2600E+03  0.9251E-02
  0.2610E+03  0.7301E-02
  0.2620E+03  0.8576E-02
  0.2630E+03  0.7020E-02
  0.2640E+03  0.7142E-02
  0.2650E+03  0.5183E-02
  0.2660E+03  0.6748E-02
  0.2670E+03  0.7427E-02
  0.2680E+03  0.6746E-02
  0.2690E+03  0.7876E-02
  0.2700E+03  0.6759E-02
  0.2710E+03  0.7165E-02
  0.2720E+03  0.5413E-02
  0.2730E+03  0.4959E-02
  0.2740E+03  0.7949E-02
  0.2750E+03  0.5921E-02
  0.2760E+03  0.6653E-02
  0.2770E+03  0.7815E-02
  0.2780E+03  0.7321E-02
  0.2790E+03  0.7696E-02
  0.2800E+03  0.5884E-02
  0.2810E+03  0.6087E-02
  0.2820E+03  0.6019E-02
  0.2830E+03  0.5157E-02
  0.2840E+03  0.5067E-02
  0.2850E+03  0.5887E-02
  0.2860E+03  0.7996E-02
  0.2870E+03  0.5910E-02
  0.2880E+03  0.3191E-02
  0.2890E+03  0.4009E-02
  0.2900E+03  0.3879E-02
  0.2910E+03  0.5411E-02
  0.2920E+03  0.6175E-02
  0.2930E+03  0.3909E-02
  0.2940E+03  0.4766E-02
  0.2950E+03  0.8147E-02
  0.2960E+03  0.7643E-02
  0.2970E+03  0.5724E-02
  0.2980E+03  0.5282E-02
  0.2990E+03  0.1820E-02
  0.3000E+03  0.4888E-02
  0.3010E+03  0.5063E-02
  0.3020E+03  0.5037E-02
  0.3030E+03  0.4346E-02
  0.3040E+03  0.6855E-02
  0.3050E+03  0.5100E-02
  0.3060E+03  0.4710E-02
  0.3070E+03  0.5059E-02
  0.3080E+03  0.4881E-02
  0.3090E+03  0.3713E-02
  0.3100E+03  0.4346E-02
  0.3110E+03  0.3588E-02
  0.3120E+03  0.5674E-02
  0.3130E+03  0.4228E-02
  0.3140E+03  0.4060E-02
  0.3150E+03  0.4908E-02
  0.3160E+03  0.4700E-02
  0.3170E+03  0.3794E-02
  0.3180E+03  0.3472E-02
  0.3190E+03  0.7265E-02
  0.3200E+03  0.3665E-02
  0.3210E+03  0.2452E-02
  0.3220E+03  0.2831E-02
  0.3230E+03  0.3379E-02
  0.3240E+03  0.4947E-02
  0.3250E+03  0.2628E-02
  0.3260E+03  0.5285E-02
  0.3270E+03  0.3736E-02
  0.3280E+03  0.4045E-02
  0.3290E+03  0.4080E-02
  0.3300E+03  0.3992E-02
  0.3310E+03  0.5270E-02
  0.3320E+03  0.2962E-02
  0.3330E+03  0.1292E-02
  0.3340E+03  0.2717E-02
  0.3350E+03  0.3224E-02
  0.3360E+03  0.3711E-02
  0.3370E+03  0.3659E-02
  0.3380E+03  0.3412E-02
  0.3390E+03  0.3298E-02
  0.3400E+03  0.4752E-02
  0.3410E+03  0.4718E-02
  0.3420E+03  0.2611E-02
  0.3430E+03  0.2758E-02
  0.3440E+03  0.1827E-02
  0.3450E+03  0.3390E-02
  0.3460E+03  0.2511E-02
  0.3470E+03  0.2317E-02
  0.3480E+03  0.1887E-02
  0.3490E+03  0.3451E-02
  0.3500E+03  0.4151E-02
  0.3510E+03  0.2589E-02
  0.3520E+03  0.1308E-02
  0.3530E+03  0.2934E-02
  0.3540E+03  0.2689E-02
  0.3550E+03  0.3539E-02
  0.3560E+03  0.1719E-02
  0.3570E+03  0.1965E-02
  0.3580E+03  0.2423E-02
  0.3590E+03  0.2565E-02
  0.3600E+03  0.4416E-02
  0.3610E+03  0.3349E-02
  0.3620E+03  0.2252E-02
  0.3630E+03  0.9796E-03
  0.3640E+03  0.2609E-02
  0.3650E+03  0.2727E-02
  0.3660E+03  0.3197E-02
  0.3670E+03  0.2475E-02
  0.3680E+03  0.2522E-02
  0.3690E+03  0.2439E-02
  0.3700E+03  0.2223E-02
  0.3710E+03  0.2632E-02
  0.3720E+03  0.1538E-02
  0.3730E+03  0.1320E-02
  0.3740E+03  0.2673E-02
  0.3750E+03  0.8527E-03
  0.3760E+03  0.3436E-02
  0.3770E+03  0.1223E-02
  0.3780E+03  0.1921E-02
  0.3790E+03  0.2009E-02
  0.3800E+03  0.1955E-02
  0.3810E+03  0.2970E-02
  0.3820E+03  0.9476E-03
  0.3830E+03  0.1830E-02
  0.3840E+03  0.2598E-02
  0.3850E+03  0.1329E-02
  0.3860E+03  0.1703E-02
  0.3870E+03  0.1078E-02
  0.3880E+03  0.3277E-02
  0.3890E+03  0.1760E-02
  0.3900E+03  0.1240E-02
  0.3910E+03  0.2382E-02
  0.3920E+03  0.7451E-03
  0.3930E+03  0.1354E-02
  0.3940E+03  0.1190E-02
  0.3950E+03  0.1838E-02
  0.3960E+03  0.1335E-02
  0.3970E+03  0.1545E-02
  0.3980E+03  0.1241E-02
  0.3990E+03  0.2550E-02
  0.4000E+03  0.8984E-03
  0.4010E+03  0.9453E-03
  0.4020E+03  0.2096E-02
  0.4030E+03  0.8538E-03
  0.4040E+03  0.1015E-02
  0.4050E+03  0.1357E-02
  0.4060E+03  0.1358E-02
  0.4070E+03  0.4964E-03
  0.4080E+03  0.1093E-02
  0.4090E+03  0.1612E-02
  0.4100E+03  0.1873E-02
  0.4110E+03  0.7313E-03
  0.4120E+03  0.2377E-02
  0.4130E+03  0.9035E-03
  0.4140E+03  0.1256E-02
  0.4150E+03  0.1664E-02
  0.4160E+03  0.2180E-02
  0.4170E+03  0.8370E-03
  0.4180E+03  0.3603E-03
  0.4190E+03  0.3617E-02
  0.4200E+03  0.1635E-02
  0.4210E+03  0.8022E-03
  0.4220E+03  0.6370E-03
  0.4230E+03  0.9367E-03
  0.4240E+03  0.1271E-02
  0.4250E+03  0.5337E-03
  0.4260E+03  0.3198E-03
  0.4270E+03  0.6898E-03
  0.4280E+03  0.9988E-03
  0.4290E+03  0.9469E-03
  0.4300E+03  0.4775E-03
  0.4310E+03  0.4999E-03
  0.4320E+03  0.1340E-02
  0.4330E+03  0.1175E-02
  0.4340E+03  0.4352E-03
  0.4350E+03  0.3014E-03
  0.4360E+03  0.4755E-03
  0.4370E+03  0.1300E-02
  0.4380E+03  0.1004E-02
  0.4390E+03  0.6200E-03
  0.4400E+03  0.4838E-03
  0.4410E+03  0.4462E-03
  0.4420E+03  0.3542E-03
  0.4430E+03  0.5616E-03
  0.4440E+03  0.5199E-03
  0.4450E+03  0.7360E-03
  0.4460E+03  0.2051E-03
  0.4470E+03  0.5443E-03
  0.4480E+03  0.4244E-04
  0.4490E+03  0.5816E-03
  0.4500E+03  0.4201E-03
  0.4510E+03  0.1171E-03
  0.4520E+03  0.1081E-02
  0.4530E+03  0.1171E-02
  0.4540E+03  0.6977E-03
  0.4550E+03  0.2718E-03
  0.4560E+03  0.3776E-03
  0.4570E+03  0.3558E-03
  0.4580E+03  0.9611E-03
  0.4590E+03  0.5144E-03
  0.4600E+03  0.3119E-03
  0.4610E+03  0.4381E-04
  0.4620E+03  0.1085E-02
  0.4630E+03  0.1561E-03
  0.4640E+03  0.3876E-03
  0.4650E+03  0.1348E-04
  0.4660E+03  0.7160E-03
  0.4670E+03  0.5353E-03
  0.4680E+03  0.4037E-03
  0.4690E+03  0.6511E-03
  0.4700E+03  0.1236E-03
  0.4710E+03  0.5371E-03
  0.4720E+03  0.4330E-03
  0.4730E+03  0.3504E-04
  0.4740E+03  0.2165E-03
  0.4750E+03  0.9514E-03
  0.4760E+03  0.1156E-04
  0.4770E+03  0.3835E-04
  0.4780E+03  0.4147E-03
  0.4790E+03  0.5483E-03
  0.4800E+03  0.8676E-04
  0.4810E+03  0.1172E-03
  0.4820E+03  0.8609E-04
  0.4830E+03  0.5755E-03
  0.4840E+03  0.8057E-04
  0.4850E+03  0.0000E+00
  0.4860E+03  0.8495E-04
  0.4870E+03  0.4799E-03
  0.4880E+03  0.2733E-03
  0.4890E+03  0.1700E-03
  0.4900E+03  0.5369E-03
  0.4910E+03  0.8049E-03
  0.4920E+03  0.7011E-04
  0.4930E+03  0.5162E-03
  0.4940E+03  0.1187E-02
  0.4950E+03  0.2939E-03
  0.4960E+03  0.2856E-03
  0.4970E+03  0.3703E-04
  0.4980E+03  0.5870E-03
  0.4990E+03  0.3493E-03
  0.5000E+03  0.5350E-03
  0.5010E+03  0.2933E-04
  0.5020E+03  0.0000E+00
  0.5030E+03  0.1007E-02
  0.5040E+03  0.0000E+00
  0.5050E+03  0.1901E-03
  0.5060E+03  0.1171E-02
  0.5070E+03  0.0000E+00
  0.5080E+03  0.0000E+00
  0.5090E+03  0.0000E+00
  0.5100E+03  0.2318E-03
  0.5110E+03  0.0000E+00
  0.5120E+03  0.0000E+00
