  0.1000E+01  0.1279E+01
  0.2000E+01  0.1396E+01
  0.3000E+01  0.1410E+01
  0.4000E+01  0.1403E+01
  0.5000E+01  0.1368E+01
  0.6000E+01  0.1345E+01
  0.7000E+01  0.1295E+01
  0.8000E+01  0.1218E+01
  0.9000E+01  0.1158E+01
  0.1000E+02  0.1124E+01
  0.1100E+02  0.1085E+01
  0.1200E+02  0.1043E+01
  0.1300E+02  0.9536E+00
  0.1400E+02  0.9166E+00
  0.1500E+02  0.8548E+00
  0.1600E+02  0.8180E+00
  0.1700E+02  0.7375E+00
  0.1800E+02  0.6913E+00
  0.1900E+02  0.6814E+00
  0.2000E+02  0.6227E+00
  0.2100E+02  0.5817E+00
  0.2200E+02  0.5325E+00
  0.2300E+02  0.5029E+00
  0.2400E+02  0.4721E+00
  0.2500E+02  0.4278E+00
  0.2600E+02  0.4006E+00
  0.2700E+02  0.3782E+00
  0.2800E+02  0.3695E+00
  0.2900E+02  0.3248E+00
  0.3000E+02  0.3024E+00
  0.3100E+02  0.2713E+00
  0.3200E+02  0.2710E+00
  0.3300E+02  0.2382E+00
  0.3400E+02  0.2360E+00
  0.3500E+02  0.2144E+00
  0.3600E+02  0.2003E+00
  0.3700E+02  0.1889E+00
  0.3800E+02  0.1939E+00
  0.3900E+02  0.1793E+00
  0.4000E+02  0.1791E+00
  0.4100E+02  0.1804E+00
  0.4200E+02  0.1831E+00
  0.4300E+02  0.1863E+00
  0.4400E+02  0.2036E+00
  0.4500E+02  0.2211E+00
  0.4600E+02  0.2306E+00
  0.4700E+02  0.2454E+00
  0.4800E+02  0.2692E+00
  0.4900E+02  0.2951E+00
  0.5000E+02  0.3417E+00
  0.5100E+02  0.3697E+00
  0.5200E+02  0.4041E+00
  0.5300E+02  0.4382E+00
  0.5400E+02  0.4769E+00
  0.5500E+02  0.5230E+00
  0.5600E+02  0.5518E+00
  0.5700E+02  0.6132E+00
  0.5800E+02  0.6349E+00
  0.5900E+02  0.6681E+00
  0.6000E+02  0.7079E+00
  0.6100E+02  0.7522E+00
  0.6200E+02  0.7934E+00
  0.6300E+02  0.8311E+00
  0.6400E+02  0.8503E+00
  0.6500E+02  0.8851E+00
  0.6600E+02  0.9125E+00
  0.6700E+02  0.9463E+00
  0.6800E+02  0.9557E+00
  0.6900E+02  0.1010E+01
  0.7000E+02  0.1014E+01
  0.7100E+02  0.1038E+01
  0.7200E+02  0.1064E+01
  0.7300E+02  0.1071E+01
  0.7400E+02  0.1082E+01
  0.7500E+02  0.1119E+01
  0.7600E+02  0.1112E+01
  0.7700E+02  0.1145E+01
  0.7800E+02  0.1182E+01
  0.7900E+02  0.1205E+01
  0.8000E+02  0.1229E+01
  0.8100E+02  0.1303E+01
  0.8200E+02  0.1313E+01
  0.8300E+02  0.1389E+01
  0.8400E+02  0.1457E+01
  0.8500E+02  0.1495E+01
  0.8600E+02  0.1556E+01
  0.8700E+02  0.1634E+01
  0.8800E+02  0.1714E+01
  0.8900E+02  0.1830E+01
  0.9000E+02  0.1978E+01
  0.9100E+02  0.2131E+01
  0.9200E+02  0.2264E+01
  0.9300E+02  0.2463E+01
  0.9400E+02  0.2716E+01
  0.9500E+02  0.2944E+01
  0.9600E+02  0.3184E+01
  0.9700E+02  0.3466E+01
  0.9800E+02  0.3703E+01
  0.9900E+02  0.3886E+01
  0.1000E+03  0.4007E+01
  0.1010E+03  0.4114E+01
  0.1020E+03  0.4163E+01
  0.1030E+03  0.4141E+01
  0.1040E+03  0.4042E+01
  0.1050E+03  0.3943E+01
  0.1060E+03  0.3720E+01
  0.1070E+03  0.3575E+01
  0.1080E+03  0.3326E+01
  0.1090E+03  0.3128E+01
  0.1100E+03  0.2872E+01
  0.1110E+03  0.2672E+01
  0.1120E+03  0.2395E+01
  0.1130E+03  0.2241E+01
  0.1140E+03  0.2000E+01
  0.1150E+03  0.1799E+01
  0.1160E+03  0.1631E+01
  0.1170E+03  0.1451E+01
  0.1180E+03  0.1301E+01
  0.1190E+03  0.1200E+01
  0.1200E+03  0.1093E+01
  0.1210E+03  0.9850E+00
  0.1220E+03  0.9071E+00
  0.1230E+03  0.8518E+00
  0.1240E+03  0.8134E+00
  0.1250E+03  0.7593E+00
  0.1260E+03  0.7376E+00
  0.1270E+03  0.7082E+00
  0.1280E+03  0.6978E+00
  0.1290E+03  0.6820E+00
  0.1300E+03  0.6580E+00
  0.1310E+03  0.6322E+00
  0.1320E+03  0.5906E+00
  0.1330E+03  0.5418E+00
  0.1340E+03  0.5145E+00
  0.1350E+03  0.4735E+00
  0.1360E+03  0.4103E+00
  0.1370E+03  0.3728E+00
  0.1380E+03  0.3384E+00
  0.1390E+03  0.2984E+00
  0.1400E+03  0.2776E+00
  0.1410E+03  0.2353E+00
  0.1420E+03  0.2324E+00
  0.1430E+03  0.2296E+00
  0.1440E+03  0.1893E+00
  0.1450E+03  0.1813E+00
  0.1460E+03  0.1738E+00
  0.1470E+03  0.1686E+00
  0.1480E+03  0.1635E+00
  0.1490E+03  0.1609E+00
  0.1500E+03  0.1553E+00
  0.1510E+03  0.1600E+00
  0.1520E+03  0.1605E+00
  0.1530E+03  0.1532E+00
  0.1540E+03  0.1516E+00
  0.1550E+03  0.1631E+00
  0.1560E+03  0.1452E+00
  0.1570E+03  0.1454E+00
  0.1580E+03  0.1487E+00
  0.1590E+03  0.1454E+00
  0.1600E+03  0.1497E+00
  0.1610E+03  0.1517E+00
  0.1620E+03  0.1520E+00
  0.1630E+03  0.1596E+00
  0.1640E+03  0.1603E+00
  0.1650E+03  0.1523E+00
  0.1660E+03  0.1584E+00
  0.1670E+03  0.1593E+00
  0.1680E+03  0.1581E+00
  0.1690E+03  0.1735E+00
  0.1700E+03  0.1629E+00
  0.1710E+03  0.1595E+00
  0.1720E+03  0.1672E+00
  0.1730E+03  0.1716E+00
  0.1740E+03  0.1856E+00
  0.1750E+03  0.1872E+00
  0.1760E+03  0.1942E+00
  0.1770E+03  0.1825E+00
  0.1780E+03  0.1806E+00
  0.1790E+03  0.1785E+00
  0.1800E+03  0.1818E+00
  0.1810E+03  0.1822E+00
  0.1820E+03  0.1730E+00
  0.1830E+03  0.1838E+00
  0.1840E+03  0.1757E+00
  0.1850E+03  0.1668E+00
  0.1860E+03  0.1808E+00
  0.1870E+03  0.1689E+00
  0.1880E+03  0.1723E+00
  0.1890E+03  0.1660E+00
  0.1900E+03  0.1653E+00
  0.1910E+03  0.1674E+00
  0.1920E+03  0.1610E+00
  0.1930E+03  0.1520E+00
  0.1940E+03  0.1522E+00
  0.1950E+03  0.1410E+00
  0.1960E+03  0.1541E+00
  0.1970E+03  0.1510E+00
  0.1980E+03  0.1428E+00
  0.1990E+03  0.1483E+00
  0.2000E+03  0.1333E+00
  0.2010E+03  0.1264E+00
  0.2020E+03  0.1324E+00
  0.2030E+03  0.1322E+00
  0.2040E+03  0.1360E+00
  0.2050E+03  0.1247E+00
  0.2060E+03  0.1233E+00
  0.2070E+03  0.1192E+00
  0.2080E+03  0.1262E+00
  0.2090E+03  0.1122E+00
  0.2100E+03  0.1049E+00
  0.2110E+03  0.1127E+00
  0.2120E+03  0.1072E+00
  0.2130E+03  0.1025E+00
  0.2140E+03  0.9921E-01
  0.2150E+03  0.1057E+00
  0.2160E+03  0.9263E-01
  0.2170E+03  0.1034E+00
  0.2180E+03  0.9728E-01
  0.2190E+03  0.9441E-01
  0.2200E+03  0.8708E-01
  0.2210E+03  0.9200E-01
  0.2220E+03  0.9096E-01
  0.2230E+03  0.8651E-01
  0.2240E+03  0.9102E-01
  0.2250E+03  0.8360E-01
  0.2260E+03  0.7310E-01
  0.2270E+03  0.8028E-01
  0.2280E+03  0.7938E-01
  0.2290E+03  0.7371E-01
  0.2300E+03  0.7411E-01
  0.2310E+03  0.6996E-01
  0.2320E+03  0.6816E-01
  0.2330E+03  0.6472E-01
  0.2340E+03  0.6698E-01
  0.2350E+03  0.6743E-01
  0.2360E+03  0.6558E-01
  0.2370E+03  0.5790E-01
  0.2380E+03  0.6990E-01
  0.2390E+03  0.5231E-01
  0.2400E+03  0.5146E-01
  0.2410E+03  0.5943E-01
  0.2420E+03  0.5091E-01
  0.2430E+03  0.5065E-01
  0.2440E+03  0.4962E-01
  0.2450E+03  0.4420E-01
  0.2460E+03  0.4361E-01
  0.2470E+03  0.4574E-01
  0.2480E+03  0.3947E-01
  0.2490E+03  0.4401E-01
  0.2500E+03  0.3938E-01
  0.2510E+03  0.3944E-01
  0.2520E+03  0.3595E-01
  0.2530E+03  0.3616E-01
  0.2540E+03  0.3975E-01
  0.2550E+03  0.3172E-01
  0.2560E+03  0.3745E-01
  0.2570E+03  0.3461E-01
  0.2580E+03  0.3430E-01
  0.2590E+03  0.3710E-01
  0.2600E+03  0.3251E-01
  0.2610E+03  0.3358E-01
  0.2620E+03  0.3327E-01
  0.2630E+03  0.3220E-01
  0.2640E+03  0.3471E-01
  0.2650E+03  0.2353E-01
  0.2660E+03  0.2679E-01
  0.2670E+03  0.2858E-01
  0.2680E+03  0.2521E-01
  0.2690E+03  0.2253E-01
  0.2700E+03  0.2644E-01
  0.2710E+03  0.2411E-01
  0.2720E+03  0.2608E-01
  0.2730E+03  0.2384E-01
  0.2740E+03  0.2057E-01
  0.2750E+03  0.2348E-01
  0.2760E+03  0.2472E-01
  0.2770E+03  0.2647E-01
  0.2780E+03  0.2056E-01
  0.2790E+03  0.2472E-01
  0.2800E+03  0.2032E-01
  0.2810E+03  0.2251E-01
  0.2820E+03  0.2169E-01
  0.2830E+03  0.2231E-01
  0.2840E+03  0.2505E-01
  0.2850E+03  0.1849E-01
  0.2860E+03  0.1831E-01
  0.2870E+03  0.1732E-01
  0.2880E+03  0.1759E-01
  0.2890E+03  0.2172E-01
  0.2900E+03  0.2098E-01
  0.2910E+03  0.2212E-01
  0.2920E+03  0.2218E-01
  0.2930E+03  0.2127E-01
  0.2940E+03  0.2201E-01
  0.2950E+03  0.1900E-01
  0.2960E+03  0.2231E-01
  0.2970E+03  0.2060E-01
  0.2980E+03  0.1757E-01
  0.2990E+03  0.1867E-01
  0.3000E+03  0.2008E-01
  0.3010E+03  0.1925E-01
  0.3020E+03  0.2140E-01
  0.3030E+03  0.2127E-01
  0.3040E+03  0.1625E-01
  0.3050E+03  0.2010E-01
  0.3060E+03  0.1581E-01
  0.3070E+03  0.1917E-01
  0.3080E+03  0.1619E-01
  0.3090E+03  0.1644E-01
  0.3100E+03  0.1762E-01
  0.3110E+03  0.1725E-01
  0.3120E+03  0.1560E-01
  0.3130E+03  0.1807E-01
  0.3140E+03  0.1831E-01
  0.3150E+03  0.1701E-01
  0.3160E+03  0.1647E-01
  0.3170E+03  0.1639E-01
  0.3180E+03  0.1618E-01
  0.3190E+03  0.1431E-01
  0.3200E+03  0.1755E-01
  0.3210E+03  0.1793E-01
  0.3220E+03  0.1591E-01
  0.3230E+03  0.1694E-01
  0.3240E+03  0.1782E-01
  0.3250E+03  0.1725E-01
  0.3260E+03  0.1679E-01
  0.3270E+03  0.1586E-01
  0.3280E+03  0.1661E-01
  0.3290E+03  0.1342E-01
  0.3300E+03  0.1807E-01
  0.3310E+03  0.1450E-01
  0.3320E+03  0.1278E-01
  0.3330E+03  0.1537E-01
  0.3340E+03  0.1361E-01
  0.3350E+03  0.1354E-01
  0.3360E+03  0.1386E-01
  0.3370E+03  0.1753E-01
  0.3380E+03  0.1478E-01
  0.3390E+03  0.1492E-01
  0.3400E+03  0.1206E-01
  0.3410E+03  0.1401E-01
  0.3420E+03  0.1421E-01
  0.3430E+03  0.1308E-01
  0.3440E+03  0.1262E-01
  0.3450E+03  0.1538E-01
  0.3460E+03  0.1693E-01
  0.3470E+03  0.1159E-01
  0.3480E+03  0.1614E-01
  0.3490E+03  0.1182E-01
  0.3500E+03  0.1572E-01
  0.3510E+03  0.1369E-01
  0.3520E+03  0.1026E-01
  0.3530E+03  0.1400E-01
  0.3540E+03  0.1395E-01
  0.3550E+03  0.1489E-01
  0.3560E+03  0.1253E-01
  0.3570E+03  0.1314E-01
  0.3580E+03  0.1333E-01
  0.3590E+03  0.1455E-01
  0.3600E+03  0.1012E-01
  0.3610E+03  0.1275E-01
  0.3620E+03  0.1241E-01
  0.3630E+03  0.1139E-01
  0.3640E+03  0.1041E-01
  0.3650E+03  0.1325E-01
  0.3660E+03  0.1240E-01
  0.3670E+03  0.1266E-01
  0.3680E+03  0.1040E-01
  0.3690E+03  0.1359E-01
  0.3700E+03  0.1353E-01
  0.3710E+03  0.1093E-01
  0.3720E+03  0.1093E-01
  0.3730E+03  0.9193E-02
  0.3740E+03  0.1114E-01
  0.3750E+03  0.1044E-01
  0.3760E+03  0.9203E-02
  0.3770E+03  0.1103E-01
  0.3780E+03  0.1157E-01
  0.3790E+03  0.9955E-02
  0.3800E+03  0.1188E-01
  0.3810E+03  0.9596E-02
  0.3820E+03  0.8893E-02
  0.3830E+03  0.1065E-01
  0.3840E+03  0.8761E-02
  0.3850E+03  0.8196E-02
  0.3860E+03  0.1015E-01
  0.3870E+03  0.9087E-02
  0.3880E+03  0.1049E-01
  0.3890E+03  0.9219E-02
  0.3900E+03  0.9081E-02
  0.3910E+03  0.8414E-02
  0.3920E+03  0.8370E-02
  0.3930E+03  0.7325E-02
  0.3940E+03  0.9672E-02
  0.3950E+03  0.9483E-02
  0.3960E+03  0.7616E-02
  0.3970E+03  0.8232E-02
  0.3980E+03  0.1032E-01
  0.3990E+03  0.9120E-02
  0.4000E+03  0.8405E-02
  0.4010E+03  0.7636E-02
  0.4020E+03  0.1024E-01
  0.4030E+03  0.7547E-02
  0.4040E+03  0.1053E-01
  0.4050E+03  0.9279E-02
  0.4060E+03  0.7794E-02
  0.4070E+03  0.7380E-02
  0.4080E+03  0.5296E-02
  0.4090E+03  0.8951E-02
  0.4100E+03  0.8370E-02
  0.4110E+03  0.8540E-02
  0.4120E+03  0.1105E-01
  0.4130E+03  0.7893E-02
  0.4140E+03  0.7339E-02
  0.4150E+03  0.5685E-02
  0.4160E+03  0.6356E-02
  0.4170E+03  0.5987E-02
  0.4180E+03  0.4728E-02
  0.4190E+03  0.8478E-02
  0.4200E+03  0.7681E-02
  0.4210E+03  0.6643E-02
  0.4220E+03  0.6772E-02
  0.4230E+03  0.6043E-02
  0.4240E+03  0.5621E-02
  0.4250E+03  0.6625E-02
  0.4260E+03  0.6842E-02
  0.4270E+03  0.6692E-02
  0.4280E+03  0.7496E-02
  0.4290E+03  0.6438E-02
  0.4300E+03  0.6369E-02
  0.4310E+03  0.7360E-02
  0.4320E+03  0.6741E-02
  0.4330E+03  0.6612E-02
  0.4340E+03  0.5148E-02
  0.4350E+03  0.7409E-02
  0.4360E+03  0.6341E-02
  0.4370E+03  0.2218E-02
  0.4380E+03  0.5874E-02
  0.4390E+03  0.5474E-02
  0.4400E+03  0.6326E-02
  0.4410E+03  0.5751E-02
  0.4420E+03  0.7449E-02
  0.4430E+03  0.4387E-02
  0.4440E+03  0.3370E-02
  0.4450E+03  0.5801E-02
  0.4460E+03  0.4382E-02
  0.4470E+03  0.3569E-02
  0.4480E+03  0.4506E-02
  0.4490E+03  0.5426E-02
  0.4500E+03  0.4733E-02
  0.4510E+03  0.3770E-02
  0.4520E+03  0.5296E-02
  0.4530E+03  0.5792E-02
  0.4540E+03  0.3826E-02
  0.4550E+03  0.4022E-02
  0.4560E+03  0.4783E-02
  0.4570E+03  0.4926E-02
  0.4580E+03  0.4399E-02
  0.4590E+03  0.4399E-02
  0.4600E+03  0.4599E-02
  0.4610E+03  0.4251E-02
  0.4620E+03  0.3511E-02
  0.4630E+03  0.3156E-02
  0.4640E+03  0.4134E-02
  0.4650E+03  0.3986E-02
  0.4660E+03  0.5877E-02
  0.4670E+03  0.4459E-02
  0.4680E+03  0.3925E-02
  0.4690E+03  0.6071E-02
  0.4700E+03  0.5264E-02
  0.4710E+03  0.5664E-02
  0.4720E+03  0.5198E-02
  0.4730E+03  0.4818E-02
  0.4740E+03  0.3671E-02
  0.4750E+03  0.5047E-02
  0.4760E+03  0.2989E-02
  0.4770E+03  0.3683E-02
  0.4780E+03  0.3981E-02
  0.4790E+03  0.3828E-02
  0.4800E+03  0.4883E-02
  0.4810E+03  0.2986E-02
  0.4820E+03  0.5526E-02
  0.4830E+03  0.2582E-02
  0.4840E+03  0.2226E-02
  0.4850E+03  0.3121E-02
  0.4860E+03  0.3963E-02
  0.4870E+03  0.4678E-02
  0.4880E+03  0.5017E-02
  0.4890E+03  0.3809E-02
  0.4900E+03  0.4146E-02
  0.4910E+03  0.2639E-02
  0.4920E+03  0.3137E-02
  0.4930E+03  0.4041E-02
  0.4940E+03  0.4542E-02
  0.4950E+03  0.3393E-02
  0.4960E+03  0.4376E-02
  0.4970E+03  0.3444E-02
  0.4980E+03  0.3787E-02
  0.4990E+03  0.2594E-02
  0.5000E+03  0.2536E-02
  0.5010E+03  0.1969E-02
  0.5020E+03  0.3154E-02
  0.5030E+03  0.3813E-02
  0.5040E+03  0.3378E-02
  0.5050E+03  0.3997E-02
  0.5060E+03  0.2516E-02
  0.5070E+03  0.3162E-02
  0.5080E+03  0.3450E-02
  0.5090E+03  0.2697E-02
  0.5100E+03  0.1835E-02
  0.5110E+03  0.0000E+00
  0.5120E+03  0.0000E+00
