  0.1000E+01  0.2145E+01
  0.2000E+01  0.7292E+01
  0.3000E+01  0.5526E+01
  0.4000E+01  0.1972E+01
  0.5000E+01  0.1422E+01
  0.6000E+01  0.1288E+01
  0.7000E+01  0.1183E+01
  0.8000E+01  0.1131E+01
  0.9000E+01  0.9891E+00
  0.1000E+02  0.9376E+00
  0.1100E+02  0.8157E+00
  0.1200E+02  0.7451E+00
  0.1300E+02  0.6903E+00
  0.1400E+02  0.6497E+00
  0.1500E+02  0.5961E+00
  0.1600E+02  0.5303E+00
  0.1700E+02  0.4169E+00
  0.1800E+02  0.4153E+00
  0.1900E+02  0.5492E+00
  0.2000E+02  0.1683E+01
  0.2100E+02  0.6993E+01
  0.2200E+02  0.2682E+02
  0.2300E+02  0.8284E+02
  0.2400E+02  0.2051E+03
  0.2500E+02  0.4041E+03
  0.2600E+02  0.6315E+03
  0.2700E+02  0.7893E+03
  0.2800E+02  0.8004E+03
  0.2900E+02  0.6755E+03
  0.3000E+02  0.4993E+03
  0.3100E+02  0.3432E+03
  0.3200E+02  0.2318E+03
  0.3300E+02  0.1499E+03
  0.3400E+02  0.8794E+02
  0.3500E+02  0.4477E+02
  0.3600E+02  0.1941E+02
  0.3700E+02  0.7295E+01
  0.3800E+02  0.2733E+01
  0.3900E+02  0.1549E+01
  0.4000E+02  0.1517E+01
  0.4100E+02  0.1956E+01
  0.4200E+02  0.2335E+01
  0.4300E+02  0.2817E+01
  0.4400E+02  0.3118E+01
  0.4500E+02  0.3666E+01
  0.4600E+02  0.3762E+01
  0.4700E+02  0.4129E+01
  0.4800E+02  0.4254E+01
  0.4900E+02  0.4405E+01
  0.5000E+02  0.4539E+01
  0.5100E+02  0.4830E+01
  0.5200E+02  0.5167E+01
  0.5300E+02  0.5420E+01
  0.5400E+02  0.5920E+01
  0.5500E+02  0.6066E+01
  0.5600E+02  0.6130E+01
  0.5700E+02  0.6169E+01
  0.5800E+02  0.5965E+01
  0.5900E+02  0.5480E+01
  0.6000E+02  0.4806E+01
  0.6100E+02  0.4226E+01
  0.6200E+02  0.3333E+01
  0.6300E+02  0.2733E+01
  0.6400E+02  0.2286E+01
  0.6500E+02  0.2163E+01
  0.6600E+02  0.2336E+01
  0.6700E+02  0.2813E+01
  0.6800E+02  0.3882E+01
  0.6900E+02  0.5099E+01
  0.7000E+02  0.6814E+01
  0.7100E+02  0.7975E+01
  0.7200E+02  0.9364E+01
  0.7300E+02  0.1023E+02
  0.7400E+02  0.1098E+02
  0.7500E+02  0.1089E+02
  0.7600E+02  0.1015E+02
  0.7700E+02  0.8926E+01
  0.7800E+02  0.7771E+01
  0.7900E+02  0.6983E+01
  0.8000E+02  0.5778E+01
  0.8100E+02  0.4741E+01
  0.8200E+02  0.4554E+01
  0.8300E+02  0.4124E+01
  0.8400E+02  0.4077E+01
  0.8500E+02  0.3821E+01
  0.8600E+02  0.3541E+01
  0.8700E+02  0.3484E+01
  0.8800E+02  0.2910E+01
  0.8900E+02  0.2593E+01
  0.9000E+02  0.2174E+01
  0.9100E+02  0.1716E+01
  0.9200E+02  0.1353E+01
  0.9300E+02  0.9812E+00
  0.9400E+02  0.8306E+00
  0.9500E+02  0.6897E+00
  0.9600E+02  0.5053E+00
  0.9700E+02  0.4535E+00
  0.9800E+02  0.4293E+00
  0.9900E+02  0.3730E+00
  0.1000E+03  0.3448E+00
  0.1010E+03  0.3357E+00
  0.1020E+03  0.3070E+00
  0.1030E+03  0.2991E+00
  0.1040E+03  0.2990E+00
  0.1050E+03  0.2967E+00
  0.1060E+03  0.3125E+00
  0.1070E+03  0.2775E+00
  0.1080E+03  0.2906E+00
  0.1090E+03  0.2940E+00
  0.1100E+03  0.3333E+00
  0.1110E+03  0.3709E+00
  0.1120E+03  0.4273E+00
  0.1130E+03  0.4844E+00
  0.1140E+03  0.5854E+00
  0.1150E+03  0.7480E+00
  0.1160E+03  0.9592E+00
  0.1170E+03  0.1220E+01
  0.1180E+03  0.1568E+01
  0.1190E+03  0.1960E+01
  0.1200E+03  0.2450E+01
  0.1210E+03  0.2980E+01
  0.1220E+03  0.3537E+01
  0.1230E+03  0.4190E+01
  0.1240E+03  0.4849E+01
  0.1250E+03  0.5470E+01
  0.1260E+03  0.5993E+01
  0.1270E+03  0.6514E+01
  0.1280E+03  0.6906E+01
  0.1290E+03  0.7210E+01
  0.1300E+03  0.7324E+01
  0.1310E+03  0.7459E+01
  0.1320E+03  0.7337E+01
  0.1330E+03  0.7149E+01
  0.1340E+03  0.7007E+01
  0.1350E+03  0.6988E+01
  0.1360E+03  0.6953E+01
  0.1370E+03  0.7234E+01
  0.1380E+03  0.7825E+01
  0.1390E+03  0.9005E+01
  0.1400E+03  0.1093E+02
  0.1410E+03  0.1379E+02
  0.1420E+03  0.1792E+02
  0.1430E+03  0.2347E+02
  0.1440E+03  0.3115E+02
  0.1450E+03  0.4122E+02
  0.1460E+03  0.5366E+02
  0.1470E+03  0.6845E+02
  0.1480E+03  0.8637E+02
  0.1490E+03  0.1070E+03
  0.1500E+03  0.1303E+03
  0.1510E+03  0.1547E+03
  0.1520E+03  0.1808E+03
  0.1530E+03  0.2074E+03
  0.1540E+03  0.2321E+03
  0.1550E+03  0.2549E+03
  0.1560E+03  0.2741E+03
  0.1570E+03  0.2887E+03
  0.1580E+03  0.2980E+03
  0.1590E+03  0.2999E+03
  0.1600E+03  0.2966E+03
  0.1610E+03  0.2876E+03
  0.1620E+03  0.2721E+03
  0.1630E+03  0.2520E+03
  0.1640E+03  0.2288E+03
  0.1650E+03  0.2036E+03
  0.1660E+03  0.1770E+03
  0.1670E+03  0.1507E+03
  0.1680E+03  0.1258E+03
  0.1690E+03  0.1025E+03
  0.1700E+03  0.8198E+02
  0.1710E+03  0.6439E+02
  0.1720E+03  0.4913E+02
  0.1730E+03  0.3690E+02
  0.1740E+03  0.2725E+02
  0.1750E+03  0.1954E+02
  0.1760E+03  0.1370E+02
  0.1770E+03  0.9429E+01
  0.1780E+03  0.6359E+01
  0.1790E+03  0.4278E+01
  0.1800E+03  0.2818E+01
  0.1810E+03  0.1807E+01
  0.1820E+03  0.1155E+01
  0.1830E+03  0.7438E+00
  0.1840E+03  0.4863E+00
  0.1850E+03  0.3350E+00
  0.1860E+03  0.2320E+00
  0.1870E+03  0.1712E+00
  0.1880E+03  0.1441E+00
  0.1890E+03  0.1273E+00
  0.1900E+03  0.1115E+00
  0.1910E+03  0.1159E+00
  0.1920E+03  0.1093E+00
  0.1930E+03  0.1051E+00
  0.1940E+03  0.1019E+00
  0.1950E+03  0.9007E-01
  0.1960E+03  0.8529E-01
  0.1970E+03  0.8953E-01
  0.1980E+03  0.7613E-01
  0.1990E+03  0.7137E-01
  0.2000E+03  0.6807E-01
  0.2010E+03  0.6215E-01
  0.2020E+03  0.5838E-01
  0.2030E+03  0.5327E-01
  0.2040E+03  0.4606E-01
  0.2050E+03  0.3821E-01
  0.2060E+03  0.4574E-01
  0.2070E+03  0.3478E-01
  0.2080E+03  0.3998E-01
  0.2090E+03  0.2862E-01
  0.2100E+03  0.2586E-01
  0.2110E+03  0.2983E-01
  0.2120E+03  0.2619E-01
  0.2130E+03  0.2812E-01
  0.2140E+03  0.2710E-01
  0.2150E+03  0.2399E-01
  0.2160E+03  0.2585E-01
  0.2170E+03  0.2052E-01
  0.2180E+03  0.2136E-01
  0.2190E+03  0.2267E-01
  0.2200E+03  0.2006E-01
  0.2210E+03  0.2251E-01
  0.2220E+03  0.2000E-01
  0.2230E+03  0.2505E-01
  0.2240E+03  0.2807E-01
  0.2250E+03  0.3033E-01
  0.2260E+03  0.3213E-01
  0.2270E+03  0.2735E-01
  0.2280E+03  0.2966E-01
  0.2290E+03  0.3488E-01
  0.2300E+03  0.3828E-01
  0.2310E+03  0.4955E-01
  0.2320E+03  0.5344E-01
  0.2330E+03  0.5628E-01
  0.2340E+03  0.5214E-01
  0.2350E+03  0.5741E-01
  0.2360E+03  0.6789E-01
  0.2370E+03  0.7605E-01
  0.2380E+03  0.7865E-01
  0.2390E+03  0.8597E-01
  0.2400E+03  0.1000E+00
  0.2410E+03  0.9707E-01
  0.2420E+03  0.1083E+00
  0.2430E+03  0.1229E+00
  0.2440E+03  0.1220E+00
  0.2450E+03  0.1278E+00
  0.2460E+03  0.1209E+00
  0.2470E+03  0.1312E+00
  0.2480E+03  0.1428E+00
  0.2490E+03  0.1310E+00
  0.2500E+03  0.1222E+00
  0.2510E+03  0.1268E+00
  0.2520E+03  0.1213E+00
  0.2530E+03  0.1341E+00
  0.2540E+03  0.1090E+00
  0.2550E+03  0.1164E+00
  0.2560E+03  0.1160E+00
  0.2570E+03  0.1068E+00
  0.2580E+03  0.1050E+00
  0.2590E+03  0.9927E-01
  0.2600E+03  0.9712E-01
  0.2610E+03  0.9475E-01
  0.2620E+03  0.9028E-01
  0.2630E+03  0.9071E-01
  0.2640E+03  0.9450E-01
  0.2650E+03  0.9581E-01
  0.2660E+03  0.8847E-01
  0.2670E+03  0.9665E-01
  0.2680E+03  0.1034E+00
  0.2690E+03  0.9869E-01
  0.2700E+03  0.1044E+00
  0.2710E+03  0.1131E+00
  0.2720E+03  0.1110E+00
  0.2730E+03  0.1174E+00
  0.2740E+03  0.1159E+00
  0.2750E+03  0.1287E+00
  0.2760E+03  0.1253E+00
  0.2770E+03  0.1307E+00
  0.2780E+03  0.1382E+00
  0.2790E+03  0.1235E+00
  0.2800E+03  0.1378E+00
  0.2810E+03  0.1415E+00
  0.2820E+03  0.1378E+00
  0.2830E+03  0.1353E+00
  0.2840E+03  0.1418E+00
  0.2850E+03  0.1397E+00
  0.2860E+03  0.1310E+00
  0.2870E+03  0.1194E+00
  0.2880E+03  0.1190E+00
  0.2890E+03  0.1247E+00
  0.2900E+03  0.1133E+00
  0.2910E+03  0.1041E+00
  0.2920E+03  0.1128E+00
  0.2930E+03  0.1031E+00
  0.2940E+03  0.9762E-01
  0.2950E+03  0.9007E-01
  0.2960E+03  0.8919E-01
  0.2970E+03  0.8430E-01
  0.2980E+03  0.8449E-01
  0.2990E+03  0.8303E-01
  0.3000E+03  0.7890E-01
  0.3010E+03  0.7489E-01
  0.3020E+03  0.7386E-01
  0.3030E+03  0.8064E-01
  0.3040E+03  0.7874E-01
  0.3050E+03  0.7492E-01
  0.3060E+03  0.8324E-01
  0.3070E+03  0.7420E-01
  0.3080E+03  0.8049E-01
  0.3090E+03  0.7648E-01
  0.3100E+03  0.8382E-01
  0.3110E+03  0.8529E-01
  0.3120E+03  0.8208E-01
  0.3130E+03  0.9097E-01
  0.3140E+03  0.9976E-01
  0.3150E+03  0.8102E-01
  0.3160E+03  0.9411E-01
  0.3170E+03  0.8941E-01
  0.3180E+03  0.9177E-01
  0.3190E+03  0.1003E+00
  0.3200E+03  0.9720E-01
  0.3210E+03  0.9900E-01
  0.3220E+03  0.1125E+00
  0.3230E+03  0.1091E+00
  0.3240E+03  0.1108E+00
  0.3250E+03  0.1148E+00
  0.3260E+03  0.1138E+00
  0.3270E+03  0.1199E+00
  0.3280E+03  0.1312E+00
  0.3290E+03  0.1326E+00
  0.3300E+03  0.1411E+00
  0.3310E+03  0.1379E+00
  0.3320E+03  0.1454E+00
  0.3330E+03  0.1463E+00
  0.3340E+03  0.1596E+00
  0.3350E+03  0.1610E+00
  0.3360E+03  0.1686E+00
  0.3370E+03  0.1659E+00
  0.3380E+03  0.1468E+00
  0.3390E+03  0.1474E+00
  0.3400E+03  0.1527E+00
  0.3410E+03  0.1773E+00
  0.3420E+03  0.1859E+00
  0.3430E+03  0.1709E+00
  0.3440E+03  0.1669E+00
  0.3450E+03  0.1571E+00
  0.3460E+03  0.1574E+00
  0.3470E+03  0.1637E+00
  0.3480E+03  0.1682E+00
  0.3490E+03  0.1602E+00
  0.3500E+03  0.1546E+00
  0.3510E+03  0.1531E+00
  0.3520E+03  0.1464E+00
  0.3530E+03  0.1497E+00
  0.3540E+03  0.1434E+00
  0.3550E+03  0.1170E+00
  0.3560E+03  0.1283E+00
  0.3570E+03  0.1265E+00
  0.3580E+03  0.1214E+00
  0.3590E+03  0.1068E+00
  0.3600E+03  0.1088E+00
  0.3610E+03  0.9628E-01
  0.3620E+03  0.8740E-01
  0.3630E+03  0.7967E-01
  0.3640E+03  0.8313E-01
  0.3650E+03  0.7171E-01
  0.3660E+03  0.6273E-01
  0.3670E+03  0.6506E-01
  0.3680E+03  0.6632E-01
  0.3690E+03  0.5237E-01
  0.3700E+03  0.4903E-01
  0.3710E+03  0.4528E-01
  0.3720E+03  0.4692E-01
  0.3730E+03  0.4353E-01
  0.3740E+03  0.5048E-01
  0.3750E+03  0.2704E-01
  0.3760E+03  0.3464E-01
  0.3770E+03  0.4075E-01
  0.3780E+03  0.2960E-01
  0.3790E+03  0.2461E-01
  0.3800E+03  0.2404E-01
  0.3810E+03  0.2522E-01
  0.3820E+03  0.2640E-01
  0.3830E+03  0.1864E-01
  0.3840E+03  0.1789E-01
  0.3850E+03  0.2047E-01
  0.3860E+03  0.1550E-01
  0.3870E+03  0.2090E-01
  0.3880E+03  0.1633E-01
  0.3890E+03  0.1739E-01
  0.3900E+03  0.1815E-01
  0.3910E+03  0.1801E-01
  0.3920E+03  0.1711E-01
  0.3930E+03  0.1742E-01
  0.3940E+03  0.1493E-01
  0.3950E+03  0.1666E-01
  0.3960E+03  0.1329E-01
  0.3970E+03  0.1526E-01
  0.3980E+03  0.1465E-01
  0.3990E+03  0.1919E-01
  0.4000E+03  0.1638E-01
  0.4010E+03  0.1782E-01
  0.4020E+03  0.2430E-01
  0.4030E+03  0.2196E-01
  0.4040E+03  0.2213E-01
  0.4050E+03  0.2434E-01
  0.4060E+03  0.2747E-01
  0.4070E+03  0.2672E-01
  0.4080E+03  0.2704E-01
  0.4090E+03  0.3616E-01
  0.4100E+03  0.3552E-01
  0.4110E+03  0.3958E-01
  0.4120E+03  0.4026E-01
  0.4130E+03  0.4504E-01
  0.4140E+03  0.4608E-01
  0.4150E+03  0.5806E-01
  0.4160E+03  0.5508E-01
  0.4170E+03  0.5771E-01
  0.4180E+03  0.6934E-01
  0.4190E+03  0.6861E-01
  0.4200E+03  0.6918E-01
  0.4210E+03  0.6879E-01
  0.4220E+03  0.8129E-01
  0.4230E+03  0.8795E-01
  0.4240E+03  0.9520E-01
  0.4250E+03  0.9429E-01
  0.4260E+03  0.1112E+00
  0.4270E+03  0.1109E+00
  0.4280E+03  0.1163E+00
  0.4290E+03  0.1193E+00
  0.4300E+03  0.1372E+00
  0.4310E+03  0.1428E+00
  0.4320E+03  0.1369E+00
  0.4330E+03  0.1361E+00
  0.4340E+03  0.1482E+00
  0.4350E+03  0.1342E+00
  0.4360E+03  0.1468E+00
  0.4370E+03  0.1656E+00
  0.4380E+03  0.1451E+00
  0.4390E+03  0.1458E+00
  0.4400E+03  0.1474E+00
  0.4410E+03  0.1430E+00
  0.4420E+03  0.1418E+00
  0.4430E+03  0.1447E+00
  0.4440E+03  0.1539E+00
  0.4450E+03  0.1368E+00
  0.4460E+03  0.1389E+00
  0.4470E+03  0.1301E+00
  0.4480E+03  0.1299E+00
  0.4490E+03  0.1382E+00
  0.4500E+03  0.1169E+00
  0.4510E+03  0.1191E+00
  0.4520E+03  0.1158E+00
  0.4530E+03  0.1125E+00
  0.4540E+03  0.1039E+00
  0.4550E+03  0.1018E+00
  0.4560E+03  0.9161E-01
  0.4570E+03  0.9572E-01
  0.4580E+03  0.8769E-01
  0.4590E+03  0.7026E-01
  0.4600E+03  0.6905E-01
  0.4610E+03  0.6175E-01
  0.4620E+03  0.6650E-01
  0.4630E+03  0.5954E-01
  0.4640E+03  0.5780E-01
  0.4650E+03  0.4939E-01
  0.4660E+03  0.5182E-01
  0.4670E+03  0.4484E-01
  0.4680E+03  0.4315E-01
  0.4690E+03  0.4163E-01
  0.4700E+03  0.3868E-01
  0.4710E+03  0.3825E-01
  0.4720E+03  0.3761E-01
  0.4730E+03  0.3782E-01
  0.4740E+03  0.3752E-01
  0.4750E+03  0.2995E-01
  0.4760E+03  0.3604E-01
  0.4770E+03  0.3558E-01
  0.4780E+03  0.3692E-01
  0.4790E+03  0.5325E-01
  0.4800E+03  0.4845E-01
  0.4810E+03  0.4681E-01
  0.4820E+03  0.5324E-01
  0.4830E+03  0.5741E-01
  0.4840E+03  0.5516E-01
  0.4850E+03  0.5537E-01
  0.4860E+03  0.7025E-01
  0.4870E+03  0.7036E-01
  0.4880E+03  0.8298E-01
  0.4890E+03  0.8886E-01
  0.4900E+03  0.9311E-01
  0.4910E+03  0.9783E-01
  0.4920E+03  0.9587E-01
  0.4930E+03  0.1025E+00
  0.4940E+03  0.1103E+00
  0.4950E+03  0.1207E+00
  0.4960E+03  0.1214E+00
  0.4970E+03  0.1395E+00
  0.4980E+03  0.1351E+00
  0.4990E+03  0.1551E+00
  0.5000E+03  0.1525E+00
  0.5010E+03  0.1659E+00
  0.5020E+03  0.1649E+00
  0.5030E+03  0.1894E+00
  0.5040E+03  0.2084E+00
  0.5050E+03  0.2055E+00
  0.5060E+03  0.2231E+00
  0.5070E+03  0.2270E+00
  0.5080E+03  0.2376E+00
  0.5090E+03  0.2547E+00
  0.5100E+03  0.2610E+00
  0.5110E+03  0.0000E+00
  0.5120E+03  0.0000E+00
