  0.1000E+01  0.6989E+01
  0.2000E+01  0.7802E+01
  0.3000E+01  0.7907E+01
  0.4000E+01  0.8815E+01
  0.5000E+01  0.8270E+01
  0.6000E+01  0.8540E+01
  0.7000E+01  0.8581E+01
  0.8000E+01  0.8917E+01
  0.9000E+01  0.8915E+01
  0.1000E+02  0.8625E+01
  0.1100E+02  0.8628E+01
  0.1200E+02  0.8822E+01
  0.1300E+02  0.8456E+01
  0.1400E+02  0.8577E+01
  0.1500E+02  0.8879E+01
  0.1600E+02  0.8501E+01
  0.1700E+02  0.8985E+01
  0.1800E+02  0.8510E+01
  0.1900E+02  0.8673E+01
  0.2000E+02  0.8700E+01
  0.2100E+02  0.8380E+01
  0.2200E+02  0.8635E+01
  0.2300E+02  0.8346E+01
  0.2400E+02  0.8102E+01
  0.2500E+02  0.8279E+01
  0.2600E+02  0.8430E+01
  0.2700E+02  0.8597E+01
  0.2800E+02  0.8332E+01
  0.2900E+02  0.8225E+01
  0.3000E+02  0.8095E+01
  0.3100E+02  0.8553E+01
  0.3200E+02  0.8288E+01
  0.3300E+02  0.8535E+01
  0.3400E+02  0.8508E+01
  0.3500E+02  0.8666E+01
  0.3600E+02  0.7891E+01
  0.3700E+02  0.8044E+01
  0.3800E+02  0.8345E+01
  0.3900E+02  0.8216E+01
  0.4000E+02  0.7998E+01
  0.4100E+02  0.8301E+01
  0.4200E+02  0.8372E+01
  0.4300E+02  0.8216E+01
  0.4400E+02  0.8156E+01
  0.4500E+02  0.8065E+01
  0.4600E+02  0.7919E+01
  0.4700E+02  0.7970E+01
  0.4800E+02  0.8179E+01
  0.4900E+02  0.8374E+01
  0.5000E+02  0.8470E+01
  0.5100E+02  0.8885E+01
  0.5200E+02  0.9304E+01
  0.5300E+02  0.9310E+01
  0.5400E+02  0.8981E+01
  0.5500E+02  0.9515E+01
  0.5600E+02  0.9934E+01
  0.5700E+02  0.9940E+01
  0.5800E+02  0.1027E+02
  0.5900E+02  0.1055E+02
  0.6000E+02  0.1016E+02
  0.6100E+02  0.1088E+02
  0.6200E+02  0.1121E+02
  0.6300E+02  0.1086E+02
  0.6400E+02  0.1073E+02
  0.6500E+02  0.1103E+02
  0.6600E+02  0.1168E+02
  0.6700E+02  0.1128E+02
  0.6800E+02  0.1133E+02
  0.6900E+02  0.1177E+02
  0.7000E+02  0.1204E+02
  0.7100E+02  0.1233E+02
  0.7200E+02  0.1202E+02
  0.7300E+02  0.1265E+02
  0.7400E+02  0.1269E+02
  0.7500E+02  0.1348E+02
  0.7600E+02  0.1335E+02
  0.7700E+02  0.1347E+02
  0.7800E+02  0.1330E+02
  0.7900E+02  0.1319E+02
  0.8000E+02  0.1365E+02
  0.8100E+02  0.1333E+02
  0.8200E+02  0.1287E+02
  0.8300E+02  0.1333E+02
  0.8400E+02  0.1379E+02
  0.8500E+02  0.1383E+02
  0.8600E+02  0.1385E+02
  0.8700E+02  0.1352E+02
  0.8800E+02  0.1367E+02
  0.8900E+02  0.1332E+02
  0.9000E+02  0.1312E+02
  0.9100E+02  0.1350E+02
  0.9200E+02  0.1347E+02
  0.9300E+02  0.1320E+02
  0.9400E+02  0.1338E+02
  0.9500E+02  0.1315E+02
  0.9600E+02  0.1374E+02
  0.9700E+02  0.1330E+02
  0.9800E+02  0.1329E+02
  0.9900E+02  0.1370E+02
  0.1000E+03  0.1334E+02
  0.1010E+03  0.1360E+02
  0.1020E+03  0.1375E+02
  0.1030E+03  0.1369E+02
  0.1040E+03  0.1287E+02
  0.1050E+03  0.1385E+02
  0.1060E+03  0.1382E+02
  0.1070E+03  0.1351E+02
  0.1080E+03  0.1369E+02
  0.1090E+03  0.1375E+02
  0.1100E+03  0.1407E+02
  0.1110E+03  0.1380E+02
  0.1120E+03  0.1398E+02
  0.1130E+03  0.1423E+02
  0.1140E+03  0.1368E+02
  0.1150E+03  0.1405E+02
  0.1160E+03  0.1416E+02
  0.1170E+03  0.1384E+02
  0.1180E+03  0.1454E+02
  0.1190E+03  0.1478E+02
  0.1200E+03  0.1430E+02
  0.1210E+03  0.1498E+02
  0.1220E+03  0.1522E+02
  0.1230E+03  0.1494E+02
  0.1240E+03  0.1480E+02
  0.1250E+03  0.1571E+02
  0.1260E+03  0.1531E+02
  0.1270E+03  0.1542E+02
  0.1280E+03  0.1598E+02
  0.1290E+03  0.1557E+02
  0.1300E+03  0.1570E+02
  0.1310E+03  0.1615E+02
  0.1320E+03  0.1675E+02
  0.1330E+03  0.1617E+02
  0.1340E+03  0.1682E+02
  0.1350E+03  0.1603E+02
  0.1360E+03  0.1654E+02
  0.1370E+03  0.1664E+02
  0.1380E+03  0.1712E+02
  0.1390E+03  0.1724E+02
  0.1400E+03  0.1761E+02
  0.1410E+03  0.1710E+02
  0.1420E+03  0.1813E+02
  0.1430E+03  0.1769E+02
  0.1440E+03  0.1824E+02
  0.1450E+03  0.1870E+02
  0.1460E+03  0.1825E+02
  0.1470E+03  0.1906E+02
  0.1480E+03  0.1887E+02
  0.1490E+03  0.1913E+02
  0.1500E+03  0.1937E+02
  0.1510E+03  0.1952E+02
  0.1520E+03  0.1966E+02
  0.1530E+03  0.1992E+02
  0.1540E+03  0.2018E+02
  0.1550E+03  0.2007E+02
  0.1560E+03  0.2059E+02
  0.1570E+03  0.2116E+02
  0.1580E+03  0.2119E+02
  0.1590E+03  0.2098E+02
  0.1600E+03  0.2168E+02
  0.1610E+03  0.2225E+02
  0.1620E+03  0.2210E+02
  0.1630E+03  0.2266E+02
  0.1640E+03  0.2279E+02
  0.1650E+03  0.2223E+02
  0.1660E+03  0.2238E+02
  0.1670E+03  0.2214E+02
  0.1680E+03  0.2221E+02
  0.1690E+03  0.2286E+02
  0.1700E+03  0.2238E+02
  0.1710E+03  0.2239E+02
  0.1720E+03  0.2214E+02
  0.1730E+03  0.2253E+02
  0.1740E+03  0.2196E+02
  0.1750E+03  0.2142E+02
  0.1760E+03  0.2208E+02
  0.1770E+03  0.2149E+02
  0.1780E+03  0.2085E+02
  0.1790E+03  0.2042E+02
  0.1800E+03  0.1928E+02
  0.1810E+03  0.2018E+02
  0.1820E+03  0.1917E+02
  0.1830E+03  0.1907E+02
  0.1840E+03  0.1884E+02
  0.1850E+03  0.1771E+02
  0.1860E+03  0.1804E+02
  0.1870E+03  0.1707E+02
  0.1880E+03  0.1711E+02
  0.1890E+03  0.1657E+02
  0.1900E+03  0.1629E+02
  0.1910E+03  0.1617E+02
  0.1920E+03  0.1517E+02
  0.1930E+03  0.1530E+02
  0.1940E+03  0.1514E+02
  0.1950E+03  0.1495E+02
  0.1960E+03  0.1424E+02
  0.1970E+03  0.1406E+02
  0.1980E+03  0.1373E+02
  0.1990E+03  0.1311E+02
  0.2000E+03  0.1323E+02
  0.2010E+03  0.1284E+02
  0.2020E+03  0.1285E+02
  0.2030E+03  0.1219E+02
  0.2040E+03  0.1250E+02
  0.2050E+03  0.1194E+02
  0.2060E+03  0.1226E+02
  0.2070E+03  0.1155E+02
  0.2080E+03  0.1096E+02
  0.2090E+03  0.1147E+02
  0.2100E+03  0.1077E+02
  0.2110E+03  0.1048E+02
  0.2120E+03  0.1029E+02
  0.2130E+03  0.1006E+02
  0.2140E+03  0.9826E+01
  0.2150E+03  0.1002E+02
  0.2160E+03  0.9179E+01
  0.2170E+03  0.9093E+01
  0.2180E+03  0.9408E+01
  0.2190E+03  0.8715E+01
  0.2200E+03  0.8869E+01
  0.2210E+03  0.8462E+01
  0.2220E+03  0.8734E+01
  0.2230E+03  0.7944E+01
  0.2240E+03  0.7597E+01
  0.2250E+03  0.8040E+01
  0.2260E+03  0.8089E+01
  0.2270E+03  0.7757E+01
  0.2280E+03  0.7433E+01
  0.2290E+03  0.7040E+01
  0.2300E+03  0.7788E+01
  0.2310E+03  0.7509E+01
  0.2320E+03  0.7325E+01
  0.2330E+03  0.6927E+01
  0.2340E+03  0.6872E+01
  0.2350E+03  0.6734E+01
  0.2360E+03  0.7012E+01
  0.2370E+03  0.6690E+01
  0.2380E+03  0.6413E+01
  0.2390E+03  0.6431E+01
  0.2400E+03  0.6052E+01
  0.2410E+03  0.6260E+01
  0.2420E+03  0.5695E+01
  0.2430E+03  0.5892E+01
  0.2440E+03  0.6109E+01
  0.2450E+03  0.6018E+01
  0.2460E+03  0.6012E+01
  0.2470E+03  0.5461E+01
  0.2480E+03  0.5715E+01
  0.2490E+03  0.5856E+01
  0.2500E+03  0.6063E+01
  0.2510E+03  0.5282E+01
  0.2520E+03  0.5169E+01
  0.2530E+03  0.4984E+01
  0.2540E+03  0.5394E+01
  0.2550E+03  0.5179E+01
  0.2560E+03  0.4822E+01
  0.2570E+03  0.4700E+01
  0.2580E+03  0.4889E+01
  0.2590E+03  0.4629E+01
  0.2600E+03  0.4462E+01
  0.2610E+03  0.4507E+01
  0.2620E+03  0.4714E+01
  0.2630E+03  0.4630E+01
  0.2640E+03  0.4421E+01
  0.2650E+03  0.4627E+01
  0.2660E+03  0.4140E+01
  0.2670E+03  0.4252E+01
  0.2680E+03  0.4237E+01
  0.2690E+03  0.3988E+01
  0.2700E+03  0.4323E+01
  0.2710E+03  0.4066E+01
  0.2720E+03  0.3771E+01
  0.2730E+03  0.3889E+01
  0.2740E+03  0.4104E+01
  0.2750E+03  0.3892E+01
  0.2760E+03  0.3720E+01
  0.2770E+03  0.3569E+01
  0.2780E+03  0.3596E+01
  0.2790E+03  0.3868E+01
  0.2800E+03  0.3315E+01
  0.2810E+03  0.3748E+01
  0.2820E+03  0.3517E+01
  0.2830E+03  0.3531E+01
  0.2840E+03  0.3365E+01
  0.2850E+03  0.3257E+01
  0.2860E+03  0.3321E+01
  0.2870E+03  0.3335E+01
  0.2880E+03  0.3406E+01
  0.2890E+03  0.3201E+01
  0.2900E+03  0.3168E+01
  0.2910E+03  0.3082E+01
  0.2920E+03  0.3167E+01
  0.2930E+03  0.3071E+01
  0.2940E+03  0.3040E+01
  0.2950E+03  0.3016E+01
  0.2960E+03  0.2989E+01
  0.2970E+03  0.3036E+01
  0.2980E+03  0.2922E+01
  0.2990E+03  0.2889E+01
  0.3000E+03  0.2925E+01
  0.3010E+03  0.2747E+01
  0.3020E+03  0.2878E+01
  0.3030E+03  0.2812E+01
  0.3040E+03  0.2610E+01
  0.3050E+03  0.2508E+01
  0.3060E+03  0.2671E+01
  0.3070E+03  0.2604E+01
  0.3080E+03  0.2497E+01
  0.3090E+03  0.2564E+01
  0.3100E+03  0.2650E+01
  0.3110E+03  0.2282E+01
  0.3120E+03  0.2416E+01
  0.3130E+03  0.2462E+01
  0.3140E+03  0.2665E+01
  0.3150E+03  0.2341E+01
  0.3160E+03  0.2362E+01
  0.3170E+03  0.2136E+01
  0.3180E+03  0.2380E+01
  0.3190E+03  0.2037E+01
  0.3200E+03  0.2347E+01
  0.3210E+03  0.2384E+01
  0.3220E+03  0.2023E+01
  0.3230E+03  0.2173E+01
  0.3240E+03  0.2137E+01
  0.3250E+03  0.2008E+01
  0.3260E+03  0.2088E+01
  0.3270E+03  0.2127E+01
  0.3280E+03  0.1961E+01
  0.3290E+03  0.1802E+01
  0.3300E+03  0.2170E+01
  0.3310E+03  0.1922E+01
  0.3320E+03  0.1965E+01
  0.3330E+03  0.2050E+01
  0.3340E+03  0.1930E+01
  0.3350E+03  0.1708E+01
  0.3360E+03  0.1918E+01
  0.3370E+03  0.2054E+01
  0.3380E+03  0.1834E+01
  0.3390E+03  0.1690E+01
  0.3400E+03  0.1620E+01
  0.3410E+03  0.1823E+01
  0.3420E+03  0.1822E+01
  0.3430E+03  0.1805E+01
  0.3440E+03  0.1789E+01
  0.3450E+03  0.1671E+01
  0.3460E+03  0.1597E+01
  0.3470E+03  0.1529E+01
  0.3480E+03  0.1578E+01
  0.3490E+03  0.1520E+01
  0.3500E+03  0.1596E+01
  0.3510E+03  0.1502E+01
  0.3520E+03  0.1611E+01
  0.3530E+03  0.1561E+01
  0.3540E+03  0.1549E+01
  0.3550E+03  0.1395E+01
  0.3560E+03  0.1426E+01
  0.3570E+03  0.1435E+01
  0.3580E+03  0.1538E+01
  0.3590E+03  0.1617E+01
  0.3600E+03  0.1407E+01
  0.3610E+03  0.1542E+01
  0.3620E+03  0.1348E+01
  0.3630E+03  0.1405E+01
  0.3640E+03  0.1451E+01
  0.3650E+03  0.1301E+01
  0.3660E+03  0.1337E+01
  0.3670E+03  0.1420E+01
  0.3680E+03  0.1383E+01
  0.3690E+03  0.1190E+01
  0.3700E+03  0.1106E+01
  0.3710E+03  0.1160E+01
  0.3720E+03  0.1283E+01
  0.3730E+03  0.1444E+01
  0.3740E+03  0.1288E+01
  0.3750E+03  0.1118E+01
  0.3760E+03  0.1239E+01
  0.3770E+03  0.1315E+01
  0.3780E+03  0.9866E+00
  0.3790E+03  0.1110E+01
  0.3800E+03  0.1103E+01
  0.3810E+03  0.1074E+01
  0.3820E+03  0.1182E+01
  0.3830E+03  0.1246E+01
  0.3840E+03  0.1140E+01
  0.3850E+03  0.1116E+01
  0.3860E+03  0.1033E+01
  0.3870E+03  0.1131E+01
  0.3880E+03  0.1212E+01
  0.3890E+03  0.8962E+00
  0.3900E+03  0.9124E+00
  0.3910E+03  0.8885E+00
  0.3920E+03  0.9170E+00
  0.3930E+03  0.8731E+00
  0.3940E+03  0.8306E+00
  0.3950E+03  0.9551E+00
  0.3960E+03  0.9557E+00
  0.3970E+03  0.8715E+00
  0.3980E+03  0.8094E+00
  0.3990E+03  0.8966E+00
  0.4000E+03  0.9117E+00
  0.4010E+03  0.9399E+00
  0.4020E+03  0.8873E+00
  0.4030E+03  0.8812E+00
  0.4040E+03  0.8325E+00
  0.4050E+03  0.8260E+00
  0.4060E+03  0.8148E+00
  0.4070E+03  0.8354E+00
  0.4080E+03  0.8051E+00
  0.4090E+03  0.7041E+00
  0.4100E+03  0.8073E+00
  0.4110E+03  0.7475E+00
  0.4120E+03  0.8647E+00
  0.4130E+03  0.7852E+00
  0.4140E+03  0.8001E+00
  0.4150E+03  0.7571E+00
  0.4160E+03  0.8398E+00
  0.4170E+03  0.6779E+00
  0.4180E+03  0.6229E+00
  0.4190E+03  0.7552E+00
  0.4200E+03  0.6667E+00
  0.4210E+03  0.6540E+00
  0.4220E+03  0.7205E+00
  0.4230E+03  0.7324E+00
  0.4240E+03  0.7154E+00
  0.4250E+03  0.6965E+00
  0.4260E+03  0.7823E+00
  0.4270E+03  0.5887E+00
  0.4280E+03  0.6845E+00
  0.4290E+03  0.6296E+00
  0.4300E+03  0.5505E+00
  0.4310E+03  0.5060E+00
  0.4320E+03  0.5503E+00
  0.4330E+03  0.5713E+00
  0.4340E+03  0.5074E+00
  0.4350E+03  0.5500E+00
  0.4360E+03  0.6571E+00
  0.4370E+03  0.6980E+00
  0.4380E+03  0.5392E+00
  0.4390E+03  0.4670E+00
  0.4400E+03  0.4809E+00
  0.4410E+03  0.3962E+00
  0.4420E+03  0.5064E+00
  0.4430E+03  0.4854E+00
  0.4440E+03  0.5225E+00
  0.4450E+03  0.4457E+00
  0.4460E+03  0.4633E+00
  0.4470E+03  0.4934E+00
  0.4480E+03  0.5470E+00
  0.4490E+03  0.3373E+00
  0.4500E+03  0.5219E+00
  0.4510E+03  0.5368E+00
  0.4520E+03  0.4936E+00
  0.4530E+03  0.3502E+00
  0.4540E+03  0.4299E+00
  0.4550E+03  0.4339E+00
  0.4560E+03  0.3937E+00
  0.4570E+03  0.3914E+00
  0.4580E+03  0.5246E+00
  0.4590E+03  0.4036E+00
  0.4600E+03  0.3337E+00
  0.4610E+03  0.3962E+00
  0.4620E+03  0.4207E+00
  0.4630E+03  0.4196E+00
  0.4640E+03  0.3808E+00
  0.4650E+03  0.3503E+00
  0.4660E+03  0.3789E+00
  0.4670E+03  0.2733E+00
  0.4680E+03  0.3281E+00
  0.4690E+03  0.2391E+00
  0.4700E+03  0.3363E+00
  0.4710E+03  0.3580E+00
  0.4720E+03  0.3653E+00
  0.4730E+03  0.2728E+00
  0.4740E+03  0.3452E+00
  0.4750E+03  0.2870E+00
  0.4760E+03  0.3001E+00
  0.4770E+03  0.2409E+00
  0.4780E+03  0.3368E+00
  0.4790E+03  0.3091E+00
  0.4800E+03  0.1888E+00
  0.4810E+03  0.2755E+00
  0.4820E+03  0.2207E+00
  0.4830E+03  0.2383E+00
  0.4840E+03  0.2230E+00
  0.4850E+03  0.2218E+00
  0.4860E+03  0.3256E+00
  0.4870E+03  0.2921E+00
  0.4880E+03  0.2404E+00
  0.4890E+03  0.1992E+00
  0.4900E+03  0.2612E+00
  0.4910E+03  0.2561E+00
  0.4920E+03  0.1741E+00
  0.4930E+03  0.2463E+00
  0.4940E+03  0.2465E+00
  0.4950E+03  0.1636E+00
  0.4960E+03  0.2181E+00
  0.4970E+03  0.2631E+00
  0.4980E+03  0.1935E+00
  0.4990E+03  0.1640E+00
  0.5000E+03  0.2227E+00
  0.5010E+03  0.2680E+00
  0.5020E+03  0.1612E+00
  0.5030E+03  0.1688E+00
  0.5040E+03  0.1134E+00
  0.5050E+03  0.1403E+00
  0.5060E+03  0.1353E+00
  0.5070E+03  0.2313E+00
  0.5080E+03  0.1270E+00
  0.5090E+03  0.1332E+00
  0.5100E+03  0.1730E+00
  0.5110E+03  0.0000E+00
  0.5120E+03  0.0000E+00
