  0.1000E+01  0.1003E+02
  0.2000E+01  0.1107E+02
  0.3000E+01  0.1119E+02
  0.4000E+01  0.1148E+02
  0.5000E+01  0.1239E+02
  0.6000E+01  0.1258E+02
  0.7000E+01  0.1224E+02
  0.8000E+01  0.1250E+02
  0.9000E+01  0.1198E+02
  0.1000E+02  0.1172E+02
  0.1100E+02  0.1182E+02
  0.1200E+02  0.1232E+02
  0.1300E+02  0.1209E+02
  0.1400E+02  0.1230E+02
  0.1500E+02  0.1234E+02
  0.1600E+02  0.1181E+02
  0.1700E+02  0.1152E+02
  0.1800E+02  0.1235E+02
  0.1900E+02  0.1200E+02
  0.2000E+02  0.1184E+02
  0.2100E+02  0.1203E+02
  0.2200E+02  0.1165E+02
  0.2300E+02  0.1191E+02
  0.2400E+02  0.1147E+02
  0.2500E+02  0.1173E+02
  0.2600E+02  0.1177E+02
  0.2700E+02  0.1199E+02
  0.2800E+02  0.1174E+02
  0.2900E+02  0.1189E+02
  0.3000E+02  0.1135E+02
  0.3100E+02  0.1141E+02
  0.3200E+02  0.1134E+02
  0.3300E+02  0.1168E+02
  0.3400E+02  0.1136E+02
  0.3500E+02  0.1126E+02
  0.3600E+02  0.1123E+02
  0.3700E+02  0.1084E+02
  0.3800E+02  0.1121E+02
  0.3900E+02  0.1076E+02
  0.4000E+02  0.1117E+02
  0.4100E+02  0.1159E+02
  0.4200E+02  0.1130E+02
  0.4300E+02  0.1126E+02
  0.4400E+02  0.1113E+02
  0.4500E+02  0.1124E+02
  0.4600E+02  0.1156E+02
  0.4700E+02  0.1115E+02
  0.4800E+02  0.1158E+02
  0.4900E+02  0.1120E+02
  0.5000E+02  0.1139E+02
  0.5100E+02  0.1159E+02
  0.5200E+02  0.1193E+02
  0.5300E+02  0.1210E+02
  0.5400E+02  0.1247E+02
  0.5500E+02  0.1243E+02
  0.5600E+02  0.1278E+02
  0.5700E+02  0.1308E+02
  0.5800E+02  0.1303E+02
  0.5900E+02  0.1321E+02
  0.6000E+02  0.1364E+02
  0.6100E+02  0.1356E+02
  0.6200E+02  0.1419E+02
  0.6300E+02  0.1460E+02
  0.6400E+02  0.1483E+02
  0.6500E+02  0.1515E+02
  0.6600E+02  0.1466E+02
  0.6700E+02  0.1504E+02
  0.6800E+02  0.1535E+02
  0.6900E+02  0.1537E+02
  0.7000E+02  0.1607E+02
  0.7100E+02  0.1668E+02
  0.7200E+02  0.1645E+02
  0.7300E+02  0.1658E+02
  0.7400E+02  0.1677E+02
  0.7500E+02  0.1714E+02
  0.7600E+02  0.1702E+02
  0.7700E+02  0.1698E+02
  0.7800E+02  0.1764E+02
  0.7900E+02  0.1763E+02
  0.8000E+02  0.1791E+02
  0.8100E+02  0.1836E+02
  0.8200E+02  0.1775E+02
  0.8300E+02  0.1748E+02
  0.8400E+02  0.1761E+02
  0.8500E+02  0.1834E+02
  0.8600E+02  0.1816E+02
  0.8700E+02  0.1790E+02
  0.8800E+02  0.1804E+02
  0.8900E+02  0.1828E+02
  0.9000E+02  0.1758E+02
  0.9100E+02  0.1804E+02
  0.9200E+02  0.1821E+02
  0.9300E+02  0.1825E+02
  0.9400E+02  0.1814E+02
  0.9500E+02  0.1777E+02
  0.9600E+02  0.1796E+02
  0.9700E+02  0.1800E+02
  0.9800E+02  0.1784E+02
  0.9900E+02  0.1844E+02
  0.1000E+03  0.1832E+02
  0.1010E+03  0.1790E+02
  0.1020E+03  0.1842E+02
  0.1030E+03  0.1806E+02
  0.1040E+03  0.1839E+02
  0.1050E+03  0.1848E+02
  0.1060E+03  0.1846E+02
  0.1070E+03  0.1869E+02
  0.1080E+03  0.1897E+02
  0.1090E+03  0.1862E+02
  0.1100E+03  0.1854E+02
  0.1110E+03  0.1858E+02
  0.1120E+03  0.1834E+02
  0.1130E+03  0.1845E+02
  0.1140E+03  0.1862E+02
  0.1150E+03  0.1868E+02
  0.1160E+03  0.1913E+02
  0.1170E+03  0.1897E+02
  0.1180E+03  0.1931E+02
  0.1190E+03  0.1951E+02
  0.1200E+03  0.1932E+02
  0.1210E+03  0.1973E+02
  0.1220E+03  0.1958E+02
  0.1230E+03  0.1954E+02
  0.1240E+03  0.1983E+02
  0.1250E+03  0.2047E+02
  0.1260E+03  0.1981E+02
  0.1270E+03  0.2063E+02
  0.1280E+03  0.2051E+02
  0.1290E+03  0.2061E+02
  0.1300E+03  0.2118E+02
  0.1310E+03  0.2128E+02
  0.1320E+03  0.2121E+02
  0.1330E+03  0.2091E+02
  0.1340E+03  0.2151E+02
  0.1350E+03  0.2146E+02
  0.1360E+03  0.2153E+02
  0.1370E+03  0.2206E+02
  0.1380E+03  0.2224E+02
  0.1390E+03  0.2237E+02
  0.1400E+03  0.2223E+02
  0.1410E+03  0.2295E+02
  0.1420E+03  0.2301E+02
  0.1430E+03  0.2316E+02
  0.1440E+03  0.2402E+02
  0.1450E+03  0.2309E+02
  0.1460E+03  0.2384E+02
  0.1470E+03  0.2395E+02
  0.1480E+03  0.2386E+02
  0.1490E+03  0.2395E+02
  0.1500E+03  0.2484E+02
  0.1510E+03  0.2481E+02
  0.1520E+03  0.2523E+02
  0.1530E+03  0.2536E+02
  0.1540E+03  0.2540E+02
  0.1550E+03  0.2557E+02
  0.1560E+03  0.2558E+02
  0.1570E+03  0.2633E+02
  0.1580E+03  0.2675E+02
  0.1590E+03  0.2643E+02
  0.1600E+03  0.2661E+02
  0.1610E+03  0.2690E+02
  0.1620E+03  0.2698E+02
  0.1630E+03  0.2711E+02
  0.1640E+03  0.2793E+02
  0.1650E+03  0.2794E+02
  0.1660E+03  0.2805E+02
  0.1670E+03  0.2838E+02
  0.1680E+03  0.2849E+02
  0.1690E+03  0.2883E+02
  0.1700E+03  0.2852E+02
  0.1710E+03  0.2864E+02
  0.1720E+03  0.2817E+02
  0.1730E+03  0.2835E+02
  0.1740E+03  0.2846E+02
  0.1750E+03  0.2862E+02
  0.1760E+03  0.2814E+02
  0.1770E+03  0.2777E+02
  0.1780E+03  0.2777E+02
  0.1790E+03  0.2686E+02
  0.1800E+03  0.2709E+02
  0.1810E+03  0.2617E+02
  0.1820E+03  0.2594E+02
  0.1830E+03  0.2548E+02
  0.1840E+03  0.2518E+02
  0.1850E+03  0.2530E+02
  0.1860E+03  0.2410E+02
  0.1870E+03  0.2436E+02
  0.1880E+03  0.2327E+02
  0.1890E+03  0.2284E+02
  0.1900E+03  0.2185E+02
  0.1910E+03  0.2198E+02
  0.1920E+03  0.2157E+02
  0.1930E+03  0.2120E+02
  0.1940E+03  0.2008E+02
  0.1950E+03  0.2045E+02
  0.1960E+03  0.2016E+02
  0.1970E+03  0.1913E+02
  0.1980E+03  0.1869E+02
  0.1990E+03  0.1892E+02
  0.2000E+03  0.1803E+02
  0.2010E+03  0.1785E+02
  0.2020E+03  0.1715E+02
  0.2030E+03  0.1761E+02
  0.2040E+03  0.1733E+02
  0.2050E+03  0.1632E+02
  0.2060E+03  0.1614E+02
  0.2070E+03  0.1595E+02
  0.2080E+03  0.1571E+02
  0.2090E+03  0.1526E+02
  0.2100E+03  0.1518E+02
  0.2110E+03  0.1503E+02
  0.2120E+03  0.1452E+02
  0.2130E+03  0.1422E+02
  0.2140E+03  0.1438E+02
  0.2150E+03  0.1363E+02
  0.2160E+03  0.1367E+02
  0.2170E+03  0.1313E+02
  0.2180E+03  0.1293E+02
  0.2190E+03  0.1328E+02
  0.2200E+03  0.1277E+02
  0.2210E+03  0.1242E+02
  0.2220E+03  0.1249E+02
  0.2230E+03  0.1218E+02
  0.2240E+03  0.1241E+02
  0.2250E+03  0.1173E+02
  0.2260E+03  0.1172E+02
  0.2270E+03  0.1088E+02
  0.2280E+03  0.1118E+02
  0.2290E+03  0.1120E+02
  0.2300E+03  0.1113E+02
  0.2310E+03  0.1084E+02
  0.2320E+03  0.1050E+02
  0.2330E+03  0.1048E+02
  0.2340E+03  0.9930E+01
  0.2350E+03  0.9797E+01
  0.2360E+03  0.9689E+01
  0.2370E+03  0.9779E+01
  0.2380E+03  0.9435E+01
  0.2390E+03  0.9645E+01
  0.2400E+03  0.8952E+01
  0.2410E+03  0.8989E+01
  0.2420E+03  0.9128E+01
  0.2430E+03  0.8628E+01
  0.2440E+03  0.8717E+01
  0.2450E+03  0.8668E+01
  0.2460E+03  0.8685E+01
  0.2470E+03  0.8557E+01
  0.2480E+03  0.8136E+01
  0.2490E+03  0.8247E+01
  0.2500E+03  0.8237E+01
  0.2510E+03  0.8245E+01
  0.2520E+03  0.8098E+01
  0.2530E+03  0.7627E+01
  0.2540E+03  0.7620E+01
  0.2550E+03  0.7673E+01
  0.2560E+03  0.7551E+01
  0.2570E+03  0.7264E+01
  0.2580E+03  0.7510E+01
  0.2590E+03  0.7506E+01
  0.2600E+03  0.7074E+01
  0.2610E+03  0.6944E+01
  0.2620E+03  0.7100E+01
  0.2630E+03  0.7013E+01
  0.2640E+03  0.6861E+01
  0.2650E+03  0.6628E+01
  0.2660E+03  0.6686E+01
  0.2670E+03  0.6381E+01
  0.2680E+03  0.6173E+01
  0.2690E+03  0.6142E+01
  0.2700E+03  0.6261E+01
  0.2710E+03  0.5983E+01
  0.2720E+03  0.6264E+01
  0.2730E+03  0.6023E+01
  0.2740E+03  0.5930E+01
  0.2750E+03  0.6046E+01
  0.2760E+03  0.5662E+01
  0.2770E+03  0.5345E+01
  0.2780E+03  0.5951E+01
  0.2790E+03  0.5328E+01
  0.2800E+03  0.5886E+01
  0.2810E+03  0.5546E+01
  0.2820E+03  0.5736E+01
  0.2830E+03  0.5477E+01
  0.2840E+03  0.5155E+01
  0.2850E+03  0.5291E+01
  0.2860E+03  0.5256E+01
  0.2870E+03  0.5052E+01
  0.2880E+03  0.5157E+01
  0.2890E+03  0.4757E+01
  0.2900E+03  0.4932E+01
  0.2910E+03  0.5186E+01
  0.2920E+03  0.4745E+01
  0.2930E+03  0.4778E+01
  0.2940E+03  0.4647E+01
  0.2950E+03  0.4669E+01
  0.2960E+03  0.4792E+01
  0.2970E+03  0.4555E+01
  0.2980E+03  0.4296E+01
  0.2990E+03  0.4531E+01
  0.3000E+03  0.4569E+01
  0.3010E+03  0.4200E+01
  0.3020E+03  0.4427E+01
  0.3030E+03  0.4276E+01
  0.3040E+03  0.4236E+01
  0.3050E+03  0.4251E+01
  0.3060E+03  0.4100E+01
  0.3070E+03  0.4253E+01
  0.3080E+03  0.4071E+01
  0.3090E+03  0.4130E+01
  0.3100E+03  0.4005E+01
  0.3110E+03  0.4009E+01
  0.3120E+03  0.3591E+01
  0.3130E+03  0.3845E+01
  0.3140E+03  0.4206E+01
  0.3150E+03  0.3735E+01
  0.3160E+03  0.3613E+01
  0.3170E+03  0.3893E+01
  0.3180E+03  0.3703E+01
  0.3190E+03  0.3690E+01
  0.3200E+03  0.3646E+01
  0.3210E+03  0.3639E+01
  0.3220E+03  0.3496E+01
  0.3230E+03  0.3484E+01
  0.3240E+03  0.3603E+01
  0.3250E+03  0.3212E+01
  0.3260E+03  0.3311E+01
  0.3270E+03  0.3168E+01
  0.3280E+03  0.3109E+01
  0.3290E+03  0.3150E+01
  0.3300E+03  0.3131E+01
  0.3310E+03  0.3267E+01
  0.3320E+03  0.3006E+01
  0.3330E+03  0.3069E+01
  0.3340E+03  0.3205E+01
  0.3350E+03  0.2974E+01
  0.3360E+03  0.2885E+01
  0.3370E+03  0.3129E+01
  0.3380E+03  0.2609E+01
  0.3390E+03  0.2918E+01
  0.3400E+03  0.2930E+01
  0.3410E+03  0.2614E+01
  0.3420E+03  0.2935E+01
  0.3430E+03  0.2761E+01
  0.3440E+03  0.2497E+01
  0.3450E+03  0.2619E+01
  0.3460E+03  0.2768E+01
  0.3470E+03  0.2697E+01
  0.3480E+03  0.2405E+01
  0.3490E+03  0.2571E+01
  0.3500E+03  0.2667E+01
  0.3510E+03  0.2589E+01
  0.3520E+03  0.2608E+01
  0.3530E+03  0.2521E+01
  0.3540E+03  0.2706E+01
  0.3550E+03  0.2472E+01
  0.3560E+03  0.2704E+01
  0.3570E+03  0.2389E+01
  0.3580E+03  0.2317E+01
  0.3590E+03  0.2251E+01
  0.3600E+03  0.2098E+01
  0.3610E+03  0.2475E+01
  0.3620E+03  0.2482E+01
  0.3630E+03  0.2131E+01
  0.3640E+03  0.2250E+01
  0.3650E+03  0.2188E+01
  0.3660E+03  0.2119E+01
  0.3670E+03  0.2198E+01
  0.3680E+03  0.2153E+01
  0.3690E+03  0.2091E+01
  0.3700E+03  0.2093E+01
  0.3710E+03  0.2015E+01
  0.3720E+03  0.2034E+01
  0.3730E+03  0.2057E+01
  0.3740E+03  0.2017E+01
  0.3750E+03  0.1917E+01
  0.3760E+03  0.1761E+01
  0.3770E+03  0.1965E+01
  0.3780E+03  0.1826E+01
  0.3790E+03  0.2094E+01
  0.3800E+03  0.1842E+01
  0.3810E+03  0.1778E+01
  0.3820E+03  0.1752E+01
  0.3830E+03  0.1855E+01
  0.3840E+03  0.1811E+01
  0.3850E+03  0.1878E+01
  0.3860E+03  0.1633E+01
  0.3870E+03  0.1680E+01
  0.3880E+03  0.1580E+01
  0.3890E+03  0.1731E+01
  0.3900E+03  0.1584E+01
  0.3910E+03  0.1742E+01
  0.3920E+03  0.1642E+01
  0.3930E+03  0.1562E+01
  0.3940E+03  0.1480E+01
  0.3950E+03  0.1530E+01
  0.3960E+03  0.1566E+01
  0.3970E+03  0.1612E+01
  0.3980E+03  0.1475E+01
  0.3990E+03  0.1694E+01
  0.4000E+03  0.1326E+01
  0.4010E+03  0.1496E+01
  0.4020E+03  0.1429E+01
  0.4030E+03  0.1418E+01
  0.4040E+03  0.1554E+01
  0.4050E+03  0.1463E+01
  0.4060E+03  0.1358E+01
  0.4070E+03  0.1458E+01
  0.4080E+03  0.1606E+01
  0.4090E+03  0.1324E+01
  0.4100E+03  0.1334E+01
  0.4110E+03  0.1453E+01
  0.4120E+03  0.1260E+01
  0.4130E+03  0.1293E+01
  0.4140E+03  0.1381E+01
  0.4150E+03  0.1409E+01
  0.4160E+03  0.1279E+01
  0.4170E+03  0.1104E+01
  0.4180E+03  0.1096E+01
  0.4190E+03  0.1172E+01
  0.4200E+03  0.1133E+01
  0.4210E+03  0.1083E+01
  0.4220E+03  0.1265E+01
  0.4230E+03  0.1135E+01
  0.4240E+03  0.1192E+01
  0.4250E+03  0.1044E+01
  0.4260E+03  0.1085E+01
  0.4270E+03  0.1080E+01
  0.4280E+03  0.8998E+00
  0.4290E+03  0.8544E+00
  0.4300E+03  0.1000E+01
  0.4310E+03  0.1097E+01
  0.4320E+03  0.1030E+01
  0.4330E+03  0.1021E+01
  0.4340E+03  0.1111E+01
  0.4350E+03  0.8883E+00
  0.4360E+03  0.8041E+00
  0.4370E+03  0.8554E+00
  0.4380E+03  0.9464E+00
  0.4390E+03  0.9221E+00
  0.4400E+03  0.9163E+00
  0.4410E+03  0.8259E+00
  0.4420E+03  0.8452E+00
  0.4430E+03  0.7783E+00
  0.4440E+03  0.9471E+00
  0.4450E+03  0.6973E+00
  0.4460E+03  0.7303E+00
  0.4470E+03  0.8579E+00
  0.4480E+03  0.8699E+00
  0.4490E+03  0.6805E+00
  0.4500E+03  0.7477E+00
  0.4510E+03  0.7617E+00
  0.4520E+03  0.6764E+00
  0.4530E+03  0.6992E+00
  0.4540E+03  0.6630E+00
  0.4550E+03  0.6661E+00
  0.4560E+03  0.6521E+00
  0.4570E+03  0.7189E+00
  0.4580E+03  0.6703E+00
  0.4590E+03  0.7466E+00
  0.4600E+03  0.6916E+00
  0.4610E+03  0.7069E+00
  0.4620E+03  0.6041E+00
  0.4630E+03  0.7069E+00
  0.4640E+03  0.7086E+00
  0.4650E+03  0.7363E+00
  0.4660E+03  0.6621E+00
  0.4670E+03  0.5656E+00
  0.4680E+03  0.6219E+00
  0.4690E+03  0.6781E+00
  0.4700E+03  0.6548E+00
  0.4710E+03  0.6193E+00
  0.4720E+03  0.5853E+00
  0.4730E+03  0.6374E+00
  0.4740E+03  0.6264E+00
  0.4750E+03  0.5512E+00
  0.4760E+03  0.5292E+00
  0.4770E+03  0.5195E+00
  0.4780E+03  0.5167E+00
  0.4790E+03  0.5255E+00
  0.4800E+03  0.5538E+00
  0.4810E+03  0.5291E+00
  0.4820E+03  0.5950E+00
  0.4830E+03  0.5240E+00
  0.4840E+03  0.4844E+00
  0.4850E+03  0.4901E+00
  0.4860E+03  0.5103E+00
  0.4870E+03  0.4688E+00
  0.4880E+03  0.4832E+00
  0.4890E+03  0.4274E+00
  0.4900E+03  0.4916E+00
  0.4910E+03  0.4933E+00
  0.4920E+03  0.4476E+00
  0.4930E+03  0.4803E+00
  0.4940E+03  0.4307E+00
  0.4950E+03  0.4103E+00
  0.4960E+03  0.3998E+00
  0.4970E+03  0.4116E+00
  0.4980E+03  0.2853E+00
  0.4990E+03  0.4858E+00
  0.5000E+03  0.3241E+00
  0.5010E+03  0.3082E+00
  0.5020E+03  0.3809E+00
  0.5030E+03  0.3909E+00
  0.5040E+03  0.2998E+00
  0.5050E+03  0.3422E+00
  0.5060E+03  0.3456E+00
  0.5070E+03  0.2881E+00
  0.5080E+03  0.3480E+00
  0.5090E+03  0.3088E+00
  0.5100E+03  0.3948E+00
  0.5110E+03  0.0000E+00
  0.5120E+03  0.0000E+00
