  0.1000E+01  0.2092E+01
  0.2000E+01  0.7273E+01
  0.3000E+01  0.5534E+01
  0.4000E+01  0.1968E+01
  0.5000E+01  0.1404E+01
  0.6000E+01  0.1263E+01
  0.7000E+01  0.1208E+01
  0.8000E+01  0.1110E+01
  0.9000E+01  0.1013E+01
  0.1000E+02  0.9260E+00
  0.1100E+02  0.8443E+00
  0.1200E+02  0.7541E+00
  0.1300E+02  0.6916E+00
  0.1400E+02  0.6578E+00
  0.1500E+02  0.5753E+00
  0.1600E+02  0.5189E+00
  0.1700E+02  0.4509E+00
  0.1800E+02  0.4108E+00
  0.1900E+02  0.5567E+00
  0.2000E+02  0.1643E+01
  0.2100E+02  0.7041E+01
  0.2200E+02  0.2679E+02
  0.2300E+02  0.8285E+02
  0.2400E+02  0.2058E+03
  0.2500E+02  0.4040E+03
  0.2600E+02  0.6308E+03
  0.2700E+02  0.7905E+03
  0.2800E+02  0.8003E+03
  0.2900E+02  0.6758E+03
  0.3000E+02  0.4980E+03
  0.3100E+02  0.3440E+03
  0.3200E+02  0.2320E+03
  0.3300E+02  0.1499E+03
  0.3400E+02  0.8833E+02
  0.3500E+02  0.4466E+02
  0.3600E+02  0.1945E+02
  0.3700E+02  0.7323E+01
  0.3800E+02  0.2704E+01
  0.3900E+02  0.1574E+01
  0.4000E+02  0.1566E+01
  0.4100E+02  0.1896E+01
  0.4200E+02  0.2418E+01
  0.4300E+02  0.2854E+01
  0.4400E+02  0.3253E+01
  0.4500E+02  0.3495E+01
  0.4600E+02  0.3808E+01
  0.4700E+02  0.4073E+01
  0.4800E+02  0.4379E+01
  0.4900E+02  0.4453E+01
  0.5000E+02  0.4544E+01
  0.5100E+02  0.4841E+01
  0.5200E+02  0.5139E+01
  0.5300E+02  0.5611E+01
  0.5400E+02  0.5806E+01
  0.5500E+02  0.6123E+01
  0.5600E+02  0.6142E+01
  0.5700E+02  0.6180E+01
  0.5800E+02  0.5966E+01
  0.5900E+02  0.5503E+01
  0.6000E+02  0.4900E+01
  0.6100E+02  0.4025E+01
  0.6200E+02  0.3330E+01
  0.6300E+02  0.2756E+01
  0.6400E+02  0.2288E+01
  0.6500E+02  0.2218E+01
  0.6600E+02  0.2368E+01
  0.6700E+02  0.2985E+01
  0.6800E+02  0.3809E+01
  0.6900E+02  0.5205E+01
  0.7000E+02  0.6462E+01
  0.7100E+02  0.7795E+01
  0.7200E+02  0.9277E+01
  0.7300E+02  0.1059E+02
  0.7400E+02  0.1058E+02
  0.7500E+02  0.1048E+02
  0.7600E+02  0.1023E+02
  0.7700E+02  0.9041E+01
  0.7800E+02  0.8154E+01
  0.7900E+02  0.6770E+01
  0.8000E+02  0.5847E+01
  0.8100E+02  0.4916E+01
  0.8200E+02  0.4487E+01
  0.8300E+02  0.4230E+01
  0.8400E+02  0.3923E+01
  0.8500E+02  0.4049E+01
  0.8600E+02  0.3651E+01
  0.8700E+02  0.3418E+01
  0.8800E+02  0.2907E+01
  0.8900E+02  0.2513E+01
  0.9000E+02  0.2171E+01
  0.9100E+02  0.1769E+01
  0.9200E+02  0.1415E+01
  0.9300E+02  0.1152E+01
  0.9400E+02  0.8524E+00
  0.9500E+02  0.6149E+00
  0.9600E+02  0.5577E+00
  0.9700E+02  0.4898E+00
  0.9800E+02  0.3960E+00
  0.9900E+02  0.3705E+00
  0.1000E+03  0.3669E+00
  0.1010E+03  0.3439E+00
  0.1020E+03  0.3136E+00
  0.1030E+03  0.3241E+00
  0.1040E+03  0.2896E+00
  0.1050E+03  0.3056E+00
  0.1060E+03  0.3048E+00
  0.1070E+03  0.2853E+00
  0.1080E+03  0.2978E+00
  0.1090E+03  0.2950E+00
  0.1100E+03  0.3367E+00
  0.1110E+03  0.3563E+00
  0.1120E+03  0.4144E+00
  0.1130E+03  0.4807E+00
  0.1140E+03  0.6228E+00
  0.1150E+03  0.7610E+00
  0.1160E+03  0.9809E+00
  0.1170E+03  0.1232E+01
  0.1180E+03  0.1536E+01
  0.1190E+03  0.1906E+01
  0.1200E+03  0.2419E+01
  0.1210E+03  0.2948E+01
  0.1220E+03  0.3530E+01
  0.1230E+03  0.4190E+01
  0.1240E+03  0.4893E+01
  0.1250E+03  0.5489E+01
  0.1260E+03  0.6016E+01
  0.1270E+03  0.6525E+01
  0.1280E+03  0.6984E+01
  0.1290E+03  0.7195E+01
  0.1300E+03  0.7400E+01
  0.1310E+03  0.7414E+01
  0.1320E+03  0.7291E+01
  0.1330E+03  0.7192E+01
  0.1340E+03  0.7057E+01
  0.1350E+03  0.6914E+01
  0.1360E+03  0.7014E+01
  0.1370E+03  0.7247E+01
  0.1380E+03  0.7972E+01
  0.1390E+03  0.9088E+01
  0.1400E+03  0.1097E+02
  0.1410E+03  0.1383E+02
  0.1420E+03  0.1801E+02
  0.1430E+03  0.2366E+02
  0.1440E+03  0.3116E+02
  0.1450E+03  0.4103E+02
  0.1460E+03  0.5358E+02
  0.1470E+03  0.6849E+02
  0.1480E+03  0.8675E+02
  0.1490E+03  0.1070E+03
  0.1500E+03  0.1299E+03
  0.1510E+03  0.1550E+03
  0.1520E+03  0.1812E+03
  0.1530E+03  0.2070E+03
  0.1540E+03  0.2324E+03
  0.1550E+03  0.2545E+03
  0.1560E+03  0.2746E+03
  0.1570E+03  0.2882E+03
  0.1580E+03  0.2977E+03
  0.1590E+03  0.3000E+03
  0.1600E+03  0.2967E+03
  0.1610E+03  0.2868E+03
  0.1620E+03  0.2715E+03
  0.1630E+03  0.2528E+03
  0.1640E+03  0.2288E+03
  0.1650E+03  0.2036E+03
  0.1660E+03  0.1770E+03
  0.1670E+03  0.1508E+03
  0.1680E+03  0.1258E+03
  0.1690E+03  0.1029E+03
  0.1700E+03  0.8238E+02
  0.1710E+03  0.6424E+02
  0.1720E+03  0.4912E+02
  0.1730E+03  0.3702E+02
  0.1740E+03  0.2714E+02
  0.1750E+03  0.1954E+02
  0.1760E+03  0.1379E+02
  0.1770E+03  0.9564E+01
  0.1780E+03  0.6464E+01
  0.1790E+03  0.4322E+01
  0.1800E+03  0.2788E+01
  0.1810E+03  0.1798E+01
  0.1820E+03  0.1156E+01
  0.1830E+03  0.7776E+00
  0.1840E+03  0.4874E+00
  0.1850E+03  0.3238E+00
  0.1860E+03  0.2351E+00
  0.1870E+03  0.1810E+00
  0.1880E+03  0.1531E+00
  0.1890E+03  0.1184E+00
  0.1900E+03  0.1248E+00
  0.1910E+03  0.1021E+00
  0.1920E+03  0.9250E-01
  0.1930E+03  0.9642E-01
  0.1940E+03  0.9515E-01
  0.1950E+03  0.9070E-01
  0.1960E+03  0.9089E-01
  0.1970E+03  0.8563E-01
  0.1980E+03  0.8103E-01
  0.1990E+03  0.6384E-01
  0.2000E+03  0.7872E-01
  0.2010E+03  0.6173E-01
  0.2020E+03  0.6605E-01
  0.2030E+03  0.5183E-01
  0.2040E+03  0.4699E-01
  0.2050E+03  0.4302E-01
  0.2060E+03  0.4334E-01
  0.2070E+03  0.3954E-01
  0.2080E+03  0.2990E-01
  0.2090E+03  0.2918E-01
  0.2100E+03  0.2869E-01
  0.2110E+03  0.3209E-01
  0.2120E+03  0.2567E-01
  0.2130E+03  0.2613E-01
  0.2140E+03  0.2698E-01
  0.2150E+03  0.2775E-01
  0.2160E+03  0.2784E-01
  0.2170E+03  0.2221E-01
  0.2180E+03  0.2133E-01
  0.2190E+03  0.2264E-01
  0.2200E+03  0.1750E-01
  0.2210E+03  0.2797E-01
  0.2220E+03  0.2487E-01
  0.2230E+03  0.2020E-01
  0.2240E+03  0.2330E-01
  0.2250E+03  0.2630E-01
  0.2260E+03  0.2561E-01
  0.2270E+03  0.3261E-01
  0.2280E+03  0.3678E-01
  0.2290E+03  0.3874E-01
  0.2300E+03  0.3459E-01
  0.2310E+03  0.4097E-01
  0.2320E+03  0.4632E-01
  0.2330E+03  0.4649E-01
  0.2340E+03  0.5482E-01
  0.2350E+03  0.5964E-01
  0.2360E+03  0.6833E-01
  0.2370E+03  0.7154E-01
  0.2380E+03  0.9176E-01
  0.2390E+03  0.8848E-01
  0.2400E+03  0.1001E+00
  0.2410E+03  0.1074E+00
  0.2420E+03  0.1041E+00
  0.2430E+03  0.1139E+00
  0.2440E+03  0.1296E+00
  0.2450E+03  0.1331E+00
  0.2460E+03  0.1220E+00
  0.2470E+03  0.1312E+00
  0.2480E+03  0.1250E+00
  0.2490E+03  0.1342E+00
  0.2500E+03  0.1208E+00
  0.2510E+03  0.1221E+00
  0.2520E+03  0.1258E+00
  0.2530E+03  0.1171E+00
  0.2540E+03  0.1210E+00
  0.2550E+03  0.1193E+00
  0.2560E+03  0.1175E+00
  0.2570E+03  0.1058E+00
  0.2580E+03  0.1066E+00
  0.2590E+03  0.8844E-01
  0.2600E+03  0.1001E+00
  0.2610E+03  0.9925E-01
  0.2620E+03  0.9398E-01
  0.2630E+03  0.9451E-01
  0.2640E+03  0.9159E-01
  0.2650E+03  0.9309E-01
  0.2660E+03  0.9313E-01
  0.2670E+03  0.8501E-01
  0.2680E+03  0.1019E+00
  0.2690E+03  0.1074E+00
  0.2700E+03  0.8967E-01
  0.2710E+03  0.1082E+00
  0.2720E+03  0.1090E+00
  0.2730E+03  0.1181E+00
  0.2740E+03  0.1253E+00
  0.2750E+03  0.1234E+00
  0.2760E+03  0.1332E+00
  0.2770E+03  0.1336E+00
  0.2780E+03  0.1402E+00
  0.2790E+03  0.1327E+00
  0.2800E+03  0.1251E+00
  0.2810E+03  0.1346E+00
  0.2820E+03  0.1346E+00
  0.2830E+03  0.1417E+00
  0.2840E+03  0.1322E+00
  0.2850E+03  0.1318E+00
  0.2860E+03  0.1191E+00
  0.2870E+03  0.1270E+00
  0.2880E+03  0.1238E+00
  0.2890E+03  0.1258E+00
  0.2900E+03  0.1195E+00
  0.2910E+03  0.1141E+00
  0.2920E+03  0.1001E+00
  0.2930E+03  0.9322E-01
  0.2940E+03  0.9793E-01
  0.2950E+03  0.9773E-01
  0.2960E+03  0.9297E-01
  0.2970E+03  0.9337E-01
  0.2980E+03  0.7574E-01
  0.2990E+03  0.6943E-01
  0.3000E+03  0.8003E-01
  0.3010E+03  0.7401E-01
  0.3020E+03  0.7529E-01
  0.3030E+03  0.8088E-01
  0.3040E+03  0.7841E-01
  0.3050E+03  0.7680E-01
  0.3060E+03  0.7182E-01
  0.3070E+03  0.7766E-01
  0.3080E+03  0.7877E-01
  0.3090E+03  0.8128E-01
  0.3100E+03  0.7808E-01
  0.3110E+03  0.8423E-01
  0.3120E+03  0.7762E-01
  0.3130E+03  0.7923E-01
  0.3140E+03  0.7871E-01
  0.3150E+03  0.8765E-01
  0.3160E+03  0.9820E-01
  0.3170E+03  0.9393E-01
  0.3180E+03  0.9332E-01
  0.3190E+03  0.1145E+00
  0.3200E+03  0.9482E-01
  0.3210E+03  0.1091E+00
  0.3220E+03  0.1140E+00
  0.3230E+03  0.1092E+00
  0.3240E+03  0.1153E+00
  0.3250E+03  0.1262E+00
  0.3260E+03  0.1137E+00
  0.3270E+03  0.1289E+00
  0.3280E+03  0.1307E+00
  0.3290E+03  0.1470E+00
  0.3300E+03  0.1384E+00
  0.3310E+03  0.1361E+00
  0.3320E+03  0.1361E+00
  0.3330E+03  0.1559E+00
  0.3340E+03  0.1563E+00
  0.3350E+03  0.1502E+00
  0.3360E+03  0.1644E+00
  0.3370E+03  0.1647E+00
  0.3380E+03  0.1564E+00
  0.3390E+03  0.1618E+00
  0.3400E+03  0.1520E+00
  0.3410E+03  0.1804E+00
  0.3420E+03  0.1631E+00
  0.3430E+03  0.1894E+00
  0.3440E+03  0.1791E+00
  0.3450E+03  0.1882E+00
  0.3460E+03  0.1720E+00
  0.3470E+03  0.1761E+00
  0.3480E+03  0.1595E+00
  0.3490E+03  0.1565E+00
  0.3500E+03  0.1659E+00
  0.3510E+03  0.1537E+00
  0.3520E+03  0.1464E+00
  0.3530E+03  0.1494E+00
  0.3540E+03  0.1382E+00
  0.3550E+03  0.1426E+00
  0.3560E+03  0.1267E+00
  0.3570E+03  0.1209E+00
  0.3580E+03  0.1134E+00
  0.3590E+03  0.1064E+00
  0.3600E+03  0.1098E+00
  0.3610E+03  0.1044E+00
  0.3620E+03  0.9260E-01
  0.3630E+03  0.8223E-01
  0.3640E+03  0.7887E-01
  0.3650E+03  0.7743E-01
  0.3660E+03  0.6006E-01
  0.3670E+03  0.6399E-01
  0.3680E+03  0.6455E-01
  0.3690E+03  0.5100E-01
  0.3700E+03  0.5244E-01
  0.3710E+03  0.5235E-01
  0.3720E+03  0.4078E-01
  0.3730E+03  0.4267E-01
  0.3740E+03  0.2820E-01
  0.3750E+03  0.2935E-01
  0.3760E+03  0.3143E-01
  0.3770E+03  0.2879E-01
  0.3780E+03  0.3054E-01
  0.3790E+03  0.2530E-01
  0.3800E+03  0.1948E-01
  0.3810E+03  0.2040E-01
  0.3820E+03  0.2142E-01
  0.3830E+03  0.2467E-01
  0.3840E+03  0.2041E-01
  0.3850E+03  0.2184E-01
  0.3860E+03  0.1826E-01
  0.3870E+03  0.1697E-01
  0.3880E+03  0.1750E-01
  0.3890E+03  0.1659E-01
  0.3900E+03  0.1309E-01
  0.3910E+03  0.1806E-01
  0.3920E+03  0.1559E-01
  0.3930E+03  0.1440E-01
  0.3940E+03  0.1701E-01
  0.3950E+03  0.1376E-01
  0.3960E+03  0.1587E-01
  0.3970E+03  0.1769E-01
  0.3980E+03  0.1290E-01
  0.3990E+03  0.1826E-01
  0.4000E+03  0.1611E-01
  0.4010E+03  0.2076E-01
  0.4020E+03  0.1678E-01
  0.4030E+03  0.2189E-01
  0.4040E+03  0.2783E-01
  0.4050E+03  0.2314E-01
  0.4060E+03  0.2383E-01
  0.4070E+03  0.2692E-01
  0.4080E+03  0.3038E-01
  0.4090E+03  0.3436E-01
  0.4100E+03  0.3433E-01
  0.4110E+03  0.3826E-01
  0.4120E+03  0.4521E-01
  0.4130E+03  0.4353E-01
  0.4140E+03  0.4933E-01
  0.4150E+03  0.4637E-01
  0.4160E+03  0.6028E-01
  0.4170E+03  0.6022E-01
  0.4180E+03  0.6511E-01
  0.4190E+03  0.6686E-01
  0.4200E+03  0.8395E-01
  0.4210E+03  0.7981E-01
  0.4220E+03  0.8110E-01
  0.4230E+03  0.9327E-01
  0.4240E+03  0.1028E+00
  0.4250E+03  0.1030E+00
  0.4260E+03  0.1018E+00
  0.4270E+03  0.1161E+00
  0.4280E+03  0.1171E+00
  0.4290E+03  0.1170E+00
  0.4300E+03  0.1209E+00
  0.4310E+03  0.1314E+00
  0.4320E+03  0.1333E+00
  0.4330E+03  0.1340E+00
  0.4340E+03  0.1515E+00
  0.4350E+03  0.1519E+00
  0.4360E+03  0.1498E+00
  0.4370E+03  0.1543E+00
  0.4380E+03  0.1479E+00
  0.4390E+03  0.1533E+00
  0.4400E+03  0.1596E+00
  0.4410E+03  0.1514E+00
  0.4420E+03  0.1432E+00
  0.4430E+03  0.1451E+00
  0.4440E+03  0.1460E+00
  0.4450E+03  0.1467E+00
  0.4460E+03  0.1330E+00
  0.4470E+03  0.1410E+00
  0.4480E+03  0.1218E+00
  0.4490E+03  0.1297E+00
  0.4500E+03  0.1296E+00
  0.4510E+03  0.1174E+00
  0.4520E+03  0.1105E+00
  0.4530E+03  0.1136E+00
  0.4540E+03  0.1083E+00
  0.4550E+03  0.9794E-01
  0.4560E+03  0.9312E-01
  0.4570E+03  0.9099E-01
  0.4580E+03  0.9062E-01
  0.4590E+03  0.8066E-01
  0.4600E+03  0.7489E-01
  0.4610E+03  0.7055E-01
  0.4620E+03  0.6123E-01
  0.4630E+03  0.6858E-01
  0.4640E+03  0.6024E-01
  0.4650E+03  0.5907E-01
  0.4660E+03  0.5118E-01
  0.4670E+03  0.5167E-01
  0.4680E+03  0.4462E-01
  0.4690E+03  0.4505E-01
  0.4700E+03  0.4488E-01
  0.4710E+03  0.3914E-01
  0.4720E+03  0.4138E-01
  0.4730E+03  0.3678E-01
  0.4740E+03  0.4338E-01
  0.4750E+03  0.4208E-01
  0.4760E+03  0.4302E-01
  0.4770E+03  0.3924E-01
  0.4780E+03  0.4315E-01
  0.4790E+03  0.5163E-01
  0.4800E+03  0.4411E-01
  0.4810E+03  0.5381E-01
  0.4820E+03  0.5494E-01
  0.4830E+03  0.4948E-01
  0.4840E+03  0.6069E-01
  0.4850E+03  0.6449E-01
  0.4860E+03  0.6443E-01
  0.4870E+03  0.6561E-01
  0.4880E+03  0.8156E-01
  0.4890E+03  0.8095E-01
  0.4900E+03  0.8734E-01
  0.4910E+03  0.9456E-01
  0.4920E+03  0.1059E+00
  0.4930E+03  0.1059E+00
  0.4940E+03  0.1163E+00
  0.4950E+03  0.1223E+00
  0.4960E+03  0.1391E+00
  0.4970E+03  0.1275E+00
  0.4980E+03  0.1405E+00
  0.4990E+03  0.1520E+00
  0.5000E+03  0.1627E+00
  0.5010E+03  0.1625E+00
  0.5020E+03  0.1832E+00
  0.5030E+03  0.1909E+00
  0.5040E+03  0.2044E+00
  0.5050E+03  0.2201E+00
  0.5060E+03  0.2353E+00
  0.5070E+03  0.2272E+00
  0.5080E+03  0.2434E+00
  0.5090E+03  0.2746E+00
  0.5100E+03  0.2662E+00
  0.5110E+03  0.0000E+00
  0.5120E+03  0.0000E+00
