  0.1000E+01  0.2909E+01
  0.2000E+01  0.3433E+01
  0.3000E+01  0.3581E+01
  0.4000E+01  0.3534E+01
  0.5000E+01  0.3733E+01
  0.6000E+01  0.3803E+01
  0.7000E+01  0.3933E+01
  0.8000E+01  0.3686E+01
  0.9000E+01  0.3806E+01
  0.1000E+02  0.3733E+01
  0.1100E+02  0.3783E+01
  0.1200E+02  0.3697E+01
  0.1300E+02  0.3719E+01
  0.1400E+02  0.3715E+01
  0.1500E+02  0.3648E+01
  0.1600E+02  0.3638E+01
  0.1700E+02  0.3502E+01
  0.1800E+02  0.3568E+01
  0.1900E+02  0.3513E+01
  0.2000E+02  0.3648E+01
  0.2100E+02  0.3485E+01
  0.2200E+02  0.3393E+01
  0.2300E+02  0.3312E+01
  0.2400E+02  0.3410E+01
  0.2500E+02  0.3268E+01
  0.2600E+02  0.3665E+01
  0.2700E+02  0.3360E+01
  0.2800E+02  0.3402E+01
  0.2900E+02  0.3553E+01
  0.3000E+02  0.3604E+01
  0.3100E+02  0.3109E+01
  0.3200E+02  0.3221E+01
  0.3300E+02  0.3238E+01
  0.3400E+02  0.3493E+01
  0.3500E+02  0.3292E+01
  0.3600E+02  0.3161E+01
  0.3700E+02  0.3170E+01
  0.3800E+02  0.3118E+01
  0.3900E+02  0.2919E+01
  0.4000E+02  0.3074E+01
  0.4100E+02  0.2854E+01
  0.4200E+02  0.3040E+01
  0.4300E+02  0.3053E+01
  0.4400E+02  0.3199E+01
  0.4500E+02  0.3130E+01
  0.4600E+02  0.3213E+01
  0.4700E+02  0.3387E+01
  0.4800E+02  0.3396E+01
  0.4900E+02  0.3128E+01
  0.5000E+02  0.3712E+01
  0.5100E+02  0.3341E+01
  0.5200E+02  0.3386E+01
  0.5300E+02  0.3386E+01
  0.5400E+02  0.3454E+01
  0.5500E+02  0.3433E+01
  0.5600E+02  0.3739E+01
  0.5700E+02  0.3664E+01
  0.5800E+02  0.3755E+01
  0.5900E+02  0.3554E+01
  0.6000E+02  0.3849E+01
  0.6100E+02  0.4077E+01
  0.6200E+02  0.4013E+01
  0.6300E+02  0.3948E+01
  0.6400E+02  0.4035E+01
  0.6500E+02  0.4569E+01
  0.6600E+02  0.4026E+01
  0.6700E+02  0.4537E+01
  0.6800E+02  0.4591E+01
  0.6900E+02  0.4870E+01
  0.7000E+02  0.4525E+01
  0.7100E+02  0.4657E+01
  0.7200E+02  0.4677E+01
  0.7300E+02  0.4591E+01
  0.7400E+02  0.4585E+01
  0.7500E+02  0.4777E+01
  0.7600E+02  0.4490E+01
  0.7700E+02  0.4847E+01
  0.7800E+02  0.5146E+01
  0.7900E+02  0.4884E+01
  0.8000E+02  0.4956E+01
  0.8100E+02  0.4613E+01
  0.8200E+02  0.5160E+01
  0.8300E+02  0.4687E+01
  0.8400E+02  0.4981E+01
  0.8500E+02  0.4963E+01
  0.8600E+02  0.5253E+01
  0.8700E+02  0.4984E+01
  0.8800E+02  0.4897E+01
  0.8900E+02  0.5011E+01
  0.9000E+02  0.4867E+01
  0.9100E+02  0.4952E+01
  0.9200E+02  0.4797E+01
  0.9300E+02  0.5184E+01
  0.9400E+02  0.4935E+01
  0.9500E+02  0.5127E+01
  0.9600E+02  0.4822E+01
  0.9700E+02  0.5102E+01
  0.9800E+02  0.5181E+01
  0.9900E+02  0.5053E+01
  0.1000E+03  0.4883E+01
  0.1010E+03  0.5046E+01
  0.1020E+03  0.5007E+01
  0.1030E+03  0.4965E+01
  0.1040E+03  0.4970E+01
  0.1050E+03  0.4949E+01
  0.1060E+03  0.5039E+01
  0.1070E+03  0.5227E+01
  0.1080E+03  0.4976E+01
  0.1090E+03  0.5287E+01
  0.1100E+03  0.5451E+01
  0.1110E+03  0.4982E+01
  0.1120E+03  0.5110E+01
  0.1130E+03  0.5492E+01
  0.1140E+03  0.5233E+01
  0.1150E+03  0.5346E+01
  0.1160E+03  0.5362E+01
  0.1170E+03  0.5576E+01
  0.1180E+03  0.5705E+01
  0.1190E+03  0.5765E+01
  0.1200E+03  0.5709E+01
  0.1210E+03  0.5805E+01
  0.1220E+03  0.5824E+01
  0.1230E+03  0.5973E+01
  0.1240E+03  0.5996E+01
  0.1250E+03  0.6256E+01
  0.1260E+03  0.5744E+01
  0.1270E+03  0.6131E+01
  0.1280E+03  0.6025E+01
  0.1290E+03  0.6174E+01
  0.1300E+03  0.6287E+01
  0.1310E+03  0.6652E+01
  0.1320E+03  0.6254E+01
  0.1330E+03  0.7169E+01
  0.1340E+03  0.6955E+01
  0.1350E+03  0.6970E+01
  0.1360E+03  0.7047E+01
  0.1370E+03  0.6984E+01
  0.1380E+03  0.7101E+01
  0.1390E+03  0.7238E+01
  0.1400E+03  0.7242E+01
  0.1410E+03  0.7224E+01
  0.1420E+03  0.7593E+01
  0.1430E+03  0.7652E+01
  0.1440E+03  0.7520E+01
  0.1450E+03  0.7950E+01
  0.1460E+03  0.7751E+01
  0.1470E+03  0.7809E+01
  0.1480E+03  0.7859E+01
  0.1490E+03  0.7825E+01
  0.1500E+03  0.7571E+01
  0.1510E+03  0.7686E+01
  0.1520E+03  0.8586E+01
  0.1530E+03  0.8238E+01
  0.1540E+03  0.8471E+01
  0.1550E+03  0.8404E+01
  0.1560E+03  0.8349E+01
  0.1570E+03  0.8089E+01
  0.1580E+03  0.8080E+01
  0.1590E+03  0.8247E+01
  0.1600E+03  0.8321E+01
  0.1610E+03  0.8473E+01
  0.1620E+03  0.7830E+01
  0.1630E+03  0.8007E+01
  0.1640E+03  0.7720E+01
  0.1650E+03  0.7950E+01
  0.1660E+03  0.8248E+01
  0.1670E+03  0.7765E+01
  0.1680E+03  0.7821E+01
  0.1690E+03  0.7253E+01
  0.1700E+03  0.7726E+01
  0.1710E+03  0.8026E+01
  0.1720E+03  0.7453E+01
  0.1730E+03  0.7202E+01
  0.1740E+03  0.7423E+01
  0.1750E+03  0.6650E+01
  0.1760E+03  0.6720E+01
  0.1770E+03  0.6734E+01
  0.1780E+03  0.6198E+01
  0.1790E+03  0.6773E+01
  0.1800E+03  0.6417E+01
  0.1810E+03  0.6354E+01
  0.1820E+03  0.5755E+01
  0.1830E+03  0.6179E+01
  0.1840E+03  0.5806E+01
  0.1850E+03  0.5818E+01
  0.1860E+03  0.5737E+01
  0.1870E+03  0.5581E+01
  0.1880E+03  0.5426E+01
  0.1890E+03  0.5099E+01
  0.1900E+03  0.4854E+01
  0.1910E+03  0.4788E+01
  0.1920E+03  0.4747E+01
  0.1930E+03  0.4861E+01
  0.1940E+03  0.4589E+01
  0.1950E+03  0.4227E+01
  0.1960E+03  0.4585E+01
  0.1970E+03  0.4277E+01
  0.1980E+03  0.4325E+01
  0.1990E+03  0.3964E+01
  0.2000E+03  0.3978E+01
  0.2010E+03  0.3802E+01
  0.2020E+03  0.3843E+01
  0.2030E+03  0.3508E+01
  0.2040E+03  0.3470E+01
  0.2050E+03  0.3388E+01
  0.2060E+03  0.4029E+01
  0.2070E+03  0.3532E+01
  0.2080E+03  0.3126E+01
  0.2090E+03  0.3144E+01
  0.2100E+03  0.3134E+01
  0.2110E+03  0.3472E+01
  0.2120E+03  0.3159E+01
  0.2130E+03  0.3081E+01
  0.2140E+03  0.3132E+01
  0.2150E+03  0.3216E+01
  0.2160E+03  0.3076E+01
  0.2170E+03  0.2859E+01
  0.2180E+03  0.2663E+01
  0.2190E+03  0.2961E+01
  0.2200E+03  0.2639E+01
  0.2210E+03  0.2818E+01
  0.2220E+03  0.2626E+01
  0.2230E+03  0.2410E+01
  0.2240E+03  0.2634E+01
  0.2250E+03  0.2497E+01
  0.2260E+03  0.2489E+01
  0.2270E+03  0.2454E+01
  0.2280E+03  0.2386E+01
  0.2290E+03  0.2567E+01
  0.2300E+03  0.2252E+01
  0.2310E+03  0.2162E+01
  0.2320E+03  0.2179E+01
  0.2330E+03  0.2144E+01
  0.2340E+03  0.2287E+01
  0.2350E+03  0.2113E+01
  0.2360E+03  0.2073E+01
  0.2370E+03  0.2101E+01
  0.2380E+03  0.1984E+01
  0.2390E+03  0.2058E+01
  0.2400E+03  0.1930E+01
  0.2410E+03  0.1832E+01
  0.2420E+03  0.1724E+01
  0.2430E+03  0.1811E+01
  0.2440E+03  0.1880E+01
  0.2450E+03  0.1728E+01
  0.2460E+03  0.1871E+01
  0.2470E+03  0.1728E+01
  0.2480E+03  0.1720E+01
  0.2490E+03  0.1733E+01
  0.2500E+03  0.1727E+01
  0.2510E+03  0.1667E+01
  0.2520E+03  0.1675E+01
  0.2530E+03  0.1668E+01
  0.2540E+03  0.1704E+01
  0.2550E+03  0.1638E+01
  0.2560E+03  0.1633E+01
  0.2570E+03  0.1360E+01
  0.2580E+03  0.1367E+01
  0.2590E+03  0.1471E+01
  0.2600E+03  0.1621E+01
  0.2610E+03  0.1342E+01
  0.2620E+03  0.1246E+01
  0.2630E+03  0.1392E+01
  0.2640E+03  0.1254E+01
  0.2650E+03  0.1372E+01
  0.2660E+03  0.1246E+01
  0.2670E+03  0.1347E+01
  0.2680E+03  0.1181E+01
  0.2690E+03  0.1261E+01
  0.2700E+03  0.1099E+01
  0.2710E+03  0.1273E+01
  0.2720E+03  0.9673E+00
  0.2730E+03  0.1172E+01
  0.2740E+03  0.1016E+01
  0.2750E+03  0.1148E+01
  0.2760E+03  0.1059E+01
  0.2770E+03  0.1009E+01
  0.2780E+03  0.1078E+01
  0.2790E+03  0.1150E+01
  0.2800E+03  0.1155E+01
  0.2810E+03  0.1219E+01
  0.2820E+03  0.1016E+01
  0.2830E+03  0.9202E+00
  0.2840E+03  0.9238E+00
  0.2850E+03  0.9404E+00
  0.2860E+03  0.1020E+01
  0.2870E+03  0.1109E+01
  0.2880E+03  0.9874E+00
  0.2890E+03  0.9520E+00
  0.2900E+03  0.8828E+00
  0.2910E+03  0.9555E+00
  0.2920E+03  0.9777E+00
  0.2930E+03  0.8152E+00
  0.2940E+03  0.8665E+00
  0.2950E+03  0.8315E+00
  0.2960E+03  0.8453E+00
  0.2970E+03  0.7972E+00
  0.2980E+03  0.8168E+00
  0.2990E+03  0.7881E+00
  0.3000E+03  0.7098E+00
  0.3010E+03  0.6918E+00
  0.3020E+03  0.6178E+00
  0.3030E+03  0.7256E+00
  0.3040E+03  0.7566E+00
  0.3050E+03  0.7386E+00
  0.3060E+03  0.6380E+00
  0.3070E+03  0.7214E+00
  0.3080E+03  0.7835E+00
  0.3090E+03  0.6880E+00
  0.3100E+03  0.6997E+00
  0.3110E+03  0.6609E+00
  0.3120E+03  0.7152E+00
  0.3130E+03  0.7053E+00
  0.3140E+03  0.7032E+00
  0.3150E+03  0.5719E+00
  0.3160E+03  0.5824E+00
  0.3170E+03  0.7628E+00
  0.3180E+03  0.6980E+00
  0.3190E+03  0.5664E+00
  0.3200E+03  0.5749E+00
  0.3210E+03  0.6459E+00
  0.3220E+03  0.6752E+00
  0.3230E+03  0.6170E+00
  0.3240E+03  0.6329E+00
  0.3250E+03  0.5726E+00
  0.3260E+03  0.5490E+00
  0.3270E+03  0.5561E+00
  0.3280E+03  0.4938E+00
  0.3290E+03  0.5366E+00
  0.3300E+03  0.5978E+00
  0.3310E+03  0.5588E+00
  0.3320E+03  0.4716E+00
  0.3330E+03  0.4670E+00
  0.3340E+03  0.5768E+00
  0.3350E+03  0.5142E+00
  0.3360E+03  0.4683E+00
  0.3370E+03  0.3763E+00
  0.3380E+03  0.4477E+00
  0.3390E+03  0.4554E+00
  0.3400E+03  0.4346E+00
  0.3410E+03  0.4153E+00
  0.3420E+03  0.4556E+00
  0.3430E+03  0.5346E+00
  0.3440E+03  0.4469E+00
  0.3450E+03  0.5537E+00
  0.3460E+03  0.4664E+00
  0.3470E+03  0.3777E+00
  0.3480E+03  0.4745E+00
  0.3490E+03  0.4367E+00
  0.3500E+03  0.3606E+00
  0.3510E+03  0.3344E+00
  0.3520E+03  0.3591E+00
  0.3530E+03  0.3949E+00
  0.3540E+03  0.3902E+00
  0.3550E+03  0.3911E+00
  0.3560E+03  0.3465E+00
  0.3570E+03  0.3077E+00
  0.3580E+03  0.3698E+00
  0.3590E+03  0.3461E+00
  0.3600E+03  0.3085E+00
  0.3610E+03  0.3927E+00
  0.3620E+03  0.3342E+00
  0.3630E+03  0.2968E+00
  0.3640E+03  0.3955E+00
  0.3650E+03  0.3374E+00
  0.3660E+03  0.3372E+00
  0.3670E+03  0.4202E+00
  0.3680E+03  0.2566E+00
  0.3690E+03  0.3544E+00
  0.3700E+03  0.3591E+00
  0.3710E+03  0.3242E+00
  0.3720E+03  0.2878E+00
  0.3730E+03  0.3101E+00
  0.3740E+03  0.2778E+00
  0.3750E+03  0.2509E+00
  0.3760E+03  0.2276E+00
  0.3770E+03  0.3017E+00
  0.3780E+03  0.2931E+00
  0.3790E+03  0.2921E+00
  0.3800E+03  0.2411E+00
  0.3810E+03  0.1611E+00
  0.3820E+03  0.2221E+00
  0.3830E+03  0.2876E+00
  0.3840E+03  0.2173E+00
  0.3850E+03  0.3126E+00
  0.3860E+03  0.2612E+00
  0.3870E+03  0.1727E+00
  0.3880E+03  0.2796E+00
  0.3890E+03  0.2389E+00
  0.3900E+03  0.1481E+00
  0.3910E+03  0.1454E+00
  0.3920E+03  0.2128E+00
  0.3930E+03  0.2379E+00
  0.3940E+03  0.2494E+00
  0.3950E+03  0.1868E+00
  0.3960E+03  0.1394E+00
  0.3970E+03  0.1678E+00
  0.3980E+03  0.2096E+00
  0.3990E+03  0.2506E+00
  0.4000E+03  0.1592E+00
  0.4010E+03  0.1165E+00
  0.4020E+03  0.2542E+00
  0.4030E+03  0.1828E+00
  0.4040E+03  0.1467E+00
  0.4050E+03  0.1094E+00
  0.4060E+03  0.1599E+00
  0.4070E+03  0.2408E+00
  0.4080E+03  0.2616E+00
  0.4090E+03  0.1186E+00
  0.4100E+03  0.1073E+00
  0.4110E+03  0.1419E+00
  0.4120E+03  0.2004E+00
  0.4130E+03  0.2863E+00
  0.4140E+03  0.2350E+00
  0.4150E+03  0.1555E+00
  0.4160E+03  0.1777E+00
  0.4170E+03  0.1445E+00
  0.4180E+03  0.1363E+00
  0.4190E+03  0.1645E+00
  0.4200E+03  0.1809E+00
  0.4210E+03  0.9973E-01
  0.4220E+03  0.1658E+00
  0.4230E+03  0.1759E+00
  0.4240E+03  0.1763E+00
  0.4250E+03  0.8511E-01
  0.4260E+03  0.6768E-01
  0.4270E+03  0.1022E+00
  0.4280E+03  0.1762E+00
  0.4290E+03  0.1256E+00
  0.4300E+03  0.1541E+00
  0.4310E+03  0.9191E-01
  0.4320E+03  0.1485E+00
  0.4330E+03  0.1598E+00
  0.4340E+03  0.1113E+00
  0.4350E+03  0.1142E+00
  0.4360E+03  0.4761E-01
  0.4370E+03  0.9892E-01
  0.4380E+03  0.1207E+00
  0.4390E+03  0.1105E+00
  0.4400E+03  0.1027E+00
  0.4410E+03  0.6055E-01
  0.4420E+03  0.8324E-01
  0.4430E+03  0.9034E-01
  0.4440E+03  0.5479E-01
  0.4450E+03  0.7240E-01
  0.4460E+03  0.2894E-01
  0.4470E+03  0.1124E+00
  0.4480E+03  0.4768E-01
  0.4490E+03  0.7444E-01
  0.4500E+03  0.1031E+00
  0.4510E+03  0.7182E-01
  0.4520E+03  0.5471E-01
  0.4530E+03  0.1015E+00
  0.4540E+03  0.6770E-01
  0.4550E+03  0.6822E-01
  0.4560E+03  0.9120E-01
  0.4570E+03  0.7089E-01
  0.4580E+03  0.3194E-01
  0.4590E+03  0.7501E-01
  0.4600E+03  0.4565E-01
  0.4610E+03  0.6084E-01
  0.4620E+03  0.3253E-01
  0.4630E+03  0.5425E-01
  0.4640E+03  0.9926E-02
  0.4650E+03  0.4518E-01
  0.4660E+03  0.3149E-01
  0.4670E+03  0.2497E-01
  0.4680E+03  0.8389E-01
  0.4690E+03  0.4811E-01
  0.4700E+03  0.9358E-01
  0.4710E+03  0.4461E-01
  0.4720E+03  0.2835E-01
  0.4730E+03  0.3397E-01
  0.4740E+03  0.4963E-01
  0.4750E+03  0.4743E-01
  0.4760E+03  0.4139E-01
  0.4770E+03  0.4092E-01
  0.4780E+03  0.2937E-01
  0.4790E+03  0.1059E+00
  0.4800E+03  0.5855E-01
  0.4810E+03  0.2926E-01
  0.4820E+03  0.2933E-01
  0.4830E+03  0.6227E-01
  0.4840E+03  0.3318E-01
  0.4850E+03  0.5685E-01
  0.4860E+03  0.5786E-02
  0.4870E+03  0.4907E-01
  0.4880E+03  0.2088E-01
  0.4890E+03  0.3871E-01
  0.4900E+03  0.3544E-01
  0.4910E+03  0.2086E-01
  0.4920E+03  0.3375E-01
  0.4930E+03  0.3444E-01
  0.4940E+03  0.2593E-01
  0.4950E+03  0.8390E-01
  0.4960E+03  0.8780E-02
  0.4970E+03  0.4912E-01
  0.4980E+03  0.2033E-01
  0.4990E+03  0.2089E-01
  0.5000E+03  0.8205E-02
  0.5010E+03  0.1420E-01
  0.5020E+03  0.0000E+00
  0.5030E+03  0.1412E-01
  0.5040E+03  0.3965E-01
  0.5050E+03  0.3885E-01
  0.5060E+03  0.1781E-01
  0.5070E+03  0.1050E-01
  0.5080E+03  0.1673E-01
  0.5090E+03  0.6663E-01
  0.5100E+03  0.3335E-01
  0.5110E+03  0.0000E+00
  0.5120E+03  0.0000E+00
