  0.1000E+01  0.6836E+01
  0.2000E+01  0.7554E+01
  0.3000E+01  0.7793E+01
  0.4000E+01  0.8307E+01
  0.5000E+01  0.8411E+01
  0.6000E+01  0.8474E+01
  0.7000E+01  0.8592E+01
  0.8000E+01  0.8584E+01
  0.9000E+01  0.8621E+01
  0.1000E+02  0.8815E+01
  0.1100E+02  0.8814E+01
  0.1200E+02  0.8509E+01
  0.1300E+02  0.8399E+01
  0.1400E+02  0.8697E+01
  0.1500E+02  0.8746E+01
  0.1600E+02  0.8791E+01
  0.1700E+02  0.8571E+01
  0.1800E+02  0.8643E+01
  0.1900E+02  0.9044E+01
  0.2000E+02  0.8954E+01
  0.2100E+02  0.8466E+01
  0.2200E+02  0.8743E+01
  0.2300E+02  0.8443E+01
  0.2400E+02  0.8461E+01
  0.2500E+02  0.8547E+01
  0.2600E+02  0.8664E+01
  0.2700E+02  0.8399E+01
  0.2800E+02  0.8429E+01
  0.2900E+02  0.8556E+01
  0.3000E+02  0.8450E+01
  0.3100E+02  0.8405E+01
  0.3200E+02  0.8890E+01
  0.3300E+02  0.8367E+01
  0.3400E+02  0.8306E+01
  0.3500E+02  0.8394E+01
  0.3600E+02  0.8021E+01
  0.3700E+02  0.7870E+01
  0.3800E+02  0.8167E+01
  0.3900E+02  0.7852E+01
  0.4000E+02  0.8072E+01
  0.4100E+02  0.8023E+01
  0.4200E+02  0.8261E+01
  0.4300E+02  0.8263E+01
  0.4400E+02  0.8259E+01
  0.4500E+02  0.8023E+01
  0.4600E+02  0.8936E+01
  0.4700E+02  0.8458E+01
  0.4800E+02  0.8509E+01
  0.4900E+02  0.8661E+01
  0.5000E+02  0.8737E+01
  0.5100E+02  0.8522E+01
  0.5200E+02  0.9040E+01
  0.5300E+02  0.9508E+01
  0.5400E+02  0.9189E+01
  0.5500E+02  0.9437E+01
  0.5600E+02  0.9504E+01
  0.5700E+02  0.9594E+01
  0.5800E+02  0.9566E+01
  0.5900E+02  0.9870E+01
  0.6000E+02  0.1050E+02
  0.6100E+02  0.1070E+02
  0.6200E+02  0.1053E+02
  0.6300E+02  0.1123E+02
  0.6400E+02  0.1085E+02
  0.6500E+02  0.1153E+02
  0.6600E+02  0.1143E+02
  0.6700E+02  0.1163E+02
  0.6800E+02  0.1179E+02
  0.6900E+02  0.1189E+02
  0.7000E+02  0.1212E+02
  0.7100E+02  0.1260E+02
  0.7200E+02  0.1237E+02
  0.7300E+02  0.1223E+02
  0.7400E+02  0.1293E+02
  0.7500E+02  0.1257E+02
  0.7600E+02  0.1315E+02
  0.7700E+02  0.1287E+02
  0.7800E+02  0.1305E+02
  0.7900E+02  0.1297E+02
  0.8000E+02  0.1320E+02
  0.8100E+02  0.1321E+02
  0.8200E+02  0.1309E+02
  0.8300E+02  0.1326E+02
  0.8400E+02  0.1324E+02
  0.8500E+02  0.1337E+02
  0.8600E+02  0.1328E+02
  0.8700E+02  0.1376E+02
  0.8800E+02  0.1320E+02
  0.8900E+02  0.1324E+02
  0.9000E+02  0.1345E+02
  0.9100E+02  0.1332E+02
  0.9200E+02  0.1353E+02
  0.9300E+02  0.1327E+02
  0.9400E+02  0.1330E+02
  0.9500E+02  0.1395E+02
  0.9600E+02  0.1342E+02
  0.9700E+02  0.1369E+02
  0.9800E+02  0.1378E+02
  0.9900E+02  0.1350E+02
  0.1000E+03  0.1356E+02
  0.1010E+03  0.1348E+02
  0.1020E+03  0.1327E+02
  0.1030E+03  0.1326E+02
  0.1040E+03  0.1364E+02
  0.1050E+03  0.1401E+02
  0.1060E+03  0.1337E+02
  0.1070E+03  0.1446E+02
  0.1080E+03  0.1374E+02
  0.1090E+03  0.1369E+02
  0.1100E+03  0.1359E+02
  0.1110E+03  0.1382E+02
  0.1120E+03  0.1428E+02
  0.1130E+03  0.1400E+02
  0.1140E+03  0.1362E+02
  0.1150E+03  0.1376E+02
  0.1160E+03  0.1451E+02
  0.1170E+03  0.1436E+02
  0.1180E+03  0.1450E+02
  0.1190E+03  0.1481E+02
  0.1200E+03  0.1471E+02
  0.1210E+03  0.1412E+02
  0.1220E+03  0.1446E+02
  0.1230E+03  0.1543E+02
  0.1240E+03  0.1535E+02
  0.1250E+03  0.1553E+02
  0.1260E+03  0.1506E+02
  0.1270E+03  0.1574E+02
  0.1280E+03  0.1561E+02
  0.1290E+03  0.1559E+02
  0.1300E+03  0.1598E+02
  0.1310E+03  0.1596E+02
  0.1320E+03  0.1604E+02
  0.1330E+03  0.1706E+02
  0.1340E+03  0.1577E+02
  0.1350E+03  0.1669E+02
  0.1360E+03  0.1670E+02
  0.1370E+03  0.1729E+02
  0.1380E+03  0.1724E+02
  0.1390E+03  0.1733E+02
  0.1400E+03  0.1768E+02
  0.1410E+03  0.1777E+02
  0.1420E+03  0.1804E+02
  0.1430E+03  0.1836E+02
  0.1440E+03  0.1812E+02
  0.1450E+03  0.1838E+02
  0.1460E+03  0.1823E+02
  0.1470E+03  0.1844E+02
  0.1480E+03  0.1913E+02
  0.1490E+03  0.1901E+02
  0.1500E+03  0.1964E+02
  0.1510E+03  0.1960E+02
  0.1520E+03  0.1941E+02
  0.1530E+03  0.2005E+02
  0.1540E+03  0.2052E+02
  0.1550E+03  0.2043E+02
  0.1560E+03  0.2091E+02
  0.1570E+03  0.2126E+02
  0.1580E+03  0.2091E+02
  0.1590E+03  0.2148E+02
  0.1600E+03  0.2193E+02
  0.1610E+03  0.2186E+02
  0.1620E+03  0.2139E+02
  0.1630E+03  0.2198E+02
  0.1640E+03  0.2238E+02
  0.1650E+03  0.2267E+02
  0.1660E+03  0.2188E+02
  0.1670E+03  0.2264E+02
  0.1680E+03  0.2248E+02
  0.1690E+03  0.2301E+02
  0.1700E+03  0.2252E+02
  0.1710E+03  0.2235E+02
  0.1720E+03  0.2222E+02
  0.1730E+03  0.2218E+02
  0.1740E+03  0.2153E+02
  0.1750E+03  0.2193E+02
  0.1760E+03  0.2166E+02
  0.1770E+03  0.2085E+02
  0.1780E+03  0.2062E+02
  0.1790E+03  0.2044E+02
  0.1800E+03  0.1983E+02
  0.1810E+03  0.1970E+02
  0.1820E+03  0.1903E+02
  0.1830E+03  0.1881E+02
  0.1840E+03  0.1881E+02
  0.1850E+03  0.1855E+02
  0.1860E+03  0.1785E+02
  0.1870E+03  0.1752E+02
  0.1880E+03  0.1731E+02
  0.1890E+03  0.1676E+02
  0.1900E+03  0.1637E+02
  0.1910E+03  0.1614E+02
  0.1920E+03  0.1583E+02
  0.1930E+03  0.1540E+02
  0.1940E+03  0.1528E+02
  0.1950E+03  0.1502E+02
  0.1960E+03  0.1469E+02
  0.1970E+03  0.1379E+02
  0.1980E+03  0.1356E+02
  0.1990E+03  0.1391E+02
  0.2000E+03  0.1322E+02
  0.2010E+03  0.1292E+02
  0.2020E+03  0.1242E+02
  0.2030E+03  0.1251E+02
  0.2040E+03  0.1190E+02
  0.2050E+03  0.1162E+02
  0.2060E+03  0.1165E+02
  0.2070E+03  0.1131E+02
  0.2080E+03  0.1111E+02
  0.2090E+03  0.1107E+02
  0.2100E+03  0.1078E+02
  0.2110E+03  0.1015E+02
  0.2120E+03  0.1039E+02
  0.2130E+03  0.1015E+02
  0.2140E+03  0.9895E+01
  0.2150E+03  0.9839E+01
  0.2160E+03  0.9664E+01
  0.2170E+03  0.9124E+01
  0.2180E+03  0.8886E+01
  0.2190E+03  0.9292E+01
  0.2200E+03  0.9598E+01
  0.2210E+03  0.8596E+01
  0.2220E+03  0.8761E+01
  0.2230E+03  0.8727E+01
  0.2240E+03  0.7816E+01
  0.2250E+03  0.8389E+01
  0.2260E+03  0.8068E+01
  0.2270E+03  0.7441E+01
  0.2280E+03  0.7536E+01
  0.2290E+03  0.7952E+01
  0.2300E+03  0.7657E+01
  0.2310E+03  0.7124E+01
  0.2320E+03  0.7511E+01
  0.2330E+03  0.6910E+01
  0.2340E+03  0.6934E+01
  0.2350E+03  0.7217E+01
  0.2360E+03  0.6557E+01
  0.2370E+03  0.6889E+01
  0.2380E+03  0.6504E+01
  0.2390E+03  0.6631E+01
  0.2400E+03  0.6314E+01
  0.2410E+03  0.5680E+01
  0.2420E+03  0.5837E+01
  0.2430E+03  0.6068E+01
  0.2440E+03  0.6057E+01
  0.2450E+03  0.5862E+01
  0.2460E+03  0.5632E+01
  0.2470E+03  0.5692E+01
  0.2480E+03  0.5228E+01
  0.2490E+03  0.5656E+01
  0.2500E+03  0.5633E+01
  0.2510E+03  0.5456E+01
  0.2520E+03  0.5060E+01
  0.2530E+03  0.5108E+01
  0.2540E+03  0.5153E+01
  0.2550E+03  0.5026E+01
  0.2560E+03  0.4719E+01
  0.2570E+03  0.5144E+01
  0.2580E+03  0.4829E+01
  0.2590E+03  0.4881E+01
  0.2600E+03  0.4711E+01
  0.2610E+03  0.4797E+01
  0.2620E+03  0.4411E+01
  0.2630E+03  0.4355E+01
  0.2640E+03  0.4771E+01
  0.2650E+03  0.4600E+01
  0.2660E+03  0.4504E+01
  0.2670E+03  0.4089E+01
  0.2680E+03  0.4285E+01
  0.2690E+03  0.4057E+01
  0.2700E+03  0.4451E+01
  0.2710E+03  0.3907E+01
  0.2720E+03  0.3921E+01
  0.2730E+03  0.4025E+01
  0.2740E+03  0.4200E+01
  0.2750E+03  0.3820E+01
  0.2760E+03  0.3697E+01
  0.2770E+03  0.3660E+01
  0.2780E+03  0.3858E+01
  0.2790E+03  0.3571E+01
  0.2800E+03  0.3553E+01
  0.2810E+03  0.3438E+01
  0.2820E+03  0.3293E+01
  0.2830E+03  0.3645E+01
  0.2840E+03  0.3263E+01
  0.2850E+03  0.3290E+01
  0.2860E+03  0.3406E+01
  0.2870E+03  0.3589E+01
  0.2880E+03  0.3156E+01
  0.2890E+03  0.3106E+01
  0.2900E+03  0.3352E+01
  0.2910E+03  0.3421E+01
  0.2920E+03  0.3132E+01
  0.2930E+03  0.2974E+01
  0.2940E+03  0.3048E+01
  0.2950E+03  0.2982E+01
  0.2960E+03  0.2963E+01
  0.2970E+03  0.3094E+01
  0.2980E+03  0.2809E+01
  0.2990E+03  0.2981E+01
  0.3000E+03  0.2829E+01
  0.3010E+03  0.2849E+01
  0.3020E+03  0.2768E+01
  0.3030E+03  0.2527E+01
  0.3040E+03  0.2752E+01
  0.3050E+03  0.2534E+01
  0.3060E+03  0.2622E+01
  0.3070E+03  0.2539E+01
  0.3080E+03  0.2543E+01
  0.3090E+03  0.2437E+01
  0.3100E+03  0.2412E+01
  0.3110E+03  0.2477E+01
  0.3120E+03  0.2300E+01
  0.3130E+03  0.2277E+01
  0.3140E+03  0.2529E+01
  0.3150E+03  0.2324E+01
  0.3160E+03  0.2350E+01
  0.3170E+03  0.2288E+01
  0.3180E+03  0.2215E+01
  0.3190E+03  0.2492E+01
  0.3200E+03  0.2055E+01
  0.3210E+03  0.2064E+01
  0.3220E+03  0.2281E+01
  0.3230E+03  0.2089E+01
  0.3240E+03  0.1964E+01
  0.3250E+03  0.2010E+01
  0.3260E+03  0.2074E+01
  0.3270E+03  0.1963E+01
  0.3280E+03  0.1846E+01
  0.3290E+03  0.2050E+01
  0.3300E+03  0.1885E+01
  0.3310E+03  0.1882E+01
  0.3320E+03  0.1934E+01
  0.3330E+03  0.1949E+01
  0.3340E+03  0.1955E+01
  0.3350E+03  0.2034E+01
  0.3360E+03  0.1819E+01
  0.3370E+03  0.1806E+01
  0.3380E+03  0.1777E+01
  0.3390E+03  0.1801E+01
  0.3400E+03  0.1707E+01
  0.3410E+03  0.1868E+01
  0.3420E+03  0.1658E+01
  0.3430E+03  0.1931E+01
  0.3440E+03  0.1619E+01
  0.3450E+03  0.1843E+01
  0.3460E+03  0.1489E+01
  0.3470E+03  0.1651E+01
  0.3480E+03  0.1626E+01
  0.3490E+03  0.1676E+01
  0.3500E+03  0.1464E+01
  0.3510E+03  0.1451E+01
  0.3520E+03  0.1418E+01
  0.3530E+03  0.1558E+01
  0.3540E+03  0.1629E+01
  0.3550E+03  0.1544E+01
  0.3560E+03  0.1420E+01
  0.3570E+03  0.1289E+01
  0.3580E+03  0.1546E+01
  0.3590E+03  0.1709E+01
  0.3600E+03  0.1415E+01
  0.3610E+03  0.1303E+01
  0.3620E+03  0.1245E+01
  0.3630E+03  0.1407E+01
  0.3640E+03  0.1498E+01
  0.3650E+03  0.1371E+01
  0.3660E+03  0.1408E+01
  0.3670E+03  0.1337E+01
  0.3680E+03  0.1155E+01
  0.3690E+03  0.1371E+01
  0.3700E+03  0.1056E+01
  0.3710E+03  0.1205E+01
  0.3720E+03  0.1063E+01
  0.3730E+03  0.1318E+01
  0.3740E+03  0.1260E+01
  0.3750E+03  0.1283E+01
  0.3760E+03  0.1214E+01
  0.3770E+03  0.1178E+01
  0.3780E+03  0.1163E+01
  0.3790E+03  0.1112E+01
  0.3800E+03  0.1045E+01
  0.3810E+03  0.1264E+01
  0.3820E+03  0.1179E+01
  0.3830E+03  0.1017E+01
  0.3840E+03  0.1418E+01
  0.3850E+03  0.1047E+01
  0.3860E+03  0.1024E+01
  0.3870E+03  0.9689E+00
  0.3880E+03  0.9878E+00
  0.3890E+03  0.9649E+00
  0.3900E+03  0.1066E+01
  0.3910E+03  0.1124E+01
  0.3920E+03  0.9307E+00
  0.3930E+03  0.9430E+00
  0.3940E+03  0.9724E+00
  0.3950E+03  0.8883E+00
  0.3960E+03  0.8752E+00
  0.3970E+03  0.9441E+00
  0.3980E+03  0.8657E+00
  0.3990E+03  0.1034E+01
  0.4000E+03  0.9595E+00
  0.4010E+03  0.8690E+00
  0.4020E+03  0.8218E+00
  0.4030E+03  0.7169E+00
  0.4040E+03  0.7825E+00
  0.4050E+03  0.8077E+00
  0.4060E+03  0.6089E+00
  0.4070E+03  0.8647E+00
  0.4080E+03  0.7200E+00
  0.4090E+03  0.8293E+00
  0.4100E+03  0.8485E+00
  0.4110E+03  0.8610E+00
  0.4120E+03  0.6580E+00
  0.4130E+03  0.7722E+00
  0.4140E+03  0.8164E+00
  0.4150E+03  0.7600E+00
  0.4160E+03  0.6481E+00
  0.4170E+03  0.8034E+00
  0.4180E+03  0.7209E+00
  0.4190E+03  0.8420E+00
  0.4200E+03  0.8235E+00
  0.4210E+03  0.7215E+00
  0.4220E+03  0.6168E+00
  0.4230E+03  0.6231E+00
  0.4240E+03  0.5924E+00
  0.4250E+03  0.6283E+00
  0.4260E+03  0.5568E+00
  0.4270E+03  0.6162E+00
  0.4280E+03  0.5417E+00
  0.4290E+03  0.6716E+00
  0.4300E+03  0.5554E+00
  0.4310E+03  0.6035E+00
  0.4320E+03  0.4920E+00
  0.4330E+03  0.5493E+00
  0.4340E+03  0.5835E+00
  0.4350E+03  0.4938E+00
  0.4360E+03  0.6006E+00
  0.4370E+03  0.5811E+00
  0.4380E+03  0.4476E+00
  0.4390E+03  0.4917E+00
  0.4400E+03  0.5001E+00
  0.4410E+03  0.6380E+00
  0.4420E+03  0.5629E+00
  0.4430E+03  0.4222E+00
  0.4440E+03  0.4235E+00
  0.4450E+03  0.5064E+00
  0.4460E+03  0.4852E+00
  0.4470E+03  0.4848E+00
  0.4480E+03  0.4519E+00
  0.4490E+03  0.4435E+00
  0.4500E+03  0.3358E+00
  0.4510E+03  0.4046E+00
  0.4520E+03  0.4671E+00
  0.4530E+03  0.4806E+00
  0.4540E+03  0.3733E+00
  0.4550E+03  0.4182E+00
  0.4560E+03  0.4690E+00
  0.4570E+03  0.5017E+00
  0.4580E+03  0.4810E+00
  0.4590E+03  0.4499E+00
  0.4600E+03  0.3671E+00
  0.4610E+03  0.3886E+00
  0.4620E+03  0.4316E+00
  0.4630E+03  0.4038E+00
  0.4640E+03  0.3488E+00
  0.4650E+03  0.4244E+00
  0.4660E+03  0.3917E+00
  0.4670E+03  0.5003E+00
  0.4680E+03  0.3870E+00
  0.4690E+03  0.3647E+00
  0.4700E+03  0.3460E+00
  0.4710E+03  0.3464E+00
  0.4720E+03  0.2871E+00
  0.4730E+03  0.2840E+00
  0.4740E+03  0.3114E+00
  0.4750E+03  0.3740E+00
  0.4760E+03  0.3079E+00
  0.4770E+03  0.3030E+00
  0.4780E+03  0.3365E+00
  0.4790E+03  0.2584E+00
  0.4800E+03  0.2300E+00
  0.4810E+03  0.1926E+00
  0.4820E+03  0.2374E+00
  0.4830E+03  0.1852E+00
  0.4840E+03  0.2439E+00
  0.4850E+03  0.2241E+00
  0.4860E+03  0.1877E+00
  0.4870E+03  0.2526E+00
  0.4880E+03  0.2638E+00
  0.4890E+03  0.3241E+00
  0.4900E+03  0.3265E+00
  0.4910E+03  0.2757E+00
  0.4920E+03  0.2595E+00
  0.4930E+03  0.1730E+00
  0.4940E+03  0.2546E+00
  0.4950E+03  0.1531E+00
  0.4960E+03  0.2499E+00
  0.4970E+03  0.2163E+00
  0.4980E+03  0.2136E+00
  0.4990E+03  0.1985E+00
  0.5000E+03  0.1646E+00
  0.5010E+03  0.2352E+00
  0.5020E+03  0.2188E+00
  0.5030E+03  0.2307E+00
  0.5040E+03  0.2237E+00
  0.5050E+03  0.1377E+00
  0.5060E+03  0.9022E-01
  0.5070E+03  0.2369E+00
  0.5080E+03  0.1783E+00
  0.5090E+03  0.1039E+00
  0.5100E+03  0.1347E+00
  0.5110E+03  0.0000E+00
  0.5120E+03  0.0000E+00
