  0.1000E+01  0.1290E+01
  0.2000E+01  0.1387E+01
  0.3000E+01  0.1395E+01
  0.4000E+01  0.1377E+01
  0.5000E+01  0.1338E+01
  0.6000E+01  0.1322E+01
  0.7000E+01  0.1302E+01
  0.8000E+01  0.1212E+01
  0.9000E+01  0.1187E+01
  0.1000E+02  0.1123E+01
  0.1100E+02  0.1051E+01
  0.1200E+02  0.1011E+01
  0.1300E+02  0.9657E+00
  0.1400E+02  0.9211E+00
  0.1500E+02  0.8454E+00
  0.1600E+02  0.8039E+00
  0.1700E+02  0.7540E+00
  0.1800E+02  0.7047E+00
  0.1900E+02  0.6570E+00
  0.2000E+02  0.6104E+00
  0.2100E+02  0.5699E+00
  0.2200E+02  0.5418E+00
  0.2300E+02  0.4953E+00
  0.2400E+02  0.4587E+00
  0.2500E+02  0.4328E+00
  0.2600E+02  0.4071E+00
  0.2700E+02  0.3749E+00
  0.2800E+02  0.3526E+00
  0.2900E+02  0.3299E+00
  0.3000E+02  0.3059E+00
  0.3100E+02  0.2826E+00
  0.3200E+02  0.2652E+00
  0.3300E+02  0.2406E+00
  0.3400E+02  0.2220E+00
  0.3500E+02  0.2181E+00
  0.3600E+02  0.1999E+00
  0.3700E+02  0.1949E+00
  0.3800E+02  0.1824E+00
  0.3900E+02  0.1771E+00
  0.4000E+02  0.1758E+00
  0.4100E+02  0.1796E+00
  0.4200E+02  0.1789E+00
  0.4300E+02  0.1882E+00
  0.4400E+02  0.1920E+00
  0.4500E+02  0.2033E+00
  0.4600E+02  0.2238E+00
  0.4700E+02  0.2419E+00
  0.4800E+02  0.2627E+00
  0.4900E+02  0.3038E+00
  0.5000E+02  0.3263E+00
  0.5100E+02  0.3595E+00
  0.5200E+02  0.3879E+00
  0.5300E+02  0.4498E+00
  0.5400E+02  0.4669E+00
  0.5500E+02  0.5236E+00
  0.5600E+02  0.5645E+00
  0.5700E+02  0.6064E+00
  0.5800E+02  0.6349E+00
  0.5900E+02  0.6797E+00
  0.6000E+02  0.7267E+00
  0.6100E+02  0.7443E+00
  0.6200E+02  0.7933E+00
  0.6300E+02  0.8264E+00
  0.6400E+02  0.8621E+00
  0.6500E+02  0.8638E+00
  0.6600E+02  0.9157E+00
  0.6700E+02  0.9369E+00
  0.6800E+02  0.9748E+00
  0.6900E+02  0.9790E+00
  0.7000E+02  0.9892E+00
  0.7100E+02  0.1040E+01
  0.7200E+02  0.1064E+01
  0.7300E+02  0.1063E+01
  0.7400E+02  0.1078E+01
  0.7500E+02  0.1080E+01
  0.7600E+02  0.1114E+01
  0.7700E+02  0.1150E+01
  0.7800E+02  0.1193E+01
  0.7900E+02  0.1214E+01
  0.8000E+02  0.1229E+01
  0.8100E+02  0.1308E+01
  0.8200E+02  0.1332E+01
  0.8300E+02  0.1373E+01
  0.8400E+02  0.1452E+01
  0.8500E+02  0.1522E+01
  0.8600E+02  0.1561E+01
  0.8700E+02  0.1653E+01
  0.8800E+02  0.1712E+01
  0.8900E+02  0.1857E+01
  0.9000E+02  0.1930E+01
  0.9100E+02  0.2118E+01
  0.9200E+02  0.2256E+01
  0.9300E+02  0.2456E+01
  0.9400E+02  0.2712E+01
  0.9500E+02  0.2943E+01
  0.9600E+02  0.3224E+01
  0.9700E+02  0.3433E+01
  0.9800E+02  0.3669E+01
  0.9900E+02  0.3878E+01
  0.1000E+03  0.4040E+01
  0.1010E+03  0.4138E+01
  0.1020E+03  0.4211E+01
  0.1030E+03  0.4167E+01
  0.1040E+03  0.4090E+01
  0.1050E+03  0.3921E+01
  0.1060E+03  0.3718E+01
  0.1070E+03  0.3560E+01
  0.1080E+03  0.3336E+01
  0.1090E+03  0.3117E+01
  0.1100E+03  0.2857E+01
  0.1110E+03  0.2655E+01
  0.1120E+03  0.2423E+01
  0.1130E+03  0.2183E+01
  0.1140E+03  0.2005E+01
  0.1150E+03  0.1825E+01
  0.1160E+03  0.1629E+01
  0.1170E+03  0.1455E+01
  0.1180E+03  0.1310E+01
  0.1190E+03  0.1173E+01
  0.1200E+03  0.1069E+01
  0.1210E+03  0.1005E+01
  0.1220E+03  0.9078E+00
  0.1230E+03  0.8757E+00
  0.1240E+03  0.8012E+00
  0.1250E+03  0.7742E+00
  0.1260E+03  0.7528E+00
  0.1270E+03  0.7243E+00
  0.1280E+03  0.6724E+00
  0.1290E+03  0.6713E+00
  0.1300E+03  0.6463E+00
  0.1310E+03  0.6187E+00
  0.1320E+03  0.5797E+00
  0.1330E+03  0.5480E+00
  0.1340E+03  0.5144E+00
  0.1350E+03  0.4691E+00
  0.1360E+03  0.4092E+00
  0.1370E+03  0.3853E+00
  0.1380E+03  0.3436E+00
  0.1390E+03  0.3042E+00
  0.1400E+03  0.2784E+00
  0.1410E+03  0.2406E+00
  0.1420E+03  0.2204E+00
  0.1430E+03  0.2018E+00
  0.1440E+03  0.1938E+00
  0.1450E+03  0.1805E+00
  0.1460E+03  0.1722E+00
  0.1470E+03  0.1803E+00
  0.1480E+03  0.1653E+00
  0.1490E+03  0.1645E+00
  0.1500E+03  0.1587E+00
  0.1510E+03  0.1571E+00
  0.1520E+03  0.1546E+00
  0.1530E+03  0.1418E+00
  0.1540E+03  0.1492E+00
  0.1550E+03  0.1531E+00
  0.1560E+03  0.1570E+00
  0.1570E+03  0.1470E+00
  0.1580E+03  0.1391E+00
  0.1590E+03  0.1447E+00
  0.1600E+03  0.1516E+00
  0.1610E+03  0.1580E+00
  0.1620E+03  0.1565E+00
  0.1630E+03  0.1469E+00
  0.1640E+03  0.1526E+00
  0.1650E+03  0.1534E+00
  0.1660E+03  0.1659E+00
  0.1670E+03  0.1615E+00
  0.1680E+03  0.1649E+00
  0.1690E+03  0.1764E+00
  0.1700E+03  0.1680E+00
  0.1710E+03  0.1680E+00
  0.1720E+03  0.1764E+00
  0.1730E+03  0.1747E+00
  0.1740E+03  0.1810E+00
  0.1750E+03  0.1806E+00
  0.1760E+03  0.1842E+00
  0.1770E+03  0.1899E+00
  0.1780E+03  0.1885E+00
  0.1790E+03  0.1852E+00
  0.1800E+03  0.1828E+00
  0.1810E+03  0.1820E+00
  0.1820E+03  0.1818E+00
  0.1830E+03  0.1757E+00
  0.1840E+03  0.1796E+00
  0.1850E+03  0.1731E+00
  0.1860E+03  0.1767E+00
  0.1870E+03  0.1780E+00
  0.1880E+03  0.1662E+00
  0.1890E+03  0.1664E+00
  0.1900E+03  0.1649E+00
  0.1910E+03  0.1646E+00
  0.1920E+03  0.1581E+00
  0.1930E+03  0.1557E+00
  0.1940E+03  0.1517E+00
  0.1950E+03  0.1539E+00
  0.1960E+03  0.1449E+00
  0.1970E+03  0.1429E+00
  0.1980E+03  0.1421E+00
  0.1990E+03  0.1363E+00
  0.2000E+03  0.1310E+00
  0.2010E+03  0.1329E+00
  0.2020E+03  0.1352E+00
  0.2030E+03  0.1246E+00
  0.2040E+03  0.1326E+00
  0.2050E+03  0.1242E+00
  0.2060E+03  0.1201E+00
  0.2070E+03  0.1161E+00
  0.2080E+03  0.1174E+00
  0.2090E+03  0.1203E+00
  0.2100E+03  0.1120E+00
  0.2110E+03  0.1150E+00
  0.2120E+03  0.1052E+00
  0.2130E+03  0.9726E-01
  0.2140E+03  0.1002E+00
  0.2150E+03  0.9908E-01
  0.2160E+03  0.9748E-01
  0.2170E+03  0.9324E-01
  0.2180E+03  0.9644E-01
  0.2190E+03  0.9633E-01
  0.2200E+03  0.9726E-01
  0.2210E+03  0.8700E-01
  0.2220E+03  0.9345E-01
  0.2230E+03  0.8476E-01
  0.2240E+03  0.8125E-01
  0.2250E+03  0.8223E-01
  0.2260E+03  0.8323E-01
  0.2270E+03  0.7426E-01
  0.2280E+03  0.7260E-01
  0.2290E+03  0.7097E-01
  0.2300E+03  0.6781E-01
  0.2310E+03  0.7324E-01
  0.2320E+03  0.6324E-01
  0.2330E+03  0.6185E-01
  0.2340E+03  0.5923E-01
  0.2350E+03  0.6813E-01
  0.2360E+03  0.6608E-01
  0.2370E+03  0.5836E-01
  0.2380E+03  0.5611E-01
  0.2390E+03  0.6007E-01
  0.2400E+03  0.5153E-01
  0.2410E+03  0.5646E-01
  0.2420E+03  0.5420E-01
  0.2430E+03  0.4672E-01
  0.2440E+03  0.4577E-01
  0.2450E+03  0.4561E-01
  0.2460E+03  0.4450E-01
  0.2470E+03  0.3979E-01
  0.2480E+03  0.4544E-01
  0.2490E+03  0.4622E-01
  0.2500E+03  0.4126E-01
  0.2510E+03  0.3998E-01
  0.2520E+03  0.3378E-01
  0.2530E+03  0.3645E-01
  0.2540E+03  0.3094E-01
  0.2550E+03  0.3703E-01
  0.2560E+03  0.3455E-01
  0.2570E+03  0.3414E-01
  0.2580E+03  0.3532E-01
  0.2590E+03  0.3003E-01
  0.2600E+03  0.3117E-01
  0.2610E+03  0.3477E-01
  0.2620E+03  0.3006E-01
  0.2630E+03  0.2645E-01
  0.2640E+03  0.2910E-01
  0.2650E+03  0.2815E-01
  0.2660E+03  0.2863E-01
  0.2670E+03  0.2974E-01
  0.2680E+03  0.2626E-01
  0.2690E+03  0.2763E-01
  0.2700E+03  0.2405E-01
  0.2710E+03  0.2570E-01
  0.2720E+03  0.2438E-01
  0.2730E+03  0.2431E-01
  0.2740E+03  0.2506E-01
  0.2750E+03  0.2144E-01
  0.2760E+03  0.2232E-01
  0.2770E+03  0.2341E-01
  0.2780E+03  0.2482E-01
  0.2790E+03  0.2269E-01
  0.2800E+03  0.2433E-01
  0.2810E+03  0.2193E-01
  0.2820E+03  0.1972E-01
  0.2830E+03  0.1870E-01
  0.2840E+03  0.2055E-01
  0.2850E+03  0.2347E-01
  0.2860E+03  0.2039E-01
  0.2870E+03  0.2075E-01
  0.2880E+03  0.1971E-01
  0.2890E+03  0.2312E-01
  0.2900E+03  0.2454E-01
  0.2910E+03  0.2238E-01
  0.2920E+03  0.1919E-01
  0.2930E+03  0.1884E-01
  0.2940E+03  0.1772E-01
  0.2950E+03  0.1582E-01
  0.2960E+03  0.2285E-01
  0.2970E+03  0.1639E-01
  0.2980E+03  0.2265E-01
  0.2990E+03  0.1910E-01
  0.3000E+03  0.1625E-01
  0.3010E+03  0.2064E-01
  0.3020E+03  0.2173E-01
  0.3030E+03  0.1740E-01
  0.3040E+03  0.1932E-01
  0.3050E+03  0.1524E-01
  0.3060E+03  0.1551E-01
  0.3070E+03  0.1609E-01
  0.3080E+03  0.1916E-01
  0.3090E+03  0.2045E-01
  0.3100E+03  0.1940E-01
  0.3110E+03  0.1838E-01
  0.3120E+03  0.1657E-01
  0.3130E+03  0.1551E-01
  0.3140E+03  0.1574E-01
  0.3150E+03  0.1802E-01
  0.3160E+03  0.1623E-01
  0.3170E+03  0.1637E-01
  0.3180E+03  0.1637E-01
  0.3190E+03  0.1583E-01
  0.3200E+03  0.1663E-01
  0.3210E+03  0.2021E-01
  0.3220E+03  0.1697E-01
  0.3230E+03  0.1537E-01
  0.3240E+03  0.1523E-01
  0.3250E+03  0.1850E-01
  0.3260E+03  0.1659E-01
  0.3270E+03  0.1723E-01
  0.3280E+03  0.1841E-01
  0.3290E+03  0.1364E-01
  0.3300E+03  0.1499E-01
  0.3310E+03  0.1303E-01
  0.3320E+03  0.1479E-01
  0.3330E+03  0.1162E-01
  0.3340E+03  0.1451E-01
  0.3350E+03  0.1656E-01
  0.3360E+03  0.1310E-01
  0.3370E+03  0.1273E-01
  0.3380E+03  0.1592E-01
  0.3390E+03  0.1439E-01
  0.3400E+03  0.1447E-01
  0.3410E+03  0.1291E-01
  0.3420E+03  0.1412E-01
  0.3430E+03  0.1454E-01
  0.3440E+03  0.1398E-01
  0.3450E+03  0.1520E-01
  0.3460E+03  0.1502E-01
  0.3470E+03  0.1155E-01
  0.3480E+03  0.1225E-01
  0.3490E+03  0.1410E-01
  0.3500E+03  0.1177E-01
  0.3510E+03  0.1405E-01
  0.3520E+03  0.1511E-01
  0.3530E+03  0.1383E-01
  0.3540E+03  0.1188E-01
  0.3550E+03  0.1151E-01
  0.3560E+03  0.1332E-01
  0.3570E+03  0.1374E-01
  0.3580E+03  0.1076E-01
  0.3590E+03  0.1518E-01
  0.3600E+03  0.1074E-01
  0.3610E+03  0.1111E-01
  0.3620E+03  0.1384E-01
  0.3630E+03  0.1164E-01
  0.3640E+03  0.1324E-01
  0.3650E+03  0.1288E-01
  0.3660E+03  0.1272E-01
  0.3670E+03  0.1361E-01
  0.3680E+03  0.9850E-02
  0.3690E+03  0.1195E-01
  0.3700E+03  0.1116E-01
  0.3710E+03  0.1238E-01
  0.3720E+03  0.1333E-01
  0.3730E+03  0.1167E-01
  0.3740E+03  0.1272E-01
  0.3750E+03  0.1078E-01
  0.3760E+03  0.1299E-01
  0.3770E+03  0.1163E-01
  0.3780E+03  0.1163E-01
  0.3790E+03  0.8787E-02
  0.3800E+03  0.9307E-02
  0.3810E+03  0.1040E-01
  0.3820E+03  0.1193E-01
  0.3830E+03  0.1196E-01
  0.3840E+03  0.1223E-01
  0.3850E+03  0.1113E-01
  0.3860E+03  0.1149E-01
  0.3870E+03  0.1138E-01
  0.3880E+03  0.8634E-02
  0.3890E+03  0.8978E-02
  0.3900E+03  0.8617E-02
  0.3910E+03  0.1026E-01
  0.3920E+03  0.9012E-02
  0.3930E+03  0.8552E-02
  0.3940E+03  0.1029E-01
  0.3950E+03  0.9494E-02
  0.3960E+03  0.8287E-02
  0.3970E+03  0.8754E-02
  0.3980E+03  0.7523E-02
  0.3990E+03  0.8446E-02
  0.4000E+03  0.8935E-02
  0.4010E+03  0.8362E-02
  0.4020E+03  0.8604E-02
  0.4030E+03  0.9802E-02
  0.4040E+03  0.8834E-02
  0.4050E+03  0.6748E-02
  0.4060E+03  0.8953E-02
  0.4070E+03  0.8041E-02
  0.4080E+03  0.9113E-02
  0.4090E+03  0.1057E-01
  0.4100E+03  0.6960E-02
  0.4110E+03  0.7573E-02
  0.4120E+03  0.8649E-02
  0.4130E+03  0.8287E-02
  0.4140E+03  0.6306E-02
  0.4150E+03  0.6652E-02
  0.4160E+03  0.7804E-02
  0.4170E+03  0.8582E-02
  0.4180E+03  0.8087E-02
  0.4190E+03  0.6393E-02
  0.4200E+03  0.7497E-02
  0.4210E+03  0.7154E-02
  0.4220E+03  0.7256E-02
  0.4230E+03  0.7719E-02
  0.4240E+03  0.7705E-02
  0.4250E+03  0.7216E-02
  0.4260E+03  0.5766E-02
  0.4270E+03  0.8824E-02
  0.4280E+03  0.6909E-02
  0.4290E+03  0.6511E-02
  0.4300E+03  0.4626E-02
  0.4310E+03  0.5746E-02
  0.4320E+03  0.5378E-02
  0.4330E+03  0.5856E-02
  0.4340E+03  0.5330E-02
  0.4350E+03  0.5575E-02
  0.4360E+03  0.6150E-02
  0.4370E+03  0.5955E-02
  0.4380E+03  0.4992E-02
  0.4390E+03  0.6217E-02
  0.4400E+03  0.5193E-02
  0.4410E+03  0.5384E-02
  0.4420E+03  0.4340E-02
  0.4430E+03  0.6356E-02
  0.4440E+03  0.7147E-02
  0.4450E+03  0.4616E-02
  0.4460E+03  0.4288E-02
  0.4470E+03  0.4483E-02
  0.4480E+03  0.5721E-02
  0.4490E+03  0.4038E-02
  0.4500E+03  0.5864E-02
  0.4510E+03  0.6133E-02
  0.4520E+03  0.5856E-02
  0.4530E+03  0.4926E-02
  0.4540E+03  0.4487E-02
  0.4550E+03  0.5929E-02
  0.4560E+03  0.5176E-02
  0.4570E+03  0.4458E-02
  0.4580E+03  0.4337E-02
  0.4590E+03  0.3213E-02
  0.4600E+03  0.4451E-02
  0.4610E+03  0.5258E-02
  0.4620E+03  0.5100E-02
  0.4630E+03  0.4026E-02
  0.4640E+03  0.4285E-02
  0.4650E+03  0.4729E-02
  0.4660E+03  0.4878E-02
  0.4670E+03  0.3199E-02
  0.4680E+03  0.3921E-02
  0.4690E+03  0.4340E-02
  0.4700E+03  0.3547E-02
  0.4710E+03  0.5078E-02
  0.4720E+03  0.5520E-02
  0.4730E+03  0.3963E-02
  0.4740E+03  0.4638E-02
  0.4750E+03  0.3720E-02
  0.4760E+03  0.2922E-02
  0.4770E+03  0.5075E-02
  0.4780E+03  0.4321E-02
  0.4790E+03  0.3089E-02
  0.4800E+03  0.3599E-02
  0.4810E+03  0.3458E-02
  0.4820E+03  0.4471E-02
  0.4830E+03  0.3537E-02
  0.4840E+03  0.4678E-02
  0.4850E+03  0.2138E-02
  0.4860E+03  0.3270E-02
  0.4870E+03  0.2546E-02
  0.4880E+03  0.4389E-02
  0.4890E+03  0.2904E-02
  0.4900E+03  0.4861E-02
  0.4910E+03  0.3480E-02
  0.4920E+03  0.3041E-02
  0.4930E+03  0.7089E-02
  0.4940E+03  0.3813E-02
  0.4950E+03  0.3847E-02
  0.4960E+03  0.3160E-02
  0.4970E+03  0.3083E-02
  0.4980E+03  0.3907E-02
  0.4990E+03  0.3140E-02
  0.5000E+03  0.4476E-02
  0.5010E+03  0.2393E-02
  0.5020E+03  0.2796E-02
  0.5030E+03  0.3415E-02
  0.5040E+03  0.2081E-02
  0.5050E+03  0.3693E-02
  0.5060E+03  0.1604E-02
  0.5070E+03  0.2939E-02
  0.5080E+03  0.2709E-02
  0.5090E+03  0.2756E-02
  0.5100E+03  0.2361E-02
  0.5110E+03  0.0000E+00
  0.5120E+03  0.0000E+00
