  0.1000E+01  0.5992E+00
  0.2000E+01  0.6323E+00
  0.3000E+01  0.6046E+00
  0.4000E+01  0.5871E+00
  0.5000E+01  0.5686E+00
  0.6000E+01  0.5322E+00
  0.7000E+01  0.5056E+00
  0.8000E+01  0.4762E+00
  0.9000E+01  0.4459E+00
  0.1000E+02  0.3996E+00
  0.1100E+02  0.3718E+00
  0.1200E+02  0.3416E+00
  0.1300E+02  0.3224E+00
  0.1400E+02  0.2973E+00
  0.1500E+02  0.2740E+00
  0.1600E+02  0.2558E+00
  0.1700E+02  0.2257E+00
  0.1800E+02  0.2152E+00
  0.1900E+02  0.2115E+00
  0.2000E+02  0.1857E+00
  0.2100E+02  0.1768E+00
  0.2200E+02  0.1727E+00
  0.2300E+02  0.1562E+00
  0.2400E+02  0.1397E+00
  0.2500E+02  0.1341E+00
  0.2600E+02  0.1215E+00
  0.2700E+02  0.1264E+00
  0.2800E+02  0.1105E+00
  0.2900E+02  0.1118E+00
  0.3000E+02  0.9951E-01
  0.3100E+02  0.9854E-01
  0.3200E+02  0.9906E-01
  0.3300E+02  0.9370E-01
  0.3400E+02  0.9267E-01
  0.3500E+02  0.8708E-01
  0.3600E+02  0.8032E-01
  0.3700E+02  0.8294E-01
  0.3800E+02  0.8740E-01
  0.3900E+02  0.8414E-01
  0.4000E+02  0.8973E-01
  0.4100E+02  0.8908E-01
  0.4200E+02  0.9504E-01
  0.4300E+02  0.1021E+00
  0.4400E+02  0.9629E-01
  0.4500E+02  0.1119E+00
  0.4600E+02  0.1137E+00
  0.4700E+02  0.1258E+00
  0.4800E+02  0.1391E+00
  0.4900E+02  0.1544E+00
  0.5000E+02  0.1683E+00
  0.5100E+02  0.1763E+00
  0.5200E+02  0.2068E+00
  0.5300E+02  0.2134E+00
  0.5400E+02  0.2373E+00
  0.5500E+02  0.2561E+00
  0.5600E+02  0.2778E+00
  0.5700E+02  0.2892E+00
  0.5800E+02  0.3188E+00
  0.5900E+02  0.3217E+00
  0.6000E+02  0.3404E+00
  0.6100E+02  0.3505E+00
  0.6200E+02  0.3749E+00
  0.6300E+02  0.3766E+00
  0.6400E+02  0.3974E+00
  0.6500E+02  0.3994E+00
  0.6600E+02  0.4140E+00
  0.6700E+02  0.4229E+00
  0.6800E+02  0.4476E+00
  0.6900E+02  0.4447E+00
  0.7000E+02  0.4678E+00
  0.7100E+02  0.4768E+00
  0.7200E+02  0.5132E+00
  0.7300E+02  0.5380E+00
  0.7400E+02  0.5529E+00
  0.7500E+02  0.5725E+00
  0.7600E+02  0.5824E+00
  0.7700E+02  0.6293E+00
  0.7800E+02  0.6432E+00
  0.7900E+02  0.6892E+00
  0.8000E+02  0.7400E+00
  0.8100E+02  0.7638E+00
  0.8200E+02  0.7891E+00
  0.8300E+02  0.8613E+00
  0.8400E+02  0.8749E+00
  0.8500E+02  0.9264E+00
  0.8600E+02  0.9468E+00
  0.8700E+02  0.1031E+01
  0.8800E+02  0.1065E+01
  0.8900E+02  0.1122E+01
  0.9000E+02  0.1169E+01
  0.9100E+02  0.1221E+01
  0.9200E+02  0.1229E+01
  0.9300E+02  0.1278E+01
  0.9400E+02  0.1316E+01
  0.9500E+02  0.1329E+01
  0.9600E+02  0.1361E+01
  0.9700E+02  0.1357E+01
  0.9800E+02  0.1353E+01
  0.9900E+02  0.1303E+01
  0.1000E+03  0.1283E+01
  0.1010E+03  0.1187E+01
  0.1020E+03  0.1155E+01
  0.1030E+03  0.1097E+01
  0.1040E+03  0.1061E+01
  0.1050E+03  0.9686E+00
  0.1060E+03  0.9043E+00
  0.1070E+03  0.8146E+00
  0.1080E+03  0.7609E+00
  0.1090E+03  0.7290E+00
  0.1100E+03  0.6530E+00
  0.1110E+03  0.6031E+00
  0.1120E+03  0.5505E+00
  0.1130E+03  0.5070E+00
  0.1140E+03  0.4683E+00
  0.1150E+03  0.4464E+00
  0.1160E+03  0.3941E+00
  0.1170E+03  0.3683E+00
  0.1180E+03  0.3460E+00
  0.1190E+03  0.3107E+00
  0.1200E+03  0.2967E+00
  0.1210E+03  0.2841E+00
  0.1220E+03  0.2621E+00
  0.1230E+03  0.2491E+00
  0.1240E+03  0.2374E+00
  0.1250E+03  0.2388E+00
  0.1260E+03  0.2229E+00
  0.1270E+03  0.2136E+00
  0.1280E+03  0.2025E+00
  0.1290E+03  0.2005E+00
  0.1300E+03  0.1850E+00
  0.1310E+03  0.1832E+00
  0.1320E+03  0.1627E+00
  0.1330E+03  0.1463E+00
  0.1340E+03  0.1588E+00
  0.1350E+03  0.1519E+00
  0.1360E+03  0.1413E+00
  0.1370E+03  0.1461E+00
  0.1380E+03  0.1357E+00
  0.1390E+03  0.1277E+00
  0.1400E+03  0.1307E+00
  0.1410E+03  0.1303E+00
  0.1420E+03  0.1252E+00
  0.1430E+03  0.1254E+00
  0.1440E+03  0.1148E+00
  0.1450E+03  0.1077E+00
  0.1460E+03  0.1170E+00
  0.1470E+03  0.1164E+00
  0.1480E+03  0.1114E+00
  0.1490E+03  0.1200E+00
  0.1500E+03  0.1088E+00
  0.1510E+03  0.1150E+00
  0.1520E+03  0.1123E+00
  0.1530E+03  0.1083E+00
  0.1540E+03  0.1112E+00
  0.1550E+03  0.1020E+00
  0.1560E+03  0.1014E+00
  0.1570E+03  0.9640E-01
  0.1580E+03  0.9996E-01
  0.1590E+03  0.9724E-01
  0.1600E+03  0.1003E+00
  0.1610E+03  0.1023E+00
  0.1620E+03  0.9898E-01
  0.1630E+03  0.9444E-01
  0.1640E+03  0.9195E-01
  0.1650E+03  0.8986E-01
  0.1660E+03  0.8788E-01
  0.1670E+03  0.8701E-01
  0.1680E+03  0.8111E-01
  0.1690E+03  0.8072E-01
  0.1700E+03  0.8512E-01
  0.1710E+03  0.8328E-01
  0.1720E+03  0.9212E-01
  0.1730E+03  0.8365E-01
  0.1740E+03  0.8640E-01
  0.1750E+03  0.7483E-01
  0.1760E+03  0.8461E-01
  0.1770E+03  0.7498E-01
  0.1780E+03  0.7244E-01
  0.1790E+03  0.7191E-01
  0.1800E+03  0.6537E-01
  0.1810E+03  0.7209E-01
  0.1820E+03  0.6395E-01
  0.1830E+03  0.6561E-01
  0.1840E+03  0.5941E-01
  0.1850E+03  0.5981E-01
  0.1860E+03  0.5879E-01
  0.1870E+03  0.5833E-01
  0.1880E+03  0.6523E-01
  0.1890E+03  0.5582E-01
  0.1900E+03  0.5572E-01
  0.1910E+03  0.5349E-01
  0.1920E+03  0.5250E-01
  0.1930E+03  0.5240E-01
  0.1940E+03  0.5587E-01
  0.1950E+03  0.4432E-01
  0.1960E+03  0.4409E-01
  0.1970E+03  0.4233E-01
  0.1980E+03  0.4507E-01
  0.1990E+03  0.4432E-01
  0.2000E+03  0.4263E-01
  0.2010E+03  0.4292E-01
  0.2020E+03  0.4305E-01
  0.2030E+03  0.3484E-01
  0.2040E+03  0.3704E-01
  0.2050E+03  0.3329E-01
  0.2060E+03  0.3172E-01
  0.2070E+03  0.3435E-01
  0.2080E+03  0.2968E-01
  0.2090E+03  0.2563E-01
  0.2100E+03  0.3806E-01
  0.2110E+03  0.3225E-01
  0.2120E+03  0.2733E-01
  0.2130E+03  0.2664E-01
  0.2140E+03  0.2680E-01
  0.2150E+03  0.2716E-01
  0.2160E+03  0.2864E-01
  0.2170E+03  0.2646E-01
  0.2180E+03  0.2425E-01
  0.2190E+03  0.2595E-01
  0.2200E+03  0.2020E-01
  0.2210E+03  0.2619E-01
  0.2220E+03  0.2185E-01
  0.2230E+03  0.2252E-01
  0.2240E+03  0.2096E-01
  0.2250E+03  0.2005E-01
  0.2260E+03  0.1692E-01
  0.2270E+03  0.1679E-01
  0.2280E+03  0.2039E-01
  0.2290E+03  0.1665E-01
  0.2300E+03  0.1566E-01
  0.2310E+03  0.1477E-01
  0.2320E+03  0.1718E-01
  0.2330E+03  0.1501E-01
  0.2340E+03  0.1587E-01
  0.2350E+03  0.1866E-01
  0.2360E+03  0.1642E-01
  0.2370E+03  0.1194E-01
  0.2380E+03  0.1373E-01
  0.2390E+03  0.1243E-01
  0.2400E+03  0.1613E-01
  0.2410E+03  0.1624E-01
  0.2420E+03  0.1294E-01
  0.2430E+03  0.1024E-01
  0.2440E+03  0.1145E-01
  0.2450E+03  0.9830E-02
  0.2460E+03  0.8136E-02
  0.2470E+03  0.1027E-01
  0.2480E+03  0.1099E-01
  0.2490E+03  0.9875E-02
  0.2500E+03  0.8899E-02
  0.2510E+03  0.1060E-01
  0.2520E+03  0.9472E-02
  0.2530E+03  0.1004E-01
  0.2540E+03  0.8136E-02
  0.2550E+03  0.7443E-02
  0.2560E+03  0.8891E-02
  0.2570E+03  0.8373E-02
  0.2580E+03  0.7931E-02
  0.2590E+03  0.9222E-02
  0.2600E+03  0.7928E-02
  0.2610E+03  0.7573E-02
  0.2620E+03  0.6347E-02
  0.2630E+03  0.7947E-02
  0.2640E+03  0.8031E-02
  0.2650E+03  0.8275E-02
  0.2660E+03  0.6652E-02
  0.2670E+03  0.7904E-02
  0.2680E+03  0.6540E-02
  0.2690E+03  0.6383E-02
  0.2700E+03  0.7407E-02
  0.2710E+03  0.5409E-02
  0.2720E+03  0.6031E-02
  0.2730E+03  0.8620E-02
  0.2740E+03  0.4248E-02
  0.2750E+03  0.6137E-02
  0.2760E+03  0.8900E-02
  0.2770E+03  0.5895E-02
  0.2780E+03  0.6513E-02
  0.2790E+03  0.6540E-02
  0.2800E+03  0.5995E-02
  0.2810E+03  0.6732E-02
  0.2820E+03  0.6640E-02
  0.2830E+03  0.6858E-02
  0.2840E+03  0.5035E-02
  0.2850E+03  0.7305E-02
  0.2860E+03  0.6060E-02
  0.2870E+03  0.5211E-02
  0.2880E+03  0.5375E-02
  0.2890E+03  0.6457E-02
  0.2900E+03  0.5237E-02
  0.2910E+03  0.4428E-02
  0.2920E+03  0.5386E-02
  0.2930E+03  0.4844E-02
  0.2940E+03  0.4746E-02
  0.2950E+03  0.5508E-02
  0.2960E+03  0.4338E-02
  0.2970E+03  0.5803E-02
  0.2980E+03  0.3958E-02
  0.2990E+03  0.3835E-02
  0.3000E+03  0.5929E-02
  0.3010E+03  0.3588E-02
  0.3020E+03  0.4083E-02
  0.3030E+03  0.5001E-02
  0.3040E+03  0.5184E-02
  0.3050E+03  0.3639E-02
  0.3060E+03  0.4553E-02
  0.3070E+03  0.4627E-02
  0.3080E+03  0.4179E-02
  0.3090E+03  0.4783E-02
  0.3100E+03  0.4031E-02
  0.3110E+03  0.2442E-02
  0.3120E+03  0.3720E-02
  0.3130E+03  0.2525E-02
  0.3140E+03  0.6154E-02
  0.3150E+03  0.3746E-02
  0.3160E+03  0.4712E-02
  0.3170E+03  0.5252E-02
  0.3180E+03  0.4747E-02
  0.3190E+03  0.1911E-02
  0.3200E+03  0.3539E-02
  0.3210E+03  0.2684E-02
  0.3220E+03  0.4354E-02
  0.3230E+03  0.4005E-02
  0.3240E+03  0.3205E-02
  0.3250E+03  0.3310E-02
  0.3260E+03  0.4036E-02
  0.3270E+03  0.4265E-02
  0.3280E+03  0.3965E-02
  0.3290E+03  0.3360E-02
  0.3300E+03  0.3147E-02
  0.3310E+03  0.3319E-02
  0.3320E+03  0.3657E-02
  0.3330E+03  0.2840E-02
  0.3340E+03  0.3003E-02
  0.3350E+03  0.2136E-02
  0.3360E+03  0.3191E-02
  0.3370E+03  0.2740E-02
  0.3380E+03  0.2926E-02
  0.3390E+03  0.2547E-02
  0.3400E+03  0.2725E-02
  0.3410E+03  0.1247E-02
  0.3420E+03  0.2537E-02
  0.3430E+03  0.2275E-02
  0.3440E+03  0.2376E-02
  0.3450E+03  0.3976E-02
  0.3460E+03  0.2190E-02
  0.3470E+03  0.2031E-02
  0.3480E+03  0.2756E-02
  0.3490E+03  0.3171E-02
  0.3500E+03  0.9842E-03
  0.3510E+03  0.2478E-02
  0.3520E+03  0.2148E-02
  0.3530E+03  0.2769E-02
  0.3540E+03  0.2870E-02
  0.3550E+03  0.2707E-02
  0.3560E+03  0.2746E-02
  0.3570E+03  0.1270E-02
  0.3580E+03  0.3446E-02
  0.3590E+03  0.1529E-02
  0.3600E+03  0.2756E-02
  0.3610E+03  0.2785E-02
  0.3620E+03  0.1713E-02
  0.3630E+03  0.1690E-02
  0.3640E+03  0.1487E-02
  0.3650E+03  0.2714E-02
  0.3660E+03  0.3837E-02
  0.3670E+03  0.2046E-02
  0.3680E+03  0.4628E-02
  0.3690E+03  0.2998E-02
  0.3700E+03  0.3304E-02
  0.3710E+03  0.7438E-03
  0.3720E+03  0.1043E-02
  0.3730E+03  0.2197E-02
  0.3740E+03  0.1514E-02
  0.3750E+03  0.2340E-02
  0.3760E+03  0.2391E-02
  0.3770E+03  0.9743E-03
  0.3780E+03  0.1375E-02
  0.3790E+03  0.1874E-02
  0.3800E+03  0.1797E-02
  0.3810E+03  0.2113E-02
  0.3820E+03  0.8430E-03
  0.3830E+03  0.1582E-02
  0.3840E+03  0.7950E-03
  0.3850E+03  0.2943E-02
  0.3860E+03  0.2122E-02
  0.3870E+03  0.1884E-02
  0.3880E+03  0.1413E-02
  0.3890E+03  0.1390E-02
  0.3900E+03  0.1616E-02
  0.3910E+03  0.2692E-02
  0.3920E+03  0.2047E-02
  0.3930E+03  0.2243E-02
  0.3940E+03  0.3013E-02
  0.3950E+03  0.3710E-03
  0.3960E+03  0.4849E-03
  0.3970E+03  0.6960E-03
  0.3980E+03  0.2185E-02
  0.3990E+03  0.9405E-03
  0.4000E+03  0.1336E-02
  0.4010E+03  0.1685E-02
  0.4020E+03  0.2499E-02
  0.4030E+03  0.1086E-02
  0.4040E+03  0.1941E-02
  0.4050E+03  0.2499E-02
  0.4060E+03  0.1147E-02
  0.4070E+03  0.1370E-02
  0.4080E+03  0.8464E-03
  0.4090E+03  0.1018E-02
  0.4100E+03  0.1135E-02
  0.4110E+03  0.2675E-03
  0.4120E+03  0.6453E-03
  0.4130E+03  0.1163E-02
  0.4140E+03  0.2817E-03
  0.4150E+03  0.1715E-02
  0.4160E+03  0.1368E-02
  0.4170E+03  0.1021E-02
  0.4180E+03  0.1453E-02
  0.4190E+03  0.7812E-03
  0.4200E+03  0.4376E-03
  0.4210E+03  0.9412E-03
  0.4220E+03  0.1247E-03
  0.4230E+03  0.1361E-02
  0.4240E+03  0.1942E-03
  0.4250E+03  0.3173E-04
  0.4260E+03  0.6673E-03
  0.4270E+03  0.6682E-03
  0.4280E+03  0.6254E-03
  0.4290E+03  0.2019E-02
  0.4300E+03  0.7280E-03
  0.4310E+03  0.4390E-03
  0.4320E+03  0.5772E-03
  0.4330E+03  0.5762E-03
  0.4340E+03  0.5709E-03
  0.4350E+03  0.1041E-02
  0.4360E+03  0.6421E-03
  0.4370E+03  0.7214E-03
  0.4380E+03  0.1960E-02
  0.4390E+03  0.8508E-03
  0.4400E+03  0.7089E-03
  0.4410E+03  0.3845E-03
  0.4420E+03  0.7238E-03
  0.4430E+03  0.1547E-03
  0.4440E+03  0.1568E-02
  0.4450E+03  0.9839E-03
  0.4460E+03  0.7283E-03
  0.4470E+03  0.4384E-03
  0.4480E+03  0.9554E-03
  0.4490E+03  0.6369E-03
  0.4500E+03  0.2170E-03
  0.4510E+03  0.1141E-02
  0.4520E+03  0.4640E-03
  0.4530E+03  0.4014E-04
  0.4540E+03  0.7598E-03
  0.4550E+03  0.3896E-03
  0.4560E+03  0.9262E-03
  0.4570E+03  0.1089E-02
  0.4580E+03  0.8504E-04
  0.4590E+03  0.6590E-03
  0.4600E+03  0.6642E-03
  0.4610E+03  0.6879E-03
  0.4620E+03  0.8278E-03
  0.4630E+03  0.5274E-03
  0.4640E+03  0.3616E-03
  0.4650E+03  0.5920E-12
  0.4660E+03  0.3967E-03
  0.4670E+03  0.2145E-03
  0.4680E+03  0.4107E-03
  0.4690E+03  0.8179E-03
  0.4700E+03  0.4312E-03
  0.4710E+03  0.7092E-03
  0.4720E+03  0.4017E-03
  0.4730E+03  0.5555E-03
  0.4740E+03  0.3315E-03
  0.4750E+03  0.1641E-03
  0.4760E+03  0.3805E-03
  0.4770E+03  0.1950E-03
  0.4780E+03  0.7705E-03
  0.4790E+03  0.5944E-03
  0.4800E+03  0.1871E-03
  0.4810E+03  0.7762E-03
  0.4820E+03  0.9780E-03
  0.4830E+03  0.3132E-03
  0.4840E+03  0.1598E-03
  0.4850E+03  0.8924E-04
  0.4860E+03  0.1295E-03
  0.4870E+03  0.6799E-04
  0.4880E+03  0.1324E-03
  0.4890E+03  0.1120E-04
  0.4900E+03  0.5661E-03
  0.4910E+03  0.4772E-04
  0.4920E+03  0.3957E-03
  0.4930E+03  0.5915E-03
  0.4940E+03  0.0000E+00
  0.4950E+03  0.4490E-03
  0.4960E+03  0.3558E-03
  0.4970E+03  0.2762E-03
  0.4980E+03  0.8750E-04
  0.4990E+03  0.1892E-03
  0.5000E+03  0.2161E-04
  0.5010E+03  0.1102E-03
  0.5020E+03  0.3384E-03
  0.5030E+03  0.1467E-03
  0.5040E+03  0.5429E-04
  0.5050E+03  0.3143E-03
  0.5060E+03  0.9804E-04
  0.5070E+03  0.1421E-03
  0.5080E+03  0.0000E+00
  0.5090E+03  0.6617E-03
  0.5100E+03  0.4551E-03
  0.5110E+03  0.0000E+00
  0.5120E+03  0.0000E+00
