  0.1000E+01  0.2381E+02
  0.2000E+01  0.2588E+02
  0.3000E+01  0.2704E+02
  0.4000E+01  0.2853E+02
  0.5000E+01  0.2821E+02
  0.6000E+01  0.2904E+02
  0.7000E+01  0.2936E+02
  0.8000E+01  0.2951E+02
  0.9000E+01  0.2942E+02
  0.1000E+02  0.2972E+02
  0.1100E+02  0.2918E+02
  0.1200E+02  0.2919E+02
  0.1300E+02  0.2961E+02
  0.1400E+02  0.2908E+02
  0.1500E+02  0.2953E+02
  0.1600E+02  0.2858E+02
  0.1700E+02  0.2891E+02
  0.1800E+02  0.2877E+02
  0.1900E+02  0.2880E+02
  0.2000E+02  0.3012E+02
  0.2100E+02  0.2926E+02
  0.2200E+02  0.2927E+02
  0.2300E+02  0.2913E+02
  0.2400E+02  0.2957E+02
  0.2500E+02  0.2946E+02
  0.2600E+02  0.2887E+02
  0.2700E+02  0.2854E+02
  0.2800E+02  0.2906E+02
  0.2900E+02  0.2843E+02
  0.3000E+02  0.2959E+02
  0.3100E+02  0.2840E+02
  0.3200E+02  0.2865E+02
  0.3300E+02  0.2867E+02
  0.3400E+02  0.2888E+02
  0.3500E+02  0.2855E+02
  0.3600E+02  0.2835E+02
  0.3700E+02  0.2821E+02
  0.3800E+02  0.2888E+02
  0.3900E+02  0.2846E+02
  0.4000E+02  0.2800E+02
  0.4100E+02  0.2897E+02
  0.4200E+02  0.2793E+02
  0.4300E+02  0.2759E+02
  0.4400E+02  0.2823E+02
  0.4500E+02  0.2862E+02
  0.4600E+02  0.2888E+02
  0.4700E+02  0.2966E+02
  0.4800E+02  0.2953E+02
  0.4900E+02  0.3050E+02
  0.5000E+02  0.3037E+02
  0.5100E+02  0.3112E+02
  0.5200E+02  0.3116E+02
  0.5300E+02  0.3249E+02
  0.5400E+02  0.3304E+02
  0.5500E+02  0.3427E+02
  0.5600E+02  0.3407E+02
  0.5700E+02  0.3549E+02
  0.5800E+02  0.3514E+02
  0.5900E+02  0.3656E+02
  0.6000E+02  0.3727E+02
  0.6100E+02  0.3768E+02
  0.6200E+02  0.3875E+02
  0.6300E+02  0.3919E+02
  0.6400E+02  0.3963E+02
  0.6500E+02  0.4057E+02
  0.6600E+02  0.4155E+02
  0.6700E+02  0.4224E+02
  0.6800E+02  0.4247E+02
  0.6900E+02  0.4292E+02
  0.7000E+02  0.4387E+02
  0.7100E+02  0.4504E+02
  0.7200E+02  0.4615E+02
  0.7300E+02  0.4601E+02
  0.7400E+02  0.4669E+02
  0.7500E+02  0.4668E+02
  0.7600E+02  0.4774E+02
  0.7700E+02  0.4719E+02
  0.7800E+02  0.4832E+02
  0.7900E+02  0.4845E+02
  0.8000E+02  0.4928E+02
  0.8100E+02  0.4900E+02
  0.8200E+02  0.4968E+02
  0.8300E+02  0.5066E+02
  0.8400E+02  0.5073E+02
  0.8500E+02  0.4938E+02
  0.8600E+02  0.5079E+02
  0.8700E+02  0.5067E+02
  0.8800E+02  0.5075E+02
  0.8900E+02  0.5085E+02
  0.9000E+02  0.5126E+02
  0.9100E+02  0.5127E+02
  0.9200E+02  0.5169E+02
  0.9300E+02  0.4988E+02
  0.9400E+02  0.5038E+02
  0.9500E+02  0.5136E+02
  0.9600E+02  0.5074E+02
  0.9700E+02  0.5150E+02
  0.9800E+02  0.5055E+02
  0.9900E+02  0.5106E+02
  0.1000E+03  0.5089E+02
  0.1010E+03  0.5029E+02
  0.1020E+03  0.5076E+02
  0.1030E+03  0.5061E+02
  0.1040E+03  0.5048E+02
  0.1050E+03  0.5023E+02
  0.1060E+03  0.5063E+02
  0.1070E+03  0.4984E+02
  0.1080E+03  0.5026E+02
  0.1090E+03  0.5014E+02
  0.1100E+03  0.5025E+02
  0.1110E+03  0.5059E+02
  0.1120E+03  0.5041E+02
  0.1130E+03  0.4992E+02
  0.1140E+03  0.4998E+02
  0.1150E+03  0.5053E+02
  0.1160E+03  0.5054E+02
  0.1170E+03  0.5064E+02
  0.1180E+03  0.5074E+02
  0.1190E+03  0.5035E+02
  0.1200E+03  0.5109E+02
  0.1210E+03  0.5179E+02
  0.1220E+03  0.5141E+02
  0.1230E+03  0.5230E+02
  0.1240E+03  0.5337E+02
  0.1250E+03  0.5215E+02
  0.1260E+03  0.5234E+02
  0.1270E+03  0.5339E+02
  0.1280E+03  0.5311E+02
  0.1290E+03  0.5317E+02
  0.1300E+03  0.5322E+02
  0.1310E+03  0.5379E+02
  0.1320E+03  0.5366E+02
  0.1330E+03  0.5394E+02
  0.1340E+03  0.5440E+02
  0.1350E+03  0.5501E+02
  0.1360E+03  0.5486E+02
  0.1370E+03  0.5558E+02
  0.1380E+03  0.5499E+02
  0.1390E+03  0.5604E+02
  0.1400E+03  0.5630E+02
  0.1410E+03  0.5564E+02
  0.1420E+03  0.5573E+02
  0.1430E+03  0.5594E+02
  0.1440E+03  0.5607E+02
  0.1450E+03  0.5769E+02
  0.1460E+03  0.5683E+02
  0.1470E+03  0.5641E+02
  0.1480E+03  0.5758E+02
  0.1490E+03  0.5852E+02
  0.1500E+03  0.5854E+02
  0.1510E+03  0.5886E+02
  0.1520E+03  0.5919E+02
  0.1530E+03  0.5886E+02
  0.1540E+03  0.5908E+02
  0.1550E+03  0.5924E+02
  0.1560E+03  0.6027E+02
  0.1570E+03  0.6075E+02
  0.1580E+03  0.6112E+02
  0.1590E+03  0.6300E+02
  0.1600E+03  0.6286E+02
  0.1610E+03  0.6355E+02
  0.1620E+03  0.6472E+02
  0.1630E+03  0.6591E+02
  0.1640E+03  0.6758E+02
  0.1650E+03  0.6846E+02
  0.1660E+03  0.7127E+02
  0.1670E+03  0.7222E+02
  0.1680E+03  0.7407E+02
  0.1690E+03  0.7679E+02
  0.1700E+03  0.7777E+02
  0.1710E+03  0.7856E+02
  0.1720E+03  0.8074E+02
  0.1730E+03  0.8152E+02
  0.1740E+03  0.8221E+02
  0.1750E+03  0.8303E+02
  0.1760E+03  0.8423E+02
  0.1770E+03  0.8454E+02
  0.1780E+03  0.8520E+02
  0.1790E+03  0.8547E+02
  0.1800E+03  0.8573E+02
  0.1810E+03  0.8554E+02
  0.1820E+03  0.8479E+02
  0.1830E+03  0.8415E+02
  0.1840E+03  0.8429E+02
  0.1850E+03  0.8216E+02
  0.1860E+03  0.8145E+02
  0.1870E+03  0.8079E+02
  0.1880E+03  0.7912E+02
  0.1890E+03  0.7835E+02
  0.1900E+03  0.7597E+02
  0.1910E+03  0.7600E+02
  0.1920E+03  0.7360E+02
  0.1930E+03  0.7203E+02
  0.1940E+03  0.7188E+02
  0.1950E+03  0.7045E+02
  0.1960E+03  0.6808E+02
  0.1970E+03  0.6742E+02
  0.1980E+03  0.6644E+02
  0.1990E+03  0.6483E+02
  0.2000E+03  0.6382E+02
  0.2010E+03  0.6187E+02
  0.2020E+03  0.6146E+02
  0.2030E+03  0.5998E+02
  0.2040E+03  0.5837E+02
  0.2050E+03  0.5811E+02
  0.2060E+03  0.5687E+02
  0.2070E+03  0.5581E+02
  0.2080E+03  0.5430E+02
  0.2090E+03  0.5287E+02
  0.2100E+03  0.5286E+02
  0.2110E+03  0.5186E+02
  0.2120E+03  0.5119E+02
  0.2130E+03  0.4965E+02
  0.2140E+03  0.4866E+02
  0.2150E+03  0.4770E+02
  0.2160E+03  0.4673E+02
  0.2170E+03  0.4547E+02
  0.2180E+03  0.4535E+02
  0.2190E+03  0.4433E+02
  0.2200E+03  0.4415E+02
  0.2210E+03  0.4298E+02
  0.2220E+03  0.4233E+02
  0.2230E+03  0.4102E+02
  0.2240E+03  0.4063E+02
  0.2250E+03  0.4022E+02
  0.2260E+03  0.3930E+02
  0.2270E+03  0.3895E+02
  0.2280E+03  0.3872E+02
  0.2290E+03  0.3726E+02
  0.2300E+03  0.3691E+02
  0.2310E+03  0.3695E+02
  0.2320E+03  0.3544E+02
  0.2330E+03  0.3548E+02
  0.2340E+03  0.3535E+02
  0.2350E+03  0.3438E+02
  0.2360E+03  0.3415E+02
  0.2370E+03  0.3354E+02
  0.2380E+03  0.3281E+02
  0.2390E+03  0.3197E+02
  0.2400E+03  0.3150E+02
  0.2410E+03  0.3150E+02
  0.2420E+03  0.3109E+02
  0.2430E+03  0.3049E+02
  0.2440E+03  0.3007E+02
  0.2450E+03  0.2953E+02
  0.2460E+03  0.2981E+02
  0.2470E+03  0.2890E+02
  0.2480E+03  0.2816E+02
  0.2490E+03  0.2754E+02
  0.2500E+03  0.2815E+02
  0.2510E+03  0.2817E+02
  0.2520E+03  0.2717E+02
  0.2530E+03  0.2671E+02
  0.2540E+03  0.2624E+02
  0.2550E+03  0.2610E+02
  0.2560E+03  0.2652E+02
  0.2570E+03  0.2554E+02
  0.2580E+03  0.2581E+02
  0.2590E+03  0.2367E+02
  0.2600E+03  0.2453E+02
  0.2610E+03  0.2421E+02
  0.2620E+03  0.2455E+02
  0.2630E+03  0.2407E+02
  0.2640E+03  0.2342E+02
  0.2650E+03  0.2334E+02
  0.2660E+03  0.2289E+02
  0.2670E+03  0.2236E+02
  0.2680E+03  0.2241E+02
  0.2690E+03  0.2232E+02
  0.2700E+03  0.2191E+02
  0.2710E+03  0.2163E+02
  0.2720E+03  0.2147E+02
  0.2730E+03  0.2116E+02
  0.2740E+03  0.2124E+02
  0.2750E+03  0.2120E+02
  0.2760E+03  0.2073E+02
  0.2770E+03  0.2010E+02
  0.2780E+03  0.2038E+02
  0.2790E+03  0.1946E+02
  0.2800E+03  0.1956E+02
  0.2810E+03  0.1943E+02
  0.2820E+03  0.1883E+02
  0.2830E+03  0.1912E+02
  0.2840E+03  0.1895E+02
  0.2850E+03  0.1891E+02
  0.2860E+03  0.1852E+02
  0.2870E+03  0.1832E+02
  0.2880E+03  0.1730E+02
  0.2890E+03  0.1798E+02
  0.2900E+03  0.1729E+02
  0.2910E+03  0.1725E+02
  0.2920E+03  0.1699E+02
  0.2930E+03  0.1672E+02
  0.2940E+03  0.1720E+02
  0.2950E+03  0.1658E+02
  0.2960E+03  0.1638E+02
  0.2970E+03  0.1655E+02
  0.2980E+03  0.1592E+02
  0.2990E+03  0.1578E+02
  0.3000E+03  0.1589E+02
  0.3010E+03  0.1576E+02
  0.3020E+03  0.1551E+02
  0.3030E+03  0.1541E+02
  0.3040E+03  0.1507E+02
  0.3050E+03  0.1544E+02
  0.3060E+03  0.1482E+02
  0.3070E+03  0.1489E+02
  0.3080E+03  0.1516E+02
  0.3090E+03  0.1444E+02
  0.3100E+03  0.1390E+02
  0.3110E+03  0.1364E+02
  0.3120E+03  0.1393E+02
  0.3130E+03  0.1428E+02
  0.3140E+03  0.1407E+02
  0.3150E+03  0.1374E+02
  0.3160E+03  0.1349E+02
  0.3170E+03  0.1383E+02
  0.3180E+03  0.1344E+02
  0.3190E+03  0.1285E+02
  0.3200E+03  0.1337E+02
  0.3210E+03  0.1317E+02
  0.3220E+03  0.1253E+02
  0.3230E+03  0.1245E+02
  0.3240E+03  0.1317E+02
  0.3250E+03  0.1243E+02
  0.3260E+03  0.1220E+02
  0.3270E+03  0.1212E+02
  0.3280E+03  0.1205E+02
  0.3290E+03  0.1174E+02
  0.3300E+03  0.1136E+02
  0.3310E+03  0.1193E+02
  0.3320E+03  0.1154E+02
  0.3330E+03  0.1175E+02
  0.3340E+03  0.1140E+02
  0.3350E+03  0.1077E+02
  0.3360E+03  0.1133E+02
  0.3370E+03  0.1132E+02
  0.3380E+03  0.1111E+02
  0.3390E+03  0.1038E+02
  0.3400E+03  0.1082E+02
  0.3410E+03  0.1066E+02
  0.3420E+03  0.1081E+02
  0.3430E+03  0.1025E+02
  0.3440E+03  0.1090E+02
  0.3450E+03  0.1025E+02
  0.3460E+03  0.1016E+02
  0.3470E+03  0.9928E+01
  0.3480E+03  0.1029E+02
  0.3490E+03  0.1004E+02
  0.3500E+03  0.9987E+01
  0.3510E+03  0.9910E+01
  0.3520E+03  0.1001E+02
  0.3530E+03  0.9938E+01
  0.3540E+03  0.9664E+01
  0.3550E+03  0.9609E+01
  0.3560E+03  0.9367E+01
  0.3570E+03  0.9541E+01
  0.3580E+03  0.9411E+01
  0.3590E+03  0.9622E+01
  0.3600E+03  0.9258E+01
  0.3610E+03  0.8890E+01
  0.3620E+03  0.9075E+01
  0.3630E+03  0.9028E+01
  0.3640E+03  0.8881E+01
  0.3650E+03  0.8726E+01
  0.3660E+03  0.8676E+01
  0.3670E+03  0.8520E+01
  0.3680E+03  0.8403E+01
  0.3690E+03  0.8339E+01
  0.3700E+03  0.8338E+01
  0.3710E+03  0.8871E+01
  0.3720E+03  0.8153E+01
  0.3730E+03  0.8303E+01
  0.3740E+03  0.8476E+01
  0.3750E+03  0.8196E+01
  0.3760E+03  0.8245E+01
  0.3770E+03  0.8392E+01
  0.3780E+03  0.7924E+01
  0.3790E+03  0.7742E+01
  0.3800E+03  0.8346E+01
  0.3810E+03  0.8074E+01
  0.3820E+03  0.8049E+01
  0.3830E+03  0.7457E+01
  0.3840E+03  0.7912E+01
  0.3850E+03  0.7561E+01
  0.3860E+03  0.8097E+01
  0.3870E+03  0.7579E+01
  0.3880E+03  0.7078E+01
  0.3890E+03  0.7270E+01
  0.3900E+03  0.7449E+01
  0.3910E+03  0.7196E+01
  0.3920E+03  0.7223E+01
  0.3930E+03  0.7222E+01
  0.3940E+03  0.7281E+01
  0.3950E+03  0.6846E+01
  0.3960E+03  0.6797E+01
  0.3970E+03  0.6912E+01
  0.3980E+03  0.6896E+01
  0.3990E+03  0.6779E+01
  0.4000E+03  0.6856E+01
  0.4010E+03  0.6715E+01
  0.4020E+03  0.6808E+01
  0.4030E+03  0.6780E+01
  0.4040E+03  0.6298E+01
  0.4050E+03  0.6706E+01
  0.4060E+03  0.6290E+01
  0.4070E+03  0.6503E+01
  0.4080E+03  0.6399E+01
  0.4090E+03  0.6014E+01
  0.4100E+03  0.6229E+01
  0.4110E+03  0.6163E+01
  0.4120E+03  0.6206E+01
  0.4130E+03  0.6065E+01
  0.4140E+03  0.5649E+01
  0.4150E+03  0.5890E+01
  0.4160E+03  0.5837E+01
  0.4170E+03  0.5806E+01
  0.4180E+03  0.5736E+01
  0.4190E+03  0.5481E+01
  0.4200E+03  0.5735E+01
  0.4210E+03  0.5666E+01
  0.4220E+03  0.5402E+01
  0.4230E+03  0.5502E+01
  0.4240E+03  0.5391E+01
  0.4250E+03  0.5096E+01
  0.4260E+03  0.5089E+01
  0.4270E+03  0.5047E+01
  0.4280E+03  0.5157E+01
  0.4290E+03  0.5461E+01
  0.4300E+03  0.5100E+01
  0.4310E+03  0.5037E+01
  0.4320E+03  0.5062E+01
  0.4330E+03  0.5242E+01
  0.4340E+03  0.4866E+01
  0.4350E+03  0.4818E+01
  0.4360E+03  0.4653E+01
  0.4370E+03  0.4645E+01
  0.4380E+03  0.4716E+01
  0.4390E+03  0.4663E+01
  0.4400E+03  0.4528E+01
  0.4410E+03  0.4747E+01
  0.4420E+03  0.4248E+01
  0.4430E+03  0.4514E+01
  0.4440E+03  0.4210E+01
  0.4450E+03  0.4395E+01
  0.4460E+03  0.4447E+01
  0.4470E+03  0.4263E+01
  0.4480E+03  0.4520E+01
  0.4490E+03  0.4203E+01
  0.4500E+03  0.4342E+01
  0.4510E+03  0.4222E+01
  0.4520E+03  0.3824E+01
  0.4530E+03  0.4118E+01
  0.4540E+03  0.3892E+01
  0.4550E+03  0.3923E+01
  0.4560E+03  0.4109E+01
  0.4570E+03  0.4054E+01
  0.4580E+03  0.3750E+01
  0.4590E+03  0.4179E+01
  0.4600E+03  0.3637E+01
  0.4610E+03  0.3664E+01
  0.4620E+03  0.3748E+01
  0.4630E+03  0.3821E+01
  0.4640E+03  0.3665E+01
  0.4650E+03  0.3568E+01
  0.4660E+03  0.3501E+01
  0.4670E+03  0.3440E+01
  0.4680E+03  0.3682E+01
  0.4690E+03  0.3259E+01
  0.4700E+03  0.3513E+01
  0.4710E+03  0.3393E+01
  0.4720E+03  0.3396E+01
  0.4730E+03  0.3329E+01
  0.4740E+03  0.3565E+01
  0.4750E+03  0.3449E+01
  0.4760E+03  0.3520E+01
  0.4770E+03  0.3328E+01
  0.4780E+03  0.3255E+01
  0.4790E+03  0.3516E+01
  0.4800E+03  0.3115E+01
  0.4810E+03  0.3065E+01
  0.4820E+03  0.3380E+01
  0.4830E+03  0.3274E+01
  0.4840E+03  0.3467E+01
  0.4850E+03  0.3200E+01
  0.4860E+03  0.3171E+01
  0.4870E+03  0.2916E+01
  0.4880E+03  0.3013E+01
  0.4890E+03  0.3173E+01
  0.4900E+03  0.3193E+01
  0.4910E+03  0.3137E+01
  0.4920E+03  0.2912E+01
  0.4930E+03  0.2769E+01
  0.4940E+03  0.3058E+01
  0.4950E+03  0.3000E+01
  0.4960E+03  0.2800E+01
  0.4970E+03  0.2811E+01
  0.4980E+03  0.2899E+01
  0.4990E+03  0.2891E+01
  0.5000E+03  0.2807E+01
  0.5010E+03  0.2702E+01
  0.5020E+03  0.2655E+01
  0.5030E+03  0.2505E+01
  0.5040E+03  0.2516E+01
  0.5050E+03  0.2567E+01
  0.5060E+03  0.2454E+01
  0.5070E+03  0.2289E+01
  0.5080E+03  0.2530E+01
  0.5090E+03  0.2395E+01
  0.5100E+03  0.2336E+01
  0.5110E+03  0.0000E+00
  0.5120E+03  0.0000E+00
