  0.1000E+01  0.6218E+00
  0.2000E+01  0.1326E+01
  0.3000E+01  0.1092E+01
  0.4000E+01  0.5938E+00
  0.5000E+01  0.4911E+00
  0.6000E+01  0.4460E+00
  0.7000E+01  0.4237E+00
  0.8000E+01  0.3925E+00
  0.9000E+01  0.3544E+00
  0.1000E+02  0.3156E+00
  0.1100E+02  0.2960E+00
  0.1200E+02  0.2593E+00
  0.1300E+02  0.2238E+00
  0.1400E+02  0.2064E+00
  0.1500E+02  0.1762E+00
  0.1600E+02  0.1608E+00
  0.1700E+02  0.1400E+00
  0.1800E+02  0.1286E+00
  0.1900E+02  0.1445E+00
  0.2000E+02  0.2660E+00
  0.2100E+02  0.9496E+00
  0.2200E+02  0.3502E+01
  0.2300E+02  0.1061E+02
  0.2400E+02  0.2634E+02
  0.2500E+02  0.5163E+02
  0.2600E+02  0.8067E+02
  0.2700E+02  0.1013E+03
  0.2800E+02  0.1037E+03
  0.2900E+02  0.8913E+02
  0.3000E+02  0.6780E+02
  0.3100E+02  0.4896E+02
  0.3200E+02  0.3447E+02
  0.3300E+02  0.2287E+02
  0.3400E+02  0.1373E+02
  0.3500E+02  0.7036E+01
  0.3600E+02  0.3091E+01
  0.3700E+02  0.1219E+01
  0.3800E+02  0.5192E+00
  0.3900E+02  0.3586E+00
  0.4000E+02  0.3712E+00
  0.4100E+02  0.4567E+00
  0.4200E+02  0.5892E+00
  0.4300E+02  0.6605E+00
  0.4400E+02  0.7674E+00
  0.4500E+02  0.8693E+00
  0.4600E+02  0.9930E+00
  0.4700E+02  0.1116E+01
  0.4800E+02  0.1237E+01
  0.4900E+02  0.1332E+01
  0.5000E+02  0.1471E+01
  0.5100E+02  0.1592E+01
  0.5200E+02  0.1698E+01
  0.5300E+02  0.1857E+01
  0.5400E+02  0.1925E+01
  0.5500E+02  0.2048E+01
  0.5600E+02  0.2036E+01
  0.5700E+02  0.2077E+01
  0.5800E+02  0.1969E+01
  0.5900E+02  0.1849E+01
  0.6000E+02  0.1643E+01
  0.6100E+02  0.1321E+01
  0.6200E+02  0.1081E+01
  0.6300E+02  0.8424E+00
  0.6400E+02  0.5984E+00
  0.6500E+02  0.4174E+00
  0.6600E+02  0.2937E+00
  0.6700E+02  0.1959E+00
  0.6800E+02  0.1384E+00
  0.6900E+02  0.1065E+00
  0.7000E+02  0.8640E-01
  0.7100E+02  0.7865E-01
  0.7200E+02  0.7737E-01
  0.7300E+02  0.7536E-01
  0.7400E+02  0.6274E-01
  0.7500E+02  0.6316E-01
  0.7600E+02  0.6293E-01
  0.7700E+02  0.6479E-01
  0.7800E+02  0.5854E-01
  0.7900E+02  0.7161E-01
  0.8000E+02  0.6318E-01
  0.8100E+02  0.6716E-01
  0.8200E+02  0.6723E-01
  0.8300E+02  0.7151E-01
  0.8400E+02  0.7383E-01
  0.8500E+02  0.7380E-01
  0.8600E+02  0.8019E-01
  0.8700E+02  0.8435E-01
  0.8800E+02  0.8910E-01
  0.8900E+02  0.9097E-01
  0.9000E+02  0.1070E+00
  0.9100E+02  0.1074E+00
  0.9200E+02  0.1191E+00
  0.9300E+02  0.1187E+00
  0.9400E+02  0.1125E+00
  0.9500E+02  0.1225E+00
  0.9600E+02  0.1309E+00
  0.9700E+02  0.1310E+00
  0.9800E+02  0.1241E+00
  0.9900E+02  0.1216E+00
  0.1000E+03  0.1234E+00
  0.1010E+03  0.1250E+00
  0.1020E+03  0.1081E+00
  0.1030E+03  0.1151E+00
  0.1040E+03  0.1046E+00
  0.1050E+03  0.1077E+00
  0.1060E+03  0.1116E+00
  0.1070E+03  0.1027E+00
  0.1080E+03  0.1094E+00
  0.1090E+03  0.1093E+00
  0.1100E+03  0.1214E+00
  0.1110E+03  0.1245E+00
  0.1120E+03  0.1449E+00
  0.1130E+03  0.1741E+00
  0.1140E+03  0.2286E+00
  0.1150E+03  0.2635E+00
  0.1160E+03  0.3489E+00
  0.1170E+03  0.4349E+00
  0.1180E+03  0.5399E+00
  0.1190E+03  0.6699E+00
  0.1200E+03  0.8583E+00
  0.1210E+03  0.1042E+01
  0.1220E+03  0.1220E+01
  0.1230E+03  0.1451E+01
  0.1240E+03  0.1709E+01
  0.1250E+03  0.1909E+01
  0.1260E+03  0.2104E+01
  0.1270E+03  0.2293E+01
  0.1280E+03  0.2433E+01
  0.1290E+03  0.2514E+01
  0.1300E+03  0.2582E+01
  0.1310E+03  0.2590E+01
  0.1320E+03  0.2546E+01
  0.1330E+03  0.2513E+01
  0.1340E+03  0.2474E+01
  0.1350E+03  0.2397E+01
  0.1360E+03  0.2461E+01
  0.1370E+03  0.2531E+01
  0.1380E+03  0.2786E+01
  0.1390E+03  0.3195E+01
  0.1400E+03  0.3833E+01
  0.1410E+03  0.4840E+01
  0.1420E+03  0.6299E+01
  0.1430E+03  0.8263E+01
  0.1440E+03  0.1089E+02
  0.1450E+03  0.1433E+02
  0.1460E+03  0.1875E+02
  0.1470E+03  0.2395E+02
  0.1480E+03  0.3038E+02
  0.1490E+03  0.3740E+02
  0.1500E+03  0.4536E+02
  0.1510E+03  0.5420E+02
  0.1520E+03  0.6343E+02
  0.1530E+03  0.7240E+02
  0.1540E+03  0.8126E+02
  0.1550E+03  0.8887E+02
  0.1560E+03  0.9600E+02
  0.1570E+03  0.1006E+03
  0.1580E+03  0.1040E+03
  0.1590E+03  0.1049E+03
  0.1600E+03  0.1037E+03
  0.1610E+03  0.1003E+03
  0.1620E+03  0.9482E+02
  0.1630E+03  0.8841E+02
  0.1640E+03  0.7998E+02
  0.1650E+03  0.7105E+02
  0.1660E+03  0.6184E+02
  0.1670E+03  0.5265E+02
  0.1680E+03  0.4393E+02
  0.1690E+03  0.3595E+02
  0.1700E+03  0.2885E+02
  0.1710E+03  0.2246E+02
  0.1720E+03  0.1719E+02
  0.1730E+03  0.1297E+02
  0.1740E+03  0.9461E+01
  0.1750E+03  0.6829E+01
  0.1760E+03  0.4785E+01
  0.1770E+03  0.3336E+01
  0.1780E+03  0.2278E+01
  0.1790E+03  0.1511E+01
  0.1800E+03  0.9688E+00
  0.1810E+03  0.6333E+00
  0.1820E+03  0.3963E+00
  0.1830E+03  0.2737E+00
  0.1840E+03  0.1698E+00
  0.1850E+03  0.1143E+00
  0.1860E+03  0.7913E-01
  0.1870E+03  0.6762E-01
  0.1880E+03  0.5569E-01
  0.1890E+03  0.4339E-01
  0.1900E+03  0.4864E-01
  0.1910E+03  0.3879E-01
  0.1920E+03  0.3631E-01
  0.1930E+03  0.3486E-01
  0.1940E+03  0.3623E-01
  0.1950E+03  0.3478E-01
  0.1960E+03  0.3426E-01
  0.1970E+03  0.3225E-01
  0.1980E+03  0.3043E-01
  0.1990E+03  0.2439E-01
  0.2000E+03  0.2868E-01
  0.2010E+03  0.2369E-01
  0.2020E+03  0.2584E-01
  0.2030E+03  0.2020E-01
  0.2040E+03  0.1814E-01
  0.2050E+03  0.1791E-01
  0.2060E+03  0.1699E-01
  0.2070E+03  0.1543E-01
  0.2080E+03  0.1162E-01
  0.2090E+03  0.1227E-01
  0.2100E+03  0.1180E-01
  0.2110E+03  0.1347E-01
  0.2120E+03  0.1057E-01
  0.2130E+03  0.1007E-01
  0.2140E+03  0.1059E-01
  0.2150E+03  0.1188E-01
  0.2160E+03  0.1464E-01
  0.2170E+03  0.9001E-02
  0.2180E+03  0.9353E-02
  0.2190E+03  0.8980E-02
  0.2200E+03  0.7898E-02
  0.2210E+03  0.1198E-01
  0.2220E+03  0.9949E-02
  0.2230E+03  0.9509E-02
  0.2240E+03  0.9456E-02
  0.2250E+03  0.1095E-01
  0.2260E+03  0.1120E-01
  0.2270E+03  0.1460E-01
  0.2280E+03  0.1557E-01
  0.2290E+03  0.1773E-01
  0.2300E+03  0.1431E-01
  0.2310E+03  0.1746E-01
  0.2320E+03  0.1900E-01
  0.2330E+03  0.1985E-01
  0.2340E+03  0.2282E-01
  0.2350E+03  0.2390E-01
  0.2360E+03  0.2982E-01
  0.2370E+03  0.3243E-01
  0.2380E+03  0.3668E-01
  0.2390E+03  0.3543E-01
  0.2400E+03  0.4315E-01
  0.2410E+03  0.4395E-01
  0.2420E+03  0.4259E-01
  0.2430E+03  0.4664E-01
  0.2440E+03  0.5542E-01
  0.2450E+03  0.5514E-01
  0.2460E+03  0.5046E-01
  0.2470E+03  0.5385E-01
  0.2480E+03  0.5170E-01
  0.2490E+03  0.5368E-01
  0.2500E+03  0.4641E-01
  0.2510E+03  0.4731E-01
  0.2520E+03  0.5275E-01
  0.2530E+03  0.4756E-01
  0.2540E+03  0.4923E-01
  0.2550E+03  0.4916E-01
  0.2560E+03  0.5125E-01
  0.2570E+03  0.4206E-01
  0.2580E+03  0.4707E-01
  0.2590E+03  0.3738E-01
  0.2600E+03  0.4035E-01
  0.2610E+03  0.4329E-01
  0.2620E+03  0.4043E-01
  0.2630E+03  0.3817E-01
  0.2640E+03  0.4019E-01
  0.2650E+03  0.3849E-01
  0.2660E+03  0.3874E-01
  0.2670E+03  0.3571E-01
  0.2680E+03  0.4106E-01
  0.2690E+03  0.4641E-01
  0.2700E+03  0.3837E-01
  0.2710E+03  0.4914E-01
  0.2720E+03  0.4786E-01
  0.2730E+03  0.5059E-01
  0.2740E+03  0.5226E-01
  0.2750E+03  0.5422E-01
  0.2760E+03  0.6013E-01
  0.2770E+03  0.5688E-01
  0.2780E+03  0.6220E-01
  0.2790E+03  0.5811E-01
  0.2800E+03  0.5509E-01
  0.2810E+03  0.5650E-01
  0.2820E+03  0.5538E-01
  0.2830E+03  0.6176E-01
  0.2840E+03  0.6035E-01
  0.2850E+03  0.5719E-01
  0.2860E+03  0.5116E-01
  0.2870E+03  0.5311E-01
  0.2880E+03  0.5203E-01
  0.2890E+03  0.5355E-01
  0.2900E+03  0.5205E-01
  0.2910E+03  0.4848E-01
  0.2920E+03  0.4689E-01
  0.2930E+03  0.4255E-01
  0.2940E+03  0.4218E-01
  0.2950E+03  0.4408E-01
  0.2960E+03  0.4100E-01
  0.2970E+03  0.4457E-01
  0.2980E+03  0.3361E-01
  0.2990E+03  0.3292E-01
  0.3000E+03  0.3781E-01
  0.3010E+03  0.3268E-01
  0.3020E+03  0.3480E-01
  0.3030E+03  0.3874E-01
  0.3040E+03  0.3534E-01
  0.3050E+03  0.3532E-01
  0.3060E+03  0.3406E-01
  0.3070E+03  0.3563E-01
  0.3080E+03  0.3563E-01
  0.3090E+03  0.4009E-01
  0.3100E+03  0.3608E-01
  0.3110E+03  0.3904E-01
  0.3120E+03  0.3534E-01
  0.3130E+03  0.3446E-01
  0.3140E+03  0.3810E-01
  0.3150E+03  0.4158E-01
  0.3160E+03  0.4614E-01
  0.3170E+03  0.4601E-01
  0.3180E+03  0.4647E-01
  0.3190E+03  0.5140E-01
  0.3200E+03  0.4707E-01
  0.3210E+03  0.4983E-01
  0.3220E+03  0.5411E-01
  0.3230E+03  0.5217E-01
  0.3240E+03  0.5117E-01
  0.3250E+03  0.5846E-01
  0.3260E+03  0.5197E-01
  0.3270E+03  0.6002E-01
  0.3280E+03  0.5777E-01
  0.3290E+03  0.6642E-01
  0.3300E+03  0.6455E-01
  0.3310E+03  0.6242E-01
  0.3320E+03  0.6408E-01
  0.3330E+03  0.7284E-01
  0.3340E+03  0.7014E-01
  0.3350E+03  0.6797E-01
  0.3360E+03  0.7467E-01
  0.3370E+03  0.7417E-01
  0.3380E+03  0.6972E-01
  0.3390E+03  0.7446E-01
  0.3400E+03  0.6731E-01
  0.3410E+03  0.8001E-01
  0.3420E+03  0.7073E-01
  0.3430E+03  0.8613E-01
  0.3440E+03  0.8276E-01
  0.3450E+03  0.8575E-01
  0.3460E+03  0.7999E-01
  0.3470E+03  0.7944E-01
  0.3480E+03  0.7161E-01
  0.3490E+03  0.6953E-01
  0.3500E+03  0.7304E-01
  0.3510E+03  0.7001E-01
  0.3520E+03  0.6902E-01
  0.3530E+03  0.6604E-01
  0.3540E+03  0.6443E-01
  0.3550E+03  0.6488E-01
  0.3560E+03  0.6153E-01
  0.3570E+03  0.5657E-01
  0.3580E+03  0.5278E-01
  0.3590E+03  0.4932E-01
  0.3600E+03  0.4832E-01
  0.3610E+03  0.4819E-01
  0.3620E+03  0.4331E-01
  0.3630E+03  0.3628E-01
  0.3640E+03  0.3655E-01
  0.3650E+03  0.3510E-01
  0.3660E+03  0.2705E-01
  0.3670E+03  0.3096E-01
  0.3680E+03  0.3050E-01
  0.3690E+03  0.2301E-01
  0.3700E+03  0.2351E-01
  0.3710E+03  0.2314E-01
  0.3720E+03  0.1729E-01
  0.3730E+03  0.2086E-01
  0.3740E+03  0.1304E-01
  0.3750E+03  0.1312E-01
  0.3760E+03  0.1466E-01
  0.3770E+03  0.1381E-01
  0.3780E+03  0.1379E-01
  0.3790E+03  0.1208E-01
  0.3800E+03  0.8935E-02
  0.3810E+03  0.9021E-02
  0.3820E+03  0.1126E-01
  0.3830E+03  0.1160E-01
  0.3840E+03  0.1029E-01
  0.3850E+03  0.9732E-02
  0.3860E+03  0.8871E-02
  0.3870E+03  0.8509E-02
  0.3880E+03  0.7710E-02
  0.3890E+03  0.8011E-02
  0.3900E+03  0.6311E-02
  0.3910E+03  0.8142E-02
  0.3920E+03  0.6899E-02
  0.3930E+03  0.7432E-02
  0.3940E+03  0.7960E-02
  0.3950E+03  0.6801E-02
  0.3960E+03  0.7332E-02
  0.3970E+03  0.9455E-02
  0.3980E+03  0.6148E-02
  0.3990E+03  0.7680E-02
  0.4000E+03  0.7390E-02
  0.4010E+03  0.1008E-01
  0.4020E+03  0.8154E-02
  0.4030E+03  0.1009E-01
  0.4040E+03  0.1283E-01
  0.4050E+03  0.1116E-01
  0.4060E+03  0.1112E-01
  0.4070E+03  0.1283E-01
  0.4080E+03  0.1375E-01
  0.4090E+03  0.1741E-01
  0.4100E+03  0.1580E-01
  0.4110E+03  0.1698E-01
  0.4120E+03  0.2088E-01
  0.4130E+03  0.2155E-01
  0.4140E+03  0.2260E-01
  0.4150E+03  0.2126E-01
  0.4160E+03  0.2749E-01
  0.4170E+03  0.2801E-01
  0.4180E+03  0.2993E-01
  0.4190E+03  0.3129E-01
  0.4200E+03  0.3735E-01
  0.4210E+03  0.3503E-01
  0.4220E+03  0.3642E-01
  0.4230E+03  0.3935E-01
  0.4240E+03  0.4629E-01
  0.4250E+03  0.4759E-01
  0.4260E+03  0.4842E-01
  0.4270E+03  0.5200E-01
  0.4280E+03  0.5752E-01
  0.4290E+03  0.5569E-01
  0.4300E+03  0.5610E-01
  0.4310E+03  0.6131E-01
  0.4320E+03  0.6235E-01
  0.4330E+03  0.6046E-01
  0.4340E+03  0.7017E-01
  0.4350E+03  0.6891E-01
  0.4360E+03  0.6914E-01
  0.4370E+03  0.7061E-01
  0.4380E+03  0.6379E-01
  0.4390E+03  0.7034E-01
  0.4400E+03  0.7034E-01
  0.4410E+03  0.6666E-01
  0.4420E+03  0.6463E-01
  0.4430E+03  0.6541E-01
  0.4440E+03  0.6711E-01
  0.4450E+03  0.6715E-01
  0.4460E+03  0.5868E-01
  0.4470E+03  0.6487E-01
  0.4480E+03  0.5685E-01
  0.4490E+03  0.5865E-01
  0.4500E+03  0.6100E-01
  0.4510E+03  0.5447E-01
  0.4520E+03  0.4754E-01
  0.4530E+03  0.5135E-01
  0.4540E+03  0.5040E-01
  0.4550E+03  0.4467E-01
  0.4560E+03  0.4163E-01
  0.4570E+03  0.4234E-01
  0.4580E+03  0.4307E-01
  0.4590E+03  0.3760E-01
  0.4600E+03  0.3482E-01
  0.4610E+03  0.3323E-01
  0.4620E+03  0.2723E-01
  0.4630E+03  0.3014E-01
  0.4640E+03  0.2653E-01
  0.4650E+03  0.2612E-01
  0.4660E+03  0.2251E-01
  0.4670E+03  0.2327E-01
  0.4680E+03  0.2073E-01
  0.4690E+03  0.2167E-01
  0.4700E+03  0.2035E-01
  0.4710E+03  0.1763E-01
  0.4720E+03  0.1955E-01
  0.4730E+03  0.1691E-01
  0.4740E+03  0.1982E-01
  0.4750E+03  0.2129E-01
  0.4760E+03  0.1954E-01
  0.4770E+03  0.1972E-01
  0.4780E+03  0.2189E-01
  0.4790E+03  0.2351E-01
  0.4800E+03  0.1995E-01
  0.4810E+03  0.2554E-01
  0.4820E+03  0.2630E-01
  0.4830E+03  0.2362E-01
  0.4840E+03  0.3056E-01
  0.4850E+03  0.3049E-01
  0.4860E+03  0.3013E-01
  0.4870E+03  0.3101E-01
  0.4880E+03  0.3944E-01
  0.4890E+03  0.3839E-01
  0.4900E+03  0.3913E-01
  0.4910E+03  0.4626E-01
  0.4920E+03  0.5035E-01
  0.4930E+03  0.4913E-01
  0.4940E+03  0.5547E-01
  0.4950E+03  0.5807E-01
  0.4960E+03  0.6603E-01
  0.4970E+03  0.6078E-01
  0.4980E+03  0.6624E-01
  0.4990E+03  0.7257E-01
  0.5000E+03  0.7653E-01
  0.5010E+03  0.7825E-01
  0.5020E+03  0.8605E-01
  0.5030E+03  0.9125E-01
  0.5040E+03  0.9836E-01
  0.5050E+03  0.1082E+00
  0.5060E+03  0.1126E+00
  0.5070E+03  0.1076E+00
  0.5080E+03  0.1129E+00
  0.5090E+03  0.1310E+00
  0.5100E+03  0.1284E+00
  0.5110E+03  0.0000E+00
  0.5120E+03  0.0000E+00
