  0.1000E+01  0.9131E+01
  0.2000E+01  0.1028E+02
  0.3000E+01  0.1099E+02
  0.4000E+01  0.1098E+02
  0.5000E+01  0.1152E+02
  0.6000E+01  0.1173E+02
  0.7000E+01  0.1142E+02
  0.8000E+01  0.1158E+02
  0.9000E+01  0.1171E+02
  0.1000E+02  0.1207E+02
  0.1100E+02  0.1201E+02
  0.1200E+02  0.1147E+02
  0.1300E+02  0.1192E+02
  0.1400E+02  0.1183E+02
  0.1500E+02  0.1210E+02
  0.1600E+02  0.1168E+02
  0.1700E+02  0.1166E+02
  0.1800E+02  0.1203E+02
  0.1900E+02  0.1181E+02
  0.2000E+02  0.1174E+02
  0.2100E+02  0.1209E+02
  0.2200E+02  0.1171E+02
  0.2300E+02  0.1160E+02
  0.2400E+02  0.1146E+02
  0.2500E+02  0.1209E+02
  0.2600E+02  0.1232E+02
  0.2700E+02  0.1239E+02
  0.2800E+02  0.1248E+02
  0.2900E+02  0.1209E+02
  0.3000E+02  0.1211E+02
  0.3100E+02  0.1213E+02
  0.3200E+02  0.1160E+02
  0.3300E+02  0.1175E+02
  0.3400E+02  0.1193E+02
  0.3500E+02  0.1119E+02
  0.3600E+02  0.1114E+02
  0.3700E+02  0.1130E+02
  0.3800E+02  0.1093E+02
  0.3900E+02  0.1117E+02
  0.4000E+02  0.1154E+02
  0.4100E+02  0.1111E+02
  0.4200E+02  0.1074E+02
  0.4300E+02  0.1126E+02
  0.4400E+02  0.1079E+02
  0.4500E+02  0.1067E+02
  0.4600E+02  0.1095E+02
  0.4700E+02  0.1108E+02
  0.4800E+02  0.1105E+02
  0.4900E+02  0.1082E+02
  0.5000E+02  0.1109E+02
  0.5100E+02  0.1057E+02
  0.5200E+02  0.1100E+02
  0.5300E+02  0.1076E+02
  0.5400E+02  0.1101E+02
  0.5500E+02  0.1110E+02
  0.5600E+02  0.1093E+02
  0.5700E+02  0.1087E+02
  0.5800E+02  0.1111E+02
  0.5900E+02  0.1063E+02
  0.6000E+02  0.1093E+02
  0.6100E+02  0.1035E+02
  0.6200E+02  0.1046E+02
  0.6300E+02  0.1020E+02
  0.6400E+02  0.1005E+02
  0.6500E+02  0.1018E+02
  0.6600E+02  0.1027E+02
  0.6700E+02  0.9759E+01
  0.6800E+02  0.1003E+02
  0.6900E+02  0.1000E+02
  0.7000E+02  0.1039E+02
  0.7100E+02  0.9667E+01
  0.7200E+02  0.9677E+01
  0.7300E+02  0.9460E+01
  0.7400E+02  0.9923E+01
  0.7500E+02  0.9496E+01
  0.7600E+02  0.9730E+01
  0.7700E+02  0.9904E+01
  0.7800E+02  0.9356E+01
  0.7900E+02  0.9556E+01
  0.8000E+02  0.9778E+01
  0.8100E+02  0.9499E+01
  0.8200E+02  0.9483E+01
  0.8300E+02  0.9473E+01
  0.8400E+02  0.9091E+01
  0.8500E+02  0.9720E+01
  0.8600E+02  0.9505E+01
  0.8700E+02  0.9289E+01
  0.8800E+02  0.9368E+01
  0.8900E+02  0.9689E+01
  0.9000E+02  0.9538E+01
  0.9100E+02  0.8952E+01
  0.9200E+02  0.9262E+01
  0.9300E+02  0.9080E+01
  0.9400E+02  0.8930E+01
  0.9500E+02  0.8952E+01
  0.9600E+02  0.9191E+01
  0.9700E+02  0.9237E+01
  0.9800E+02  0.9222E+01
  0.9900E+02  0.9008E+01
  0.1000E+03  0.9048E+01
  0.1010E+03  0.8765E+01
  0.1020E+03  0.8651E+01
  0.1030E+03  0.9062E+01
  0.1040E+03  0.9296E+01
  0.1050E+03  0.8452E+01
  0.1060E+03  0.9259E+01
  0.1070E+03  0.8972E+01
  0.1080E+03  0.8989E+01
  0.1090E+03  0.9003E+01
  0.1100E+03  0.8643E+01
  0.1110E+03  0.8871E+01
  0.1120E+03  0.8596E+01
  0.1130E+03  0.8880E+01
  0.1140E+03  0.8998E+01
  0.1150E+03  0.8906E+01
  0.1160E+03  0.8962E+01
  0.1170E+03  0.8767E+01
  0.1180E+03  0.8915E+01
  0.1190E+03  0.9218E+01
  0.1200E+03  0.9106E+01
  0.1210E+03  0.8897E+01
  0.1220E+03  0.8753E+01
  0.1230E+03  0.8957E+01
  0.1240E+03  0.9120E+01
  0.1250E+03  0.8949E+01
  0.1260E+03  0.9606E+01
  0.1270E+03  0.8775E+01
  0.1280E+03  0.9559E+01
  0.1290E+03  0.9483E+01
  0.1300E+03  0.9460E+01
  0.1310E+03  0.9219E+01
  0.1320E+03  0.9568E+01
  0.1330E+03  0.9852E+01
  0.1340E+03  0.9526E+01
  0.1350E+03  0.9354E+01
  0.1360E+03  0.9133E+01
  0.1370E+03  0.9235E+01
  0.1380E+03  0.9297E+01
  0.1390E+03  0.9275E+01
  0.1400E+03  0.9678E+01
  0.1410E+03  0.9990E+01
  0.1420E+03  0.1088E+02
  0.1430E+03  0.1149E+02
  0.1440E+03  0.1147E+02
  0.1450E+03  0.1223E+02
  0.1460E+03  0.1393E+02
  0.1470E+03  0.1513E+02
  0.1480E+03  0.1697E+02
  0.1490E+03  0.1848E+02
  0.1500E+03  0.2142E+02
  0.1510E+03  0.2360E+02
  0.1520E+03  0.2571E+02
  0.1530E+03  0.2886E+02
  0.1540E+03  0.3064E+02
  0.1550E+03  0.3318E+02
  0.1560E+03  0.3506E+02
  0.1570E+03  0.3628E+02
  0.1580E+03  0.3750E+02
  0.1590E+03  0.3754E+02
  0.1600E+03  0.3744E+02
  0.1610E+03  0.3645E+02
  0.1620E+03  0.3500E+02
  0.1630E+03  0.3317E+02
  0.1640E+03  0.3084E+02
  0.1650E+03  0.2791E+02
  0.1660E+03  0.2577E+02
  0.1670E+03  0.2353E+02
  0.1680E+03  0.2125E+02
  0.1690E+03  0.1913E+02
  0.1700E+03  0.1731E+02
  0.1710E+03  0.1525E+02
  0.1720E+03  0.1375E+02
  0.1730E+03  0.1284E+02
  0.1740E+03  0.1156E+02
  0.1750E+03  0.1141E+02
  0.1760E+03  0.1061E+02
  0.1770E+03  0.1000E+02
  0.1780E+03  0.9849E+01
  0.1790E+03  0.1008E+02
  0.1800E+03  0.9948E+01
  0.1810E+03  0.1021E+02
  0.1820E+03  0.9643E+01
  0.1830E+03  0.9843E+01
  0.1840E+03  0.9985E+01
  0.1850E+03  0.9997E+01
  0.1860E+03  0.9908E+01
  0.1870E+03  0.9806E+01
  0.1880E+03  0.1014E+02
  0.1890E+03  0.9864E+01
  0.1900E+03  0.1017E+02
  0.1910E+03  0.1011E+02
  0.1920E+03  0.1065E+02
  0.1930E+03  0.1048E+02
  0.1940E+03  0.1061E+02
  0.1950E+03  0.1065E+02
  0.1960E+03  0.1024E+02
  0.1970E+03  0.1091E+02
  0.1980E+03  0.1118E+02
  0.1990E+03  0.1055E+02
  0.2000E+03  0.1069E+02
  0.2010E+03  0.1063E+02
  0.2020E+03  0.1062E+02
  0.2030E+03  0.1122E+02
  0.2040E+03  0.1087E+02
  0.2050E+03  0.1081E+02
  0.2060E+03  0.1081E+02
  0.2070E+03  0.1129E+02
  0.2080E+03  0.1071E+02
  0.2090E+03  0.1091E+02
  0.2100E+03  0.1106E+02
  0.2110E+03  0.1110E+02
  0.2120E+03  0.1147E+02
  0.2130E+03  0.1100E+02
  0.2140E+03  0.1140E+02
  0.2150E+03  0.1139E+02
  0.2160E+03  0.1132E+02
  0.2170E+03  0.1179E+02
  0.2180E+03  0.1163E+02
  0.2190E+03  0.1177E+02
  0.2200E+03  0.1160E+02
  0.2210E+03  0.1157E+02
  0.2220E+03  0.1234E+02
  0.2230E+03  0.1215E+02
  0.2240E+03  0.1271E+02
  0.2250E+03  0.1247E+02
  0.2260E+03  0.1243E+02
  0.2270E+03  0.1215E+02
  0.2280E+03  0.1229E+02
  0.2290E+03  0.1238E+02
  0.2300E+03  0.1257E+02
  0.2310E+03  0.1252E+02
  0.2320E+03  0.1308E+02
  0.2330E+03  0.1359E+02
  0.2340E+03  0.1337E+02
  0.2350E+03  0.1385E+02
  0.2360E+03  0.1364E+02
  0.2370E+03  0.1390E+02
  0.2380E+03  0.1438E+02
  0.2390E+03  0.1447E+02
  0.2400E+03  0.1474E+02
  0.2410E+03  0.1415E+02
  0.2420E+03  0.1483E+02
  0.2430E+03  0.1540E+02
  0.2440E+03  0.1512E+02
  0.2450E+03  0.1539E+02
  0.2460E+03  0.1511E+02
  0.2470E+03  0.1532E+02
  0.2480E+03  0.1543E+02
  0.2490E+03  0.1558E+02
  0.2500E+03  0.1627E+02
  0.2510E+03  0.1648E+02
  0.2520E+03  0.1626E+02
  0.2530E+03  0.1660E+02
  0.2540E+03  0.1680E+02
  0.2550E+03  0.1629E+02
  0.2560E+03  0.1734E+02
  0.2570E+03  0.1667E+02
  0.2580E+03  0.1679E+02
  0.2590E+03  0.1686E+02
  0.2600E+03  0.1635E+02
  0.2610E+03  0.1797E+02
  0.2620E+03  0.1769E+02
  0.2630E+03  0.1732E+02
  0.2640E+03  0.1815E+02
  0.2650E+03  0.1759E+02
  0.2660E+03  0.1799E+02
  0.2670E+03  0.1812E+02
  0.2680E+03  0.1818E+02
  0.2690E+03  0.1790E+02
  0.2700E+03  0.1843E+02
  0.2710E+03  0.1828E+02
  0.2720E+03  0.1909E+02
  0.2730E+03  0.1907E+02
  0.2740E+03  0.1931E+02
  0.2750E+03  0.1921E+02
  0.2760E+03  0.1986E+02
  0.2770E+03  0.1919E+02
  0.2780E+03  0.1912E+02
  0.2790E+03  0.1964E+02
  0.2800E+03  0.1923E+02
  0.2810E+03  0.1884E+02
  0.2820E+03  0.1930E+02
  0.2830E+03  0.1945E+02
  0.2840E+03  0.1897E+02
  0.2850E+03  0.1874E+02
  0.2860E+03  0.1851E+02
  0.2870E+03  0.1919E+02
  0.2880E+03  0.1939E+02
  0.2890E+03  0.1878E+02
  0.2900E+03  0.1908E+02
  0.2910E+03  0.1887E+02
  0.2920E+03  0.1884E+02
  0.2930E+03  0.1893E+02
  0.2940E+03  0.1850E+02
  0.2950E+03  0.1887E+02
  0.2960E+03  0.1860E+02
  0.2970E+03  0.1830E+02
  0.2980E+03  0.1876E+02
  0.2990E+03  0.1870E+02
  0.3000E+03  0.1903E+02
  0.3010E+03  0.1885E+02
  0.3020E+03  0.1902E+02
  0.3030E+03  0.1885E+02
  0.3040E+03  0.1916E+02
  0.3050E+03  0.1942E+02
  0.3060E+03  0.1991E+02
  0.3070E+03  0.1998E+02
  0.3080E+03  0.2011E+02
  0.3090E+03  0.2084E+02
  0.3100E+03  0.2094E+02
  0.3110E+03  0.2131E+02
  0.3120E+03  0.2081E+02
  0.3130E+03  0.2128E+02
  0.3140E+03  0.2213E+02
  0.3150E+03  0.2250E+02
  0.3160E+03  0.2248E+02
  0.3170E+03  0.2315E+02
  0.3180E+03  0.2345E+02
  0.3190E+03  0.2404E+02
  0.3200E+03  0.2369E+02
  0.3210E+03  0.2473E+02
  0.3220E+03  0.2459E+02
  0.3230E+03  0.2552E+02
  0.3240E+03  0.2562E+02
  0.3250E+03  0.2705E+02
  0.3260E+03  0.2724E+02
  0.3270E+03  0.2768E+02
  0.3280E+03  0.2879E+02
  0.3290E+03  0.2853E+02
  0.3300E+03  0.2951E+02
  0.3310E+03  0.2943E+02
  0.3320E+03  0.2995E+02
  0.3330E+03  0.3058E+02
  0.3340E+03  0.3105E+02
  0.3350E+03  0.3154E+02
  0.3360E+03  0.3134E+02
  0.3370E+03  0.3156E+02
  0.3380E+03  0.3218E+02
  0.3390E+03  0.3310E+02
  0.3400E+03  0.3230E+02
  0.3410E+03  0.3250E+02
  0.3420E+03  0.3274E+02
  0.3430E+03  0.3249E+02
  0.3440E+03  0.3181E+02
  0.3450E+03  0.3258E+02
  0.3460E+03  0.3211E+02
  0.3470E+03  0.3187E+02
  0.3480E+03  0.3170E+02
  0.3490E+03  0.3065E+02
  0.3500E+03  0.3020E+02
  0.3510E+03  0.2942E+02
  0.3520E+03  0.2891E+02
  0.3530E+03  0.2844E+02
  0.3540E+03  0.2697E+02
  0.3550E+03  0.2620E+02
  0.3560E+03  0.2537E+02
  0.3570E+03  0.2360E+02
  0.3580E+03  0.2299E+02
  0.3590E+03  0.2249E+02
  0.3600E+03  0.2220E+02
  0.3610E+03  0.2069E+02
  0.3620E+03  0.1985E+02
  0.3630E+03  0.1898E+02
  0.3640E+03  0.1806E+02
  0.3650E+03  0.1680E+02
  0.3660E+03  0.1550E+02
  0.3670E+03  0.1478E+02
  0.3680E+03  0.1468E+02
  0.3690E+03  0.1302E+02
  0.3700E+03  0.1238E+02
  0.3710E+03  0.1169E+02
  0.3720E+03  0.1078E+02
  0.3730E+03  0.1076E+02
  0.3740E+03  0.9946E+01
  0.3750E+03  0.9647E+01
  0.3760E+03  0.8623E+01
  0.3770E+03  0.8726E+01
  0.3780E+03  0.8481E+01
  0.3790E+03  0.7694E+01
  0.3800E+03  0.7043E+01
  0.3810E+03  0.7088E+01
  0.3820E+03  0.6554E+01
  0.3830E+03  0.6552E+01
  0.3840E+03  0.6142E+01
  0.3850E+03  0.6384E+01
  0.3860E+03  0.6295E+01
  0.3870E+03  0.5878E+01
  0.3880E+03  0.6108E+01
  0.3890E+03  0.5657E+01
  0.3900E+03  0.5350E+01
  0.3910E+03  0.5842E+01
  0.3920E+03  0.5394E+01
  0.3930E+03  0.5582E+01
  0.3940E+03  0.5709E+01
  0.3950E+03  0.5422E+01
  0.3960E+03  0.5695E+01
  0.3970E+03  0.5760E+01
  0.3980E+03  0.5878E+01
  0.3990E+03  0.6039E+01
  0.4000E+03  0.6175E+01
  0.4010E+03  0.6439E+01
  0.4020E+03  0.6275E+01
  0.4030E+03  0.6700E+01
  0.4040E+03  0.7066E+01
  0.4050E+03  0.7514E+01
  0.4060E+03  0.7615E+01
  0.4070E+03  0.8468E+01
  0.4080E+03  0.8545E+01
  0.4090E+03  0.8881E+01
  0.4100E+03  0.9758E+01
  0.4110E+03  0.1019E+02
  0.4120E+03  0.1048E+02
  0.4130E+03  0.1167E+02
  0.4140E+03  0.1276E+02
  0.4150E+03  0.1296E+02
  0.4160E+03  0.1438E+02
  0.4170E+03  0.1426E+02
  0.4180E+03  0.1592E+02
  0.4190E+03  0.1735E+02
  0.4200E+03  0.1854E+02
  0.4210E+03  0.1909E+02
  0.4220E+03  0.2060E+02
  0.4230E+03  0.2093E+02
  0.4240E+03  0.2187E+02
  0.4250E+03  0.2335E+02
  0.4260E+03  0.2503E+02
  0.4270E+03  0.2588E+02
  0.4280E+03  0.2700E+02
  0.4290E+03  0.2769E+02
  0.4300E+03  0.2913E+02
  0.4310E+03  0.3040E+02
  0.4320E+03  0.3070E+02
  0.4330E+03  0.3171E+02
  0.4340E+03  0.3225E+02
  0.4350E+03  0.3240E+02
  0.4360E+03  0.3316E+02
  0.4370E+03  0.3396E+02
  0.4380E+03  0.3345E+02
  0.4390E+03  0.3378E+02
  0.4400E+03  0.3522E+02
  0.4410E+03  0.3364E+02
  0.4420E+03  0.3416E+02
  0.4430E+03  0.3320E+02
  0.4440E+03  0.3288E+02
  0.4450E+03  0.3242E+02
  0.4460E+03  0.3270E+02
  0.4470E+03  0.3160E+02
  0.4480E+03  0.3072E+02
  0.4490E+03  0.3028E+02
  0.4500E+03  0.2935E+02
  0.4510E+03  0.2779E+02
  0.4520E+03  0.2660E+02
  0.4530E+03  0.2532E+02
  0.4540E+03  0.2440E+02
  0.4550E+03  0.2337E+02
  0.4560E+03  0.2161E+02
  0.4570E+03  0.2062E+02
  0.4580E+03  0.1979E+02
  0.4590E+03  0.1901E+02
  0.4600E+03  0.1763E+02
  0.4610E+03  0.1668E+02
  0.4620E+03  0.1599E+02
  0.4630E+03  0.1472E+02
  0.4640E+03  0.1432E+02
  0.4650E+03  0.1367E+02
  0.4660E+03  0.1315E+02
  0.4670E+03  0.1300E+02
  0.4680E+03  0.1216E+02
  0.4690E+03  0.1192E+02
  0.4700E+03  0.1141E+02
  0.4710E+03  0.1089E+02
  0.4720E+03  0.1128E+02
  0.4730E+03  0.1091E+02
  0.4740E+03  0.1174E+02
  0.4750E+03  0.1158E+02
  0.4760E+03  0.1194E+02
  0.4770E+03  0.1248E+02
  0.4780E+03  0.1330E+02
  0.4790E+03  0.1407E+02
  0.4800E+03  0.1453E+02
  0.4810E+03  0.1515E+02
  0.4820E+03  0.1644E+02
  0.4830E+03  0.1767E+02
  0.4840E+03  0.1902E+02
  0.4850E+03  0.2041E+02
  0.4860E+03  0.2122E+02
  0.4870E+03  0.2341E+02
  0.4880E+03  0.2498E+02
  0.4890E+03  0.2667E+02
  0.4900E+03  0.2845E+02
  0.4910E+03  0.3040E+02
  0.4920E+03  0.3185E+02
  0.4930E+03  0.3506E+02
  0.4940E+03  0.3667E+02
  0.4950E+03  0.3968E+02
  0.4960E+03  0.4221E+02
  0.4970E+03  0.4394E+02
  0.4980E+03  0.4765E+02
  0.4990E+03  0.4941E+02
  0.5000E+03  0.5258E+02
  0.5010E+03  0.5581E+02
  0.5020E+03  0.5947E+02
  0.5030E+03  0.6276E+02
  0.5040E+03  0.6497E+02
  0.5050E+03  0.6745E+02
  0.5060E+03  0.7179E+02
  0.5070E+03  0.7468E+02
  0.5080E+03  0.7826E+02
  0.5090E+03  0.8242E+02
  0.5100E+03  0.8498E+02
  0.5110E+03  0.0000E+00
  0.5120E+03  0.0000E+00
