  0.1000E+01  0.3412E+01
  0.2000E+01  0.3809E+01
  0.3000E+01  0.4243E+01
  0.4000E+01  0.4061E+01
  0.5000E+01  0.4718E+01
  0.6000E+01  0.4687E+01
  0.7000E+01  0.4556E+01
  0.8000E+01  0.4609E+01
  0.9000E+01  0.4461E+01
  0.1000E+02  0.4536E+01
  0.1100E+02  0.4427E+01
  0.1200E+02  0.4583E+01
  0.1300E+02  0.4631E+01
  0.1400E+02  0.4673E+01
  0.1500E+02  0.4519E+01
  0.1600E+02  0.4542E+01
  0.1700E+02  0.4296E+01
  0.1800E+02  0.4811E+01
  0.1900E+02  0.4858E+01
  0.2000E+02  0.4761E+01
  0.2100E+02  0.4733E+01
  0.2200E+02  0.4181E+01
  0.2300E+02  0.4795E+01
  0.2400E+02  0.5113E+01
  0.2500E+02  0.5283E+01
  0.2600E+02  0.5643E+01
  0.2700E+02  0.6038E+01
  0.2800E+02  0.6008E+01
  0.2900E+02  0.5739E+01
  0.3000E+02  0.5668E+01
  0.3100E+02  0.5205E+01
  0.3200E+02  0.5283E+01
  0.3300E+02  0.5186E+01
  0.3400E+02  0.4726E+01
  0.3500E+02  0.4698E+01
  0.3600E+02  0.4836E+01
  0.3700E+02  0.4817E+01
  0.3800E+02  0.4381E+01
  0.3900E+02  0.4586E+01
  0.4000E+02  0.4735E+01
  0.4100E+02  0.4805E+01
  0.4200E+02  0.4704E+01
  0.4300E+02  0.4690E+01
  0.4400E+02  0.4938E+01
  0.4500E+02  0.4762E+01
  0.4600E+02  0.4709E+01
  0.4700E+02  0.4682E+01
  0.4800E+02  0.4671E+01
  0.4900E+02  0.4746E+01
  0.5000E+02  0.4793E+01
  0.5100E+02  0.4655E+01
  0.5200E+02  0.4679E+01
  0.5300E+02  0.4758E+01
  0.5400E+02  0.4610E+01
  0.5500E+02  0.4780E+01
  0.5600E+02  0.4454E+01
  0.5700E+02  0.4750E+01
  0.5800E+02  0.4994E+01
  0.5900E+02  0.4675E+01
  0.6000E+02  0.4726E+01
  0.6100E+02  0.4704E+01
  0.6200E+02  0.4687E+01
  0.6300E+02  0.4600E+01
  0.6400E+02  0.5131E+01
  0.6500E+02  0.4856E+01
  0.6600E+02  0.4612E+01
  0.6700E+02  0.4657E+01
  0.6800E+02  0.4562E+01
  0.6900E+02  0.4504E+01
  0.7000E+02  0.4485E+01
  0.7100E+02  0.4587E+01
  0.7200E+02  0.4665E+01
  0.7300E+02  0.4321E+01
  0.7400E+02  0.4663E+01
  0.7500E+02  0.4791E+01
  0.7600E+02  0.4245E+01
  0.7700E+02  0.4612E+01
  0.7800E+02  0.4665E+01
  0.7900E+02  0.4588E+01
  0.8000E+02  0.4716E+01
  0.8100E+02  0.4817E+01
  0.8200E+02  0.4862E+01
  0.8300E+02  0.4720E+01
  0.8400E+02  0.4822E+01
  0.8500E+02  0.4522E+01
  0.8600E+02  0.4620E+01
  0.8700E+02  0.4506E+01
  0.8800E+02  0.4306E+01
  0.8900E+02  0.4629E+01
  0.9000E+02  0.4811E+01
  0.9100E+02  0.4641E+01
  0.9200E+02  0.4917E+01
  0.9300E+02  0.4628E+01
  0.9400E+02  0.4572E+01
  0.9500E+02  0.4938E+01
  0.9600E+02  0.4370E+01
  0.9700E+02  0.4612E+01
  0.9800E+02  0.4680E+01
  0.9900E+02  0.4827E+01
  0.1000E+03  0.4631E+01
  0.1010E+03  0.4576E+01
  0.1020E+03  0.4933E+01
  0.1030E+03  0.4669E+01
  0.1040E+03  0.4924E+01
  0.1050E+03  0.5014E+01
  0.1060E+03  0.4987E+01
  0.1070E+03  0.5181E+01
  0.1080E+03  0.4906E+01
  0.1090E+03  0.5372E+01
  0.1100E+03  0.4978E+01
  0.1110E+03  0.5274E+01
  0.1120E+03  0.5315E+01
  0.1130E+03  0.5442E+01
  0.1140E+03  0.5086E+01
  0.1150E+03  0.5291E+01
  0.1160E+03  0.5292E+01
  0.1170E+03  0.5243E+01
  0.1180E+03  0.5075E+01
  0.1190E+03  0.5022E+01
  0.1200E+03  0.5576E+01
  0.1210E+03  0.5601E+01
  0.1220E+03  0.5592E+01
  0.1230E+03  0.5698E+01
  0.1240E+03  0.5279E+01
  0.1250E+03  0.5828E+01
  0.1260E+03  0.5651E+01
  0.1270E+03  0.5979E+01
  0.1280E+03  0.5827E+01
  0.1290E+03  0.5684E+01
  0.1300E+03  0.6130E+01
  0.1310E+03  0.6052E+01
  0.1320E+03  0.6363E+01
  0.1330E+03  0.6679E+01
  0.1340E+03  0.6458E+01
  0.1350E+03  0.6157E+01
  0.1360E+03  0.6642E+01
  0.1370E+03  0.6604E+01
  0.1380E+03  0.6652E+01
  0.1390E+03  0.6924E+01
  0.1400E+03  0.7029E+01
  0.1410E+03  0.7016E+01
  0.1420E+03  0.7622E+01
  0.1430E+03  0.8052E+01
  0.1440E+03  0.8261E+01
  0.1450E+03  0.9101E+01
  0.1460E+03  0.9601E+01
  0.1470E+03  0.1014E+02
  0.1480E+03  0.1088E+02
  0.1490E+03  0.1174E+02
  0.1500E+03  0.1262E+02
  0.1510E+03  0.1329E+02
  0.1520E+03  0.1447E+02
  0.1530E+03  0.1512E+02
  0.1540E+03  0.1652E+02
  0.1550E+03  0.1701E+02
  0.1560E+03  0.1751E+02
  0.1570E+03  0.1805E+02
  0.1580E+03  0.1873E+02
  0.1590E+03  0.1797E+02
  0.1600E+03  0.1790E+02
  0.1610E+03  0.1725E+02
  0.1620E+03  0.1704E+02
  0.1630E+03  0.1622E+02
  0.1640E+03  0.1537E+02
  0.1650E+03  0.1458E+02
  0.1660E+03  0.1322E+02
  0.1670E+03  0.1240E+02
  0.1680E+03  0.1107E+02
  0.1690E+03  0.1099E+02
  0.1700E+03  0.9728E+01
  0.1710E+03  0.9942E+01
  0.1720E+03  0.8763E+01
  0.1730E+03  0.8452E+01
  0.1740E+03  0.7960E+01
  0.1750E+03  0.8091E+01
  0.1760E+03  0.7864E+01
  0.1770E+03  0.7381E+01
  0.1780E+03  0.7346E+01
  0.1790E+03  0.7442E+01
  0.1800E+03  0.7393E+01
  0.1810E+03  0.7410E+01
  0.1820E+03  0.7686E+01
  0.1830E+03  0.7709E+01
  0.1840E+03  0.7751E+01
  0.1850E+03  0.7775E+01
  0.1860E+03  0.7905E+01
  0.1870E+03  0.8168E+01
  0.1880E+03  0.7715E+01
  0.1890E+03  0.8103E+01
  0.1900E+03  0.8444E+01
  0.1910E+03  0.8023E+01
  0.1920E+03  0.8096E+01
  0.1930E+03  0.8132E+01
  0.1940E+03  0.8565E+01
  0.1950E+03  0.8529E+01
  0.1960E+03  0.8676E+01
  0.1970E+03  0.8810E+01
  0.1980E+03  0.8662E+01
  0.1990E+03  0.8852E+01
  0.2000E+03  0.8852E+01
  0.2010E+03  0.8516E+01
  0.2020E+03  0.9115E+01
  0.2030E+03  0.9438E+01
  0.2040E+03  0.9156E+01
  0.2050E+03  0.9382E+01
  0.2060E+03  0.9305E+01
  0.2070E+03  0.9338E+01
  0.2080E+03  0.9797E+01
  0.2090E+03  0.9471E+01
  0.2100E+03  0.9867E+01
  0.2110E+03  0.9873E+01
  0.2120E+03  0.9783E+01
  0.2130E+03  0.1009E+02
  0.2140E+03  0.1068E+02
  0.2150E+03  0.1014E+02
  0.2160E+03  0.1006E+02
  0.2170E+03  0.1033E+02
  0.2180E+03  0.1049E+02
  0.2190E+03  0.1083E+02
  0.2200E+03  0.1071E+02
  0.2210E+03  0.1100E+02
  0.2220E+03  0.1115E+02
  0.2230E+03  0.1077E+02
  0.2240E+03  0.1118E+02
  0.2250E+03  0.1135E+02
  0.2260E+03  0.1123E+02
  0.2270E+03  0.1122E+02
  0.2280E+03  0.1106E+02
  0.2290E+03  0.1152E+02
  0.2300E+03  0.1215E+02
  0.2310E+03  0.1217E+02
  0.2320E+03  0.1208E+02
  0.2330E+03  0.1173E+02
  0.2340E+03  0.1259E+02
  0.2350E+03  0.1173E+02
  0.2360E+03  0.1233E+02
  0.2370E+03  0.1224E+02
  0.2380E+03  0.1251E+02
  0.2390E+03  0.1306E+02
  0.2400E+03  0.1290E+02
  0.2410E+03  0.1299E+02
  0.2420E+03  0.1280E+02
  0.2430E+03  0.1257E+02
  0.2440E+03  0.1251E+02
  0.2450E+03  0.1321E+02
  0.2460E+03  0.1311E+02
  0.2470E+03  0.1378E+02
  0.2480E+03  0.1353E+02
  0.2490E+03  0.1337E+02
  0.2500E+03  0.1326E+02
  0.2510E+03  0.1337E+02
  0.2520E+03  0.1375E+02
  0.2530E+03  0.1393E+02
  0.2540E+03  0.1348E+02
  0.2550E+03  0.1392E+02
  0.2560E+03  0.1423E+02
  0.2570E+03  0.1409E+02
  0.2580E+03  0.1419E+02
  0.2590E+03  0.1355E+02
  0.2600E+03  0.1431E+02
  0.2610E+03  0.1400E+02
  0.2620E+03  0.1420E+02
  0.2630E+03  0.1477E+02
  0.2640E+03  0.1449E+02
  0.2650E+03  0.1572E+02
  0.2660E+03  0.1526E+02
  0.2670E+03  0.1444E+02
  0.2680E+03  0.1466E+02
  0.2690E+03  0.1488E+02
  0.2700E+03  0.1427E+02
  0.2710E+03  0.1517E+02
  0.2720E+03  0.1539E+02
  0.2730E+03  0.1540E+02
  0.2740E+03  0.1549E+02
  0.2750E+03  0.1478E+02
  0.2760E+03  0.1552E+02
  0.2770E+03  0.1561E+02
  0.2780E+03  0.1544E+02
  0.2790E+03  0.1570E+02
  0.2800E+03  0.1537E+02
  0.2810E+03  0.1557E+02
  0.2820E+03  0.1564E+02
  0.2830E+03  0.1578E+02
  0.2840E+03  0.1566E+02
  0.2850E+03  0.1540E+02
  0.2860E+03  0.1545E+02
  0.2870E+03  0.1561E+02
  0.2880E+03  0.1522E+02
  0.2890E+03  0.1564E+02
  0.2900E+03  0.1572E+02
  0.2910E+03  0.1594E+02
  0.2920E+03  0.1557E+02
  0.2930E+03  0.1554E+02
  0.2940E+03  0.1597E+02
  0.2950E+03  0.1565E+02
  0.2960E+03  0.1619E+02
  0.2970E+03  0.1545E+02
  0.2980E+03  0.1599E+02
  0.2990E+03  0.1551E+02
  0.3000E+03  0.1633E+02
  0.3010E+03  0.1622E+02
  0.3020E+03  0.1568E+02
  0.3030E+03  0.1598E+02
  0.3040E+03  0.1588E+02
  0.3050E+03  0.1667E+02
  0.3060E+03  0.1610E+02
  0.3070E+03  0.1605E+02
  0.3080E+03  0.1550E+02
  0.3090E+03  0.1644E+02
  0.3100E+03  0.1636E+02
  0.3110E+03  0.1634E+02
  0.3120E+03  0.1633E+02
  0.3130E+03  0.1667E+02
  0.3140E+03  0.1659E+02
  0.3150E+03  0.1661E+02
  0.3160E+03  0.1621E+02
  0.3170E+03  0.1671E+02
  0.3180E+03  0.1646E+02
  0.3190E+03  0.1635E+02
  0.3200E+03  0.1710E+02
  0.3210E+03  0.1695E+02
  0.3220E+03  0.1675E+02
  0.3230E+03  0.1709E+02
  0.3240E+03  0.1689E+02
  0.3250E+03  0.1729E+02
  0.3260E+03  0.1715E+02
  0.3270E+03  0.1694E+02
  0.3280E+03  0.1746E+02
  0.3290E+03  0.1717E+02
  0.3300E+03  0.1711E+02
  0.3310E+03  0.1761E+02
  0.3320E+03  0.1763E+02
  0.3330E+03  0.1755E+02
  0.3340E+03  0.1808E+02
  0.3350E+03  0.1758E+02
  0.3360E+03  0.1778E+02
  0.3370E+03  0.1813E+02
  0.3380E+03  0.1768E+02
  0.3390E+03  0.1817E+02
  0.3400E+03  0.1827E+02
  0.3410E+03  0.1768E+02
  0.3420E+03  0.1758E+02
  0.3430E+03  0.1806E+02
  0.3440E+03  0.1849E+02
  0.3450E+03  0.1779E+02
  0.3460E+03  0.1781E+02
  0.3470E+03  0.1762E+02
  0.3480E+03  0.1821E+02
  0.3490E+03  0.1750E+02
  0.3500E+03  0.1806E+02
  0.3510E+03  0.1752E+02
  0.3520E+03  0.1673E+02
  0.3530E+03  0.1756E+02
  0.3540E+03  0.1761E+02
  0.3550E+03  0.1713E+02
  0.3560E+03  0.1680E+02
  0.3570E+03  0.1680E+02
  0.3580E+03  0.1683E+02
  0.3590E+03  0.1652E+02
  0.3600E+03  0.1625E+02
  0.3610E+03  0.1600E+02
  0.3620E+03  0.1611E+02
  0.3630E+03  0.1638E+02
  0.3640E+03  0.1625E+02
  0.3650E+03  0.1606E+02
  0.3660E+03  0.1653E+02
  0.3670E+03  0.1546E+02
  0.3680E+03  0.1636E+02
  0.3690E+03  0.1529E+02
  0.3700E+03  0.1516E+02
  0.3710E+03  0.1541E+02
  0.3720E+03  0.1562E+02
  0.3730E+03  0.1553E+02
  0.3740E+03  0.1577E+02
  0.3750E+03  0.1531E+02
  0.3760E+03  0.1550E+02
  0.3770E+03  0.1528E+02
  0.3780E+03  0.1555E+02
  0.3790E+03  0.1505E+02
  0.3800E+03  0.1548E+02
  0.3810E+03  0.1530E+02
  0.3820E+03  0.1496E+02
  0.3830E+03  0.1550E+02
  0.3840E+03  0.1535E+02
  0.3850E+03  0.1519E+02
  0.3860E+03  0.1544E+02
  0.3870E+03  0.1567E+02
  0.3880E+03  0.1504E+02
  0.3890E+03  0.1542E+02
  0.3900E+03  0.1577E+02
  0.3910E+03  0.1585E+02
  0.3920E+03  0.1529E+02
  0.3930E+03  0.1551E+02
  0.3940E+03  0.1564E+02
  0.3950E+03  0.1554E+02
  0.3960E+03  0.1598E+02
  0.3970E+03  0.1521E+02
  0.3980E+03  0.1559E+02
  0.3990E+03  0.1620E+02
  0.4000E+03  0.1543E+02
  0.4010E+03  0.1548E+02
  0.4020E+03  0.1568E+02
  0.4030E+03  0.1611E+02
  0.4040E+03  0.1555E+02
  0.4050E+03  0.1610E+02
  0.4060E+03  0.1605E+02
  0.4070E+03  0.1632E+02
  0.4080E+03  0.1612E+02
  0.4090E+03  0.1637E+02
  0.4100E+03  0.1631E+02
  0.4110E+03  0.1677E+02
  0.4120E+03  0.1634E+02
  0.4130E+03  0.1656E+02
  0.4140E+03  0.1653E+02
  0.4150E+03  0.1666E+02
  0.4160E+03  0.1732E+02
  0.4170E+03  0.1651E+02
  0.4180E+03  0.1663E+02
  0.4190E+03  0.1699E+02
  0.4200E+03  0.1704E+02
  0.4210E+03  0.1764E+02
  0.4220E+03  0.1746E+02
  0.4230E+03  0.1808E+02
  0.4240E+03  0.1824E+02
  0.4250E+03  0.1781E+02
  0.4260E+03  0.1828E+02
  0.4270E+03  0.1849E+02
  0.4280E+03  0.1845E+02
  0.4290E+03  0.1841E+02
  0.4300E+03  0.1787E+02
  0.4310E+03  0.1861E+02
  0.4320E+03  0.1868E+02
  0.4330E+03  0.1849E+02
  0.4340E+03  0.1815E+02
  0.4350E+03  0.1874E+02
  0.4360E+03  0.1816E+02
  0.4370E+03  0.1917E+02
  0.4380E+03  0.1909E+02
  0.4390E+03  0.1909E+02
  0.4400E+03  0.1829E+02
  0.4410E+03  0.1801E+02
  0.4420E+03  0.1819E+02
  0.4430E+03  0.1805E+02
  0.4440E+03  0.1828E+02
  0.4450E+03  0.1794E+02
  0.4460E+03  0.1790E+02
  0.4470E+03  0.1730E+02
  0.4480E+03  0.1783E+02
  0.4490E+03  0.1728E+02
  0.4500E+03  0.1701E+02
  0.4510E+03  0.1663E+02
  0.4520E+03  0.1726E+02
  0.4530E+03  0.1633E+02
  0.4540E+03  0.1659E+02
  0.4550E+03  0.1616E+02
  0.4560E+03  0.1618E+02
  0.4570E+03  0.1588E+02
  0.4580E+03  0.1591E+02
  0.4590E+03  0.1545E+02
  0.4600E+03  0.1512E+02
  0.4610E+03  0.1612E+02
  0.4620E+03  0.1533E+02
  0.4630E+03  0.1567E+02
  0.4640E+03  0.1528E+02
  0.4650E+03  0.1436E+02
  0.4660E+03  0.1466E+02
  0.4670E+03  0.1437E+02
  0.4680E+03  0.1453E+02
  0.4690E+03  0.1431E+02
  0.4700E+03  0.1444E+02
  0.4710E+03  0.1444E+02
  0.4720E+03  0.1416E+02
  0.4730E+03  0.1412E+02
  0.4740E+03  0.1377E+02
  0.4750E+03  0.1399E+02
  0.4760E+03  0.1408E+02
  0.4770E+03  0.1409E+02
  0.4780E+03  0.1443E+02
  0.4790E+03  0.1442E+02
  0.4800E+03  0.1425E+02
  0.4810E+03  0.1481E+02
  0.4820E+03  0.1405E+02
  0.4830E+03  0.1481E+02
  0.4840E+03  0.1444E+02
  0.4850E+03  0.1435E+02
  0.4860E+03  0.1455E+02
  0.4870E+03  0.1453E+02
  0.4880E+03  0.1464E+02
  0.4890E+03  0.1459E+02
  0.4900E+03  0.1486E+02
  0.4910E+03  0.1535E+02
  0.4920E+03  0.1524E+02
  0.4930E+03  0.1560E+02
  0.4940E+03  0.1533E+02
  0.4950E+03  0.1558E+02
  0.4960E+03  0.1652E+02
  0.4970E+03  0.1620E+02
  0.4980E+03  0.1641E+02
  0.4990E+03  0.1632E+02
  0.5000E+03  0.1640E+02
  0.5010E+03  0.1626E+02
  0.5020E+03  0.1635E+02
  0.5030E+03  0.1737E+02
  0.5040E+03  0.1788E+02
  0.5050E+03  0.1733E+02
  0.5060E+03  0.1787E+02
  0.5070E+03  0.1744E+02
  0.5080E+03  0.1774E+02
  0.5090E+03  0.1714E+02
  0.5100E+03  0.1818E+02
  0.5110E+03  0.0000E+00
  0.5120E+03  0.0000E+00
