  0.1000E+01  0.3260E+00
  0.2000E+01  0.8132E+00
  0.3000E+01  0.4925E+00
  0.4000E+01  0.2254E+00
  0.5000E+01  0.1779E+00
  0.6000E+01  0.1739E+00
  0.7000E+01  0.1677E+00
  0.8000E+01  0.1671E+00
  0.9000E+01  0.1741E+00
  0.1000E+02  0.1983E+00
  0.1100E+02  0.2237E+00
  0.1200E+02  0.2458E+00
  0.1300E+02  0.2745E+00
  0.1400E+02  0.3084E+00
  0.1500E+02  0.3377E+00
  0.1600E+02  0.3857E+00
  0.1700E+02  0.4548E+00
  0.1800E+02  0.6730E+00
  0.1900E+02  0.1367E+01
  0.2000E+02  0.3267E+01
  0.2100E+02  0.7687E+01
  0.2200E+02  0.1615E+02
  0.2300E+02  0.2931E+02
  0.2400E+02  0.4574E+02
  0.2500E+02  0.6146E+02
  0.2600E+02  0.7091E+02
  0.2700E+02  0.7082E+02
  0.2800E+02  0.6223E+02
  0.2900E+02  0.4864E+02
  0.3000E+02  0.3545E+02
  0.3100E+02  0.2447E+02
  0.3200E+02  0.1630E+02
  0.3300E+02  0.1035E+02
  0.3400E+02  0.6256E+01
  0.3500E+02  0.3811E+01
  0.3600E+02  0.2615E+01
  0.3700E+02  0.2122E+01
  0.3800E+02  0.1992E+01
  0.3900E+02  0.1999E+01
  0.4000E+02  0.2062E+01
  0.4100E+02  0.2124E+01
  0.4200E+02  0.2215E+01
  0.4300E+02  0.2245E+01
  0.4400E+02  0.2326E+01
  0.4500E+02  0.2388E+01
  0.4600E+02  0.2469E+01
  0.4700E+02  0.2525E+01
  0.4800E+02  0.2647E+01
  0.4900E+02  0.2783E+01
  0.5000E+02  0.2926E+01
  0.5100E+02  0.3159E+01
  0.5200E+02  0.3439E+01
  0.5300E+02  0.3772E+01
  0.5400E+02  0.4156E+01
  0.5500E+02  0.4638E+01
  0.5600E+02  0.5223E+01
  0.5700E+02  0.5859E+01
  0.5800E+02  0.6532E+01
  0.5900E+02  0.7311E+01
  0.6000E+02  0.8103E+01
  0.6100E+02  0.8968E+01
  0.6200E+02  0.9805E+01
  0.6300E+02  0.1072E+02
  0.6400E+02  0.1164E+02
  0.6500E+02  0.1266E+02
  0.6600E+02  0.1363E+02
  0.6700E+02  0.1468E+02
  0.6800E+02  0.1581E+02
  0.6900E+02  0.1697E+02
  0.7000E+02  0.1806E+02
  0.7100E+02  0.1930E+02
  0.7200E+02  0.2044E+02
  0.7300E+02  0.2148E+02
  0.7400E+02  0.2246E+02
  0.7500E+02  0.2333E+02
  0.7600E+02  0.2401E+02
  0.7700E+02  0.2464E+02
  0.7800E+02  0.2523E+02
  0.7900E+02  0.2560E+02
  0.8000E+02  0.2589E+02
  0.8100E+02  0.2619E+02
  0.8200E+02  0.2646E+02
  0.8300E+02  0.2664E+02
  0.8400E+02  0.2682E+02
  0.8500E+02  0.2695E+02
  0.8600E+02  0.2726E+02
  0.8700E+02  0.2750E+02
  0.8800E+02  0.2779E+02
  0.8900E+02  0.2820E+02
  0.9000E+02  0.2881E+02
  0.9100E+02  0.2940E+02
  0.9200E+02  0.3022E+02
  0.9300E+02  0.3098E+02
  0.9400E+02  0.3217E+02
  0.9500E+02  0.3317E+02
  0.9600E+02  0.3455E+02
  0.9700E+02  0.3563E+02
  0.9800E+02  0.3673E+02
  0.9900E+02  0.3766E+02
  0.1000E+03  0.3846E+02
  0.1010E+03  0.3899E+02
  0.1020E+03  0.3915E+02
  0.1030E+03  0.3922E+02
  0.1040E+03  0.3905E+02
  0.1050E+03  0.3856E+02
  0.1060E+03  0.3790E+02
  0.1070E+03  0.3724E+02
  0.1080E+03  0.3659E+02
  0.1090E+03  0.3580E+02
  0.1100E+03  0.3494E+02
  0.1110E+03  0.3417E+02
  0.1120E+03  0.3350E+02
  0.1130E+03  0.3283E+02
  0.1140E+03  0.3231E+02
  0.1150E+03  0.3166E+02
  0.1160E+03  0.3129E+02
  0.1170E+03  0.3071E+02
  0.1180E+03  0.3030E+02
  0.1190E+03  0.3004E+02
  0.1200E+03  0.2963E+02
  0.1210E+03  0.2929E+02
  0.1220E+03  0.2911E+02
  0.1230E+03  0.2879E+02
  0.1240E+03  0.2874E+02
  0.1250E+03  0.2845E+02
  0.1260E+03  0.2825E+02
  0.1270E+03  0.2817E+02
  0.1280E+03  0.2797E+02
  0.1290E+03  0.2777E+02
  0.1300E+03  0.2782E+02
  0.1310E+03  0.2779E+02
  0.1320E+03  0.2791E+02
  0.1330E+03  0.2783E+02
  0.1340E+03  0.2781E+02
  0.1350E+03  0.2770E+02
  0.1360E+03  0.2775E+02
  0.1370E+03  0.2788E+02
  0.1380E+03  0.2787E+02
  0.1390E+03  0.2801E+02
  0.1400E+03  0.2818E+02
  0.1410E+03  0.2822E+02
  0.1420E+03  0.2813E+02
  0.1430E+03  0.2820E+02
  0.1440E+03  0.2823E+02
  0.1450E+03  0.2822E+02
  0.1460E+03  0.2817E+02
  0.1470E+03  0.2793E+02
  0.1480E+03  0.2760E+02
  0.1490E+03  0.2723E+02
  0.1500E+03  0.2675E+02
  0.1510E+03  0.2603E+02
  0.1520E+03  0.2525E+02
  0.1530E+03  0.2420E+02
  0.1540E+03  0.2301E+02
  0.1550E+03  0.2186E+02
  0.1560E+03  0.2032E+02
  0.1570E+03  0.1879E+02
  0.1580E+03  0.1717E+02
  0.1590E+03  0.1546E+02
  0.1600E+03  0.1375E+02
  0.1610E+03  0.1207E+02
  0.1620E+03  0.1043E+02
  0.1630E+03  0.8851E+01
  0.1640E+03  0.7432E+01
  0.1650E+03  0.6145E+01
  0.1660E+03  0.4965E+01
  0.1670E+03  0.4046E+01
  0.1680E+03  0.3222E+01
  0.1690E+03  0.2539E+01
  0.1700E+03  0.1959E+01
  0.1710E+03  0.1512E+01
  0.1720E+03  0.1174E+01
  0.1730E+03  0.9159E+00
  0.1740E+03  0.7212E+00
  0.1750E+03  0.5618E+00
  0.1760E+03  0.4756E+00
  0.1770E+03  0.4197E+00
  0.1780E+03  0.3494E+00
  0.1790E+03  0.3239E+00
  0.1800E+03  0.3016E+00
  0.1810E+03  0.2837E+00
  0.1820E+03  0.2758E+00
  0.1830E+03  0.2667E+00
  0.1840E+03  0.2612E+00
  0.1850E+03  0.2588E+00
  0.1860E+03  0.2498E+00
  0.1870E+03  0.2484E+00
  0.1880E+03  0.2480E+00
  0.1890E+03  0.2426E+00
  0.1900E+03  0.2392E+00
  0.1910E+03  0.2340E+00
  0.1920E+03  0.2286E+00
  0.1930E+03  0.2220E+00
  0.1940E+03  0.2190E+00
  0.1950E+03  0.2165E+00
  0.1960E+03  0.2101E+00
  0.1970E+03  0.2174E+00
  0.1980E+03  0.2084E+00
  0.1990E+03  0.2071E+00
  0.2000E+03  0.2052E+00
  0.2010E+03  0.2009E+00
  0.2020E+03  0.1937E+00
  0.2030E+03  0.1993E+00
  0.2040E+03  0.1956E+00
  0.2050E+03  0.1921E+00
  0.2060E+03  0.1869E+00
  0.2070E+03  0.1834E+00
  0.2080E+03  0.1866E+00
  0.2090E+03  0.1820E+00
  0.2100E+03  0.1794E+00
  0.2110E+03  0.1764E+00
  0.2120E+03  0.1730E+00
  0.2130E+03  0.1694E+00
  0.2140E+03  0.1689E+00
  0.2150E+03  0.1619E+00
  0.2160E+03  0.1594E+00
  0.2170E+03  0.1576E+00
  0.2180E+03  0.1561E+00
  0.2190E+03  0.1595E+00
  0.2200E+03  0.1553E+00
  0.2210E+03  0.1546E+00
  0.2220E+03  0.1615E+00
  0.2230E+03  0.1509E+00
  0.2240E+03  0.1448E+00
  0.2250E+03  0.1519E+00
  0.2260E+03  0.1415E+00
  0.2270E+03  0.1445E+00
  0.2280E+03  0.1480E+00
  0.2290E+03  0.1493E+00
  0.2300E+03  0.1340E+00
  0.2310E+03  0.1441E+00
  0.2320E+03  0.1387E+00
  0.2330E+03  0.1321E+00
  0.2340E+03  0.1299E+00
  0.2350E+03  0.1325E+00
  0.2360E+03  0.1389E+00
  0.2370E+03  0.1318E+00
  0.2380E+03  0.1306E+00
  0.2390E+03  0.1254E+00
  0.2400E+03  0.1243E+00
  0.2410E+03  0.1262E+00
  0.2420E+03  0.1230E+00
  0.2430E+03  0.1226E+00
  0.2440E+03  0.1182E+00
  0.2450E+03  0.1162E+00
  0.2460E+03  0.1205E+00
  0.2470E+03  0.1222E+00
  0.2480E+03  0.1130E+00
  0.2490E+03  0.1122E+00
  0.2500E+03  0.1096E+00
  0.2510E+03  0.1106E+00
  0.2520E+03  0.1095E+00
  0.2530E+03  0.1068E+00
  0.2540E+03  0.1052E+00
  0.2550E+03  0.1093E+00
  0.2560E+03  0.1095E+00
  0.2570E+03  0.1087E+00
  0.2580E+03  0.1003E+00
  0.2590E+03  0.1037E+00
  0.2600E+03  0.1045E+00
  0.2610E+03  0.1043E+00
  0.2620E+03  0.9656E-01
  0.2630E+03  0.9625E-01
  0.2640E+03  0.9594E-01
  0.2650E+03  0.9257E-01
  0.2660E+03  0.1010E+00
  0.2670E+03  0.9225E-01
  0.2680E+03  0.9319E-01
  0.2690E+03  0.8790E-01
  0.2700E+03  0.9209E-01
  0.2710E+03  0.8881E-01
  0.2720E+03  0.9061E-01
  0.2730E+03  0.9109E-01
  0.2740E+03  0.9315E-01
  0.2750E+03  0.9287E-01
  0.2760E+03  0.8333E-01
  0.2770E+03  0.8208E-01
  0.2780E+03  0.8354E-01
  0.2790E+03  0.8206E-01
  0.2800E+03  0.7918E-01
  0.2810E+03  0.8348E-01
  0.2820E+03  0.7820E-01
  0.2830E+03  0.8441E-01
  0.2840E+03  0.7626E-01
  0.2850E+03  0.8035E-01
  0.2860E+03  0.7306E-01
  0.2870E+03  0.8027E-01
  0.2880E+03  0.7483E-01
  0.2890E+03  0.7424E-01
  0.2900E+03  0.7379E-01
  0.2910E+03  0.7525E-01
  0.2920E+03  0.7618E-01
  0.2930E+03  0.7244E-01
  0.2940E+03  0.6663E-01
  0.2950E+03  0.7382E-01
  0.2960E+03  0.7115E-01
  0.2970E+03  0.7432E-01
  0.2980E+03  0.7388E-01
  0.2990E+03  0.6808E-01
  0.3000E+03  0.7143E-01
  0.3010E+03  0.6640E-01
  0.3020E+03  0.7032E-01
  0.3030E+03  0.6824E-01
  0.3040E+03  0.6538E-01
  0.3050E+03  0.6705E-01
  0.3060E+03  0.6379E-01
  0.3070E+03  0.6683E-01
  0.3080E+03  0.6585E-01
  0.3090E+03  0.6467E-01
  0.3100E+03  0.6389E-01
  0.3110E+03  0.6167E-01
  0.3120E+03  0.6600E-01
  0.3130E+03  0.6313E-01
  0.3140E+03  0.6156E-01
  0.3150E+03  0.5905E-01
  0.3160E+03  0.5512E-01
  0.3170E+03  0.6282E-01
  0.3180E+03  0.5847E-01
  0.3190E+03  0.6521E-01
  0.3200E+03  0.5904E-01
  0.3210E+03  0.5948E-01
  0.3220E+03  0.6306E-01
  0.3230E+03  0.5325E-01
  0.3240E+03  0.5813E-01
  0.3250E+03  0.5376E-01
  0.3260E+03  0.5959E-01
  0.3270E+03  0.6002E-01
  0.3280E+03  0.5777E-01
  0.3290E+03  0.5504E-01
  0.3300E+03  0.5545E-01
  0.3310E+03  0.4843E-01
  0.3320E+03  0.5279E-01
  0.3330E+03  0.5130E-01
  0.3340E+03  0.5994E-01
  0.3350E+03  0.5621E-01
  0.3360E+03  0.5405E-01
  0.3370E+03  0.4523E-01
  0.3380E+03  0.4726E-01
  0.3390E+03  0.4743E-01
  0.3400E+03  0.5282E-01
  0.3410E+03  0.4754E-01
  0.3420E+03  0.5026E-01
  0.3430E+03  0.4817E-01
  0.3440E+03  0.5082E-01
  0.3450E+03  0.4471E-01
  0.3460E+03  0.5091E-01
  0.3470E+03  0.4650E-01
  0.3480E+03  0.4898E-01
  0.3490E+03  0.4593E-01
  0.3500E+03  0.4368E-01
  0.3510E+03  0.4524E-01
  0.3520E+03  0.4503E-01
  0.3530E+03  0.4374E-01
  0.3540E+03  0.4665E-01
  0.3550E+03  0.4682E-01
  0.3560E+03  0.4652E-01
  0.3570E+03  0.4537E-01
  0.3580E+03  0.4154E-01
  0.3590E+03  0.4365E-01
  0.3600E+03  0.4429E-01
  0.3610E+03  0.4064E-01
  0.3620E+03  0.4294E-01
  0.3630E+03  0.4536E-01
  0.3640E+03  0.4045E-01
  0.3650E+03  0.4135E-01
  0.3660E+03  0.4225E-01
  0.3670E+03  0.3741E-01
  0.3680E+03  0.4294E-01
  0.3690E+03  0.4135E-01
  0.3700E+03  0.3335E-01
  0.3710E+03  0.4568E-01
  0.3720E+03  0.4049E-01
  0.3730E+03  0.3810E-01
  0.3740E+03  0.3748E-01
  0.3750E+03  0.3893E-01
  0.3760E+03  0.3594E-01
  0.3770E+03  0.4019E-01
  0.3780E+03  0.3960E-01
  0.3790E+03  0.3789E-01
  0.3800E+03  0.3716E-01
  0.3810E+03  0.3787E-01
  0.3820E+03  0.3375E-01
  0.3830E+03  0.3467E-01
  0.3840E+03  0.3662E-01
  0.3850E+03  0.3668E-01
  0.3860E+03  0.3763E-01
  0.3870E+03  0.3820E-01
  0.3880E+03  0.3774E-01
  0.3890E+03  0.3689E-01
  0.3900E+03  0.3540E-01
  0.3910E+03  0.3500E-01
  0.3920E+03  0.3773E-01
  0.3930E+03  0.4029E-01
  0.3940E+03  0.3275E-01
  0.3950E+03  0.4205E-01
  0.3960E+03  0.3581E-01
  0.3970E+03  0.3445E-01
  0.3980E+03  0.3661E-01
  0.3990E+03  0.4111E-01
  0.4000E+03  0.3294E-01
  0.4010E+03  0.4114E-01
  0.4020E+03  0.3518E-01
  0.4030E+03  0.3349E-01
  0.4040E+03  0.2850E-01
  0.4050E+03  0.3196E-01
  0.4060E+03  0.3217E-01
  0.4070E+03  0.3371E-01
  0.4080E+03  0.3272E-01
  0.4090E+03  0.3220E-01
  0.4100E+03  0.3248E-01
  0.4110E+03  0.3629E-01
  0.4120E+03  0.3289E-01
  0.4130E+03  0.2994E-01
  0.4140E+03  0.3210E-01
  0.4150E+03  0.3246E-01
  0.4160E+03  0.3473E-01
  0.4170E+03  0.3239E-01
  0.4180E+03  0.3740E-01
  0.4190E+03  0.3403E-01
  0.4200E+03  0.3109E-01
  0.4210E+03  0.3166E-01
  0.4220E+03  0.3401E-01
  0.4230E+03  0.3569E-01
  0.4240E+03  0.2676E-01
  0.4250E+03  0.3103E-01
  0.4260E+03  0.3172E-01
  0.4270E+03  0.3136E-01
  0.4280E+03  0.3345E-01
  0.4290E+03  0.2968E-01
  0.4300E+03  0.3213E-01
  0.4310E+03  0.2662E-01
  0.4320E+03  0.3075E-01
  0.4330E+03  0.2903E-01
  0.4340E+03  0.2692E-01
  0.4350E+03  0.2296E-01
  0.4360E+03  0.2757E-01
  0.4370E+03  0.2686E-01
  0.4380E+03  0.2886E-01
  0.4390E+03  0.2808E-01
  0.4400E+03  0.2845E-01
  0.4410E+03  0.2356E-01
  0.4420E+03  0.2693E-01
  0.4430E+03  0.2799E-01
  0.4440E+03  0.2640E-01
  0.4450E+03  0.2485E-01
  0.4460E+03  0.2552E-01
  0.4470E+03  0.2787E-01
  0.4480E+03  0.2865E-01
  0.4490E+03  0.2778E-01
  0.4500E+03  0.2443E-01
  0.4510E+03  0.2621E-01
  0.4520E+03  0.2271E-01
  0.4530E+03  0.2310E-01
  0.4540E+03  0.2838E-01
  0.4550E+03  0.2750E-01
  0.4560E+03  0.2253E-01
  0.4570E+03  0.2564E-01
  0.4580E+03  0.2809E-01
  0.4590E+03  0.2169E-01
  0.4600E+03  0.2349E-01
  0.4610E+03  0.2691E-01
  0.4620E+03  0.2183E-01
  0.4630E+03  0.2241E-01
  0.4640E+03  0.2239E-01
  0.4650E+03  0.2460E-01
  0.4660E+03  0.2583E-01
  0.4670E+03  0.2194E-01
  0.4680E+03  0.2482E-01
  0.4690E+03  0.2503E-01
  0.4700E+03  0.2171E-01
  0.4710E+03  0.2393E-01
  0.4720E+03  0.2608E-01
  0.4730E+03  0.2280E-01
  0.4740E+03  0.2149E-01
  0.4750E+03  0.2380E-01
  0.4760E+03  0.1969E-01
  0.4770E+03  0.2588E-01
  0.4780E+03  0.2198E-01
  0.4790E+03  0.2154E-01
  0.4800E+03  0.2556E-01
  0.4810E+03  0.1742E-01
  0.4820E+03  0.2486E-01
  0.4830E+03  0.1941E-01
  0.4840E+03  0.1867E-01
  0.4850E+03  0.2053E-01
  0.4860E+03  0.2075E-01
  0.4870E+03  0.2034E-01
  0.4880E+03  0.2323E-01
  0.4890E+03  0.1555E-01
  0.4900E+03  0.1844E-01
  0.4910E+03  0.1733E-01
  0.4920E+03  0.2465E-01
  0.4930E+03  0.2033E-01
  0.4940E+03  0.2021E-01
  0.4950E+03  0.1938E-01
  0.4960E+03  0.1970E-01
  0.4970E+03  0.1979E-01
  0.4980E+03  0.1667E-01
  0.4990E+03  0.1774E-01
  0.5000E+03  0.1540E-01
  0.5010E+03  0.1751E-01
  0.5020E+03  0.2140E-01
  0.5030E+03  0.1844E-01
  0.5040E+03  0.1880E-01
  0.5050E+03  0.1863E-01
  0.5060E+03  0.1479E-01
  0.5070E+03  0.1877E-01
  0.5080E+03  0.1807E-01
  0.5090E+03  0.1422E-01
  0.5100E+03  0.1418E-01
  0.5110E+03  0.0000E+00
  0.5120E+03  0.0000E+00
