  0.1000E+01  0.3081E+01
  0.2000E+01  0.3010E+01
  0.3000E+01  0.3338E+01
  0.4000E+01  0.3633E+01
  0.5000E+01  0.3664E+01
  0.6000E+01  0.3819E+01
  0.7000E+01  0.3561E+01
  0.8000E+01  0.3691E+01
  0.9000E+01  0.3503E+01
  0.1000E+02  0.3509E+01
  0.1100E+02  0.3427E+01
  0.1200E+02  0.3612E+01
  0.1300E+02  0.3367E+01
  0.1400E+02  0.3729E+01
  0.1500E+02  0.3629E+01
  0.1600E+02  0.3431E+01
  0.1700E+02  0.3569E+01
  0.1800E+02  0.3373E+01
  0.1900E+02  0.3430E+01
  0.2000E+02  0.3536E+01
  0.2100E+02  0.3564E+01
  0.2200E+02  0.3546E+01
  0.2300E+02  0.3294E+01
  0.2400E+02  0.3732E+01
  0.2500E+02  0.3959E+01
  0.2600E+02  0.3805E+01
  0.2700E+02  0.4010E+01
  0.2800E+02  0.3558E+01
  0.2900E+02  0.3738E+01
  0.3000E+02  0.3517E+01
  0.3100E+02  0.3413E+01
  0.3200E+02  0.3285E+01
  0.3300E+02  0.3158E+01
  0.3400E+02  0.3188E+01
  0.3500E+02  0.3130E+01
  0.3600E+02  0.3241E+01
  0.3700E+02  0.3072E+01
  0.3800E+02  0.3020E+01
  0.3900E+02  0.3231E+01
  0.4000E+02  0.2995E+01
  0.4100E+02  0.2878E+01
  0.4200E+02  0.3246E+01
  0.4300E+02  0.3048E+01
  0.4400E+02  0.3057E+01
  0.4500E+02  0.3223E+01
  0.4600E+02  0.3011E+01
  0.4700E+02  0.3102E+01
  0.4800E+02  0.2990E+01
  0.4900E+02  0.2872E+01
  0.5000E+02  0.2938E+01
  0.5100E+02  0.2880E+01
  0.5200E+02  0.2913E+01
  0.5300E+02  0.3052E+01
  0.5400E+02  0.3177E+01
  0.5500E+02  0.2953E+01
  0.5600E+02  0.3055E+01
  0.5700E+02  0.2962E+01
  0.5800E+02  0.2829E+01
  0.5900E+02  0.2947E+01
  0.6000E+02  0.2904E+01
  0.6100E+02  0.3061E+01
  0.6200E+02  0.2980E+01
  0.6300E+02  0.3038E+01
  0.6400E+02  0.2725E+01
  0.6500E+02  0.2983E+01
  0.6600E+02  0.3145E+01
  0.6700E+02  0.2916E+01
  0.6800E+02  0.3119E+01
  0.6900E+02  0.3270E+01
  0.7000E+02  0.3503E+01
  0.7100E+02  0.3410E+01
  0.7200E+02  0.3425E+01
  0.7300E+02  0.3376E+01
  0.7400E+02  0.3714E+01
  0.7500E+02  0.3769E+01
  0.7600E+02  0.4017E+01
  0.7700E+02  0.3948E+01
  0.7800E+02  0.4177E+01
  0.7900E+02  0.3942E+01
  0.8000E+02  0.4367E+01
  0.8100E+02  0.4245E+01
  0.8200E+02  0.4434E+01
  0.8300E+02  0.4706E+01
  0.8400E+02  0.4440E+01
  0.8500E+02  0.4675E+01
  0.8600E+02  0.4683E+01
  0.8700E+02  0.4323E+01
  0.8800E+02  0.4304E+01
  0.8900E+02  0.3883E+01
  0.9000E+02  0.3900E+01
  0.9100E+02  0.3906E+01
  0.9200E+02  0.3437E+01
  0.9300E+02  0.3415E+01
  0.9400E+02  0.3540E+01
  0.9500E+02  0.3154E+01
  0.9600E+02  0.3525E+01
  0.9700E+02  0.3626E+01
  0.9800E+02  0.3374E+01
  0.9900E+02  0.3485E+01
  0.1000E+03  0.3583E+01
  0.1010E+03  0.3490E+01
  0.1020E+03  0.3323E+01
  0.1030E+03  0.3668E+01
  0.1040E+03  0.3620E+01
  0.1050E+03  0.3448E+01
  0.1060E+03  0.3805E+01
  0.1070E+03  0.3488E+01
  0.1080E+03  0.3695E+01
  0.1090E+03  0.3783E+01
  0.1100E+03  0.3754E+01
  0.1110E+03  0.3577E+01
  0.1120E+03  0.3498E+01
  0.1130E+03  0.3775E+01
  0.1140E+03  0.3649E+01
  0.1150E+03  0.3776E+01
  0.1160E+03  0.3851E+01
  0.1170E+03  0.3881E+01
  0.1180E+03  0.3738E+01
  0.1190E+03  0.3570E+01
  0.1200E+03  0.3952E+01
  0.1210E+03  0.3885E+01
  0.1220E+03  0.3971E+01
  0.1230E+03  0.4125E+01
  0.1240E+03  0.4179E+01
  0.1250E+03  0.4049E+01
  0.1260E+03  0.4075E+01
  0.1270E+03  0.3956E+01
  0.1280E+03  0.4405E+01
  0.1290E+03  0.4197E+01
  0.1300E+03  0.4506E+01
  0.1310E+03  0.4550E+01
  0.1320E+03  0.4761E+01
  0.1330E+03  0.4625E+01
  0.1340E+03  0.4931E+01
  0.1350E+03  0.4835E+01
  0.1360E+03  0.4982E+01
  0.1370E+03  0.4877E+01
  0.1380E+03  0.5007E+01
  0.1390E+03  0.5360E+01
  0.1400E+03  0.5560E+01
  0.1410E+03  0.5607E+01
  0.1420E+03  0.5745E+01
  0.1430E+03  0.6114E+01
  0.1440E+03  0.6145E+01
  0.1450E+03  0.6253E+01
  0.1460E+03  0.6399E+01
  0.1470E+03  0.6813E+01
  0.1480E+03  0.6772E+01
  0.1490E+03  0.6746E+01
  0.1500E+03  0.6962E+01
  0.1510E+03  0.7018E+01
  0.1520E+03  0.7258E+01
  0.1530E+03  0.7455E+01
  0.1540E+03  0.7345E+01
  0.1550E+03  0.7226E+01
  0.1560E+03  0.7215E+01
  0.1570E+03  0.6951E+01
  0.1580E+03  0.6471E+01
  0.1590E+03  0.6388E+01
  0.1600E+03  0.6129E+01
  0.1610E+03  0.5928E+01
  0.1620E+03  0.5718E+01
  0.1630E+03  0.5329E+01
  0.1640E+03  0.5017E+01
  0.1650E+03  0.4930E+01
  0.1660E+03  0.4887E+01
  0.1670E+03  0.4441E+01
  0.1680E+03  0.4404E+01
  0.1690E+03  0.4565E+01
  0.1700E+03  0.4181E+01
  0.1710E+03  0.3994E+01
  0.1720E+03  0.4077E+01
  0.1730E+03  0.4173E+01
  0.1740E+03  0.4247E+01
  0.1750E+03  0.4155E+01
  0.1760E+03  0.4046E+01
  0.1770E+03  0.3960E+01
  0.1780E+03  0.4414E+01
  0.1790E+03  0.4473E+01
  0.1800E+03  0.4189E+01
  0.1810E+03  0.4402E+01
  0.1820E+03  0.4350E+01
  0.1830E+03  0.4234E+01
  0.1840E+03  0.4555E+01
  0.1850E+03  0.4557E+01
  0.1860E+03  0.4607E+01
  0.1870E+03  0.4489E+01
  0.1880E+03  0.4475E+01
  0.1890E+03  0.4437E+01
  0.1900E+03  0.4677E+01
  0.1910E+03  0.4676E+01
  0.1920E+03  0.4573E+01
  0.1930E+03  0.4570E+01
  0.1940E+03  0.4744E+01
  0.1950E+03  0.4887E+01
  0.1960E+03  0.4780E+01
  0.1970E+03  0.5066E+01
  0.1980E+03  0.4986E+01
  0.1990E+03  0.5126E+01
  0.2000E+03  0.5199E+01
  0.2010E+03  0.4848E+01
  0.2020E+03  0.5039E+01
  0.2030E+03  0.5172E+01
  0.2040E+03  0.5200E+01
  0.2050E+03  0.5284E+01
  0.2060E+03  0.5267E+01
  0.2070E+03  0.5521E+01
  0.2080E+03  0.5380E+01
  0.2090E+03  0.5332E+01
  0.2100E+03  0.5536E+01
  0.2110E+03  0.5558E+01
  0.2120E+03  0.5646E+01
  0.2130E+03  0.5689E+01
  0.2140E+03  0.5686E+01
  0.2150E+03  0.5858E+01
  0.2160E+03  0.5925E+01
  0.2170E+03  0.5828E+01
  0.2180E+03  0.5803E+01
  0.2190E+03  0.6005E+01
  0.2200E+03  0.6235E+01
  0.2210E+03  0.6182E+01
  0.2220E+03  0.6419E+01
  0.2230E+03  0.6385E+01
  0.2240E+03  0.6380E+01
  0.2250E+03  0.6389E+01
  0.2260E+03  0.6758E+01
  0.2270E+03  0.6638E+01
  0.2280E+03  0.6690E+01
  0.2290E+03  0.6490E+01
  0.2300E+03  0.6619E+01
  0.2310E+03  0.6573E+01
  0.2320E+03  0.6669E+01
  0.2330E+03  0.7351E+01
  0.2340E+03  0.7010E+01
  0.2350E+03  0.7094E+01
  0.2360E+03  0.7028E+01
  0.2370E+03  0.7037E+01
  0.2380E+03  0.7244E+01
  0.2390E+03  0.7078E+01
  0.2400E+03  0.7526E+01
  0.2410E+03  0.7471E+01
  0.2420E+03  0.7375E+01
  0.2430E+03  0.7665E+01
  0.2440E+03  0.7373E+01
  0.2450E+03  0.7638E+01
  0.2460E+03  0.7600E+01
  0.2470E+03  0.7910E+01
  0.2480E+03  0.8039E+01
  0.2490E+03  0.7669E+01
  0.2500E+03  0.8011E+01
  0.2510E+03  0.7822E+01
  0.2520E+03  0.7778E+01
  0.2530E+03  0.8181E+01
  0.2540E+03  0.8337E+01
  0.2550E+03  0.7957E+01
  0.2560E+03  0.8012E+01
  0.2570E+03  0.8323E+01
  0.2580E+03  0.8254E+01
  0.2590E+03  0.8579E+01
  0.2600E+03  0.8526E+01
  0.2610E+03  0.8438E+01
  0.2620E+03  0.8459E+01
  0.2630E+03  0.8337E+01
  0.2640E+03  0.8735E+01
  0.2650E+03  0.8713E+01
  0.2660E+03  0.8603E+01
  0.2670E+03  0.8704E+01
  0.2680E+03  0.8446E+01
  0.2690E+03  0.8729E+01
  0.2700E+03  0.8554E+01
  0.2710E+03  0.9061E+01
  0.2720E+03  0.8844E+01
  0.2730E+03  0.9177E+01
  0.2740E+03  0.9042E+01
  0.2750E+03  0.9394E+01
  0.2760E+03  0.9048E+01
  0.2770E+03  0.9242E+01
  0.2780E+03  0.9173E+01
  0.2790E+03  0.9398E+01
  0.2800E+03  0.9191E+01
  0.2810E+03  0.9412E+01
  0.2820E+03  0.8968E+01
  0.2830E+03  0.9457E+01
  0.2840E+03  0.9124E+01
  0.2850E+03  0.9725E+01
  0.2860E+03  0.9820E+01
  0.2870E+03  0.9847E+01
  0.2880E+03  0.9964E+01
  0.2890E+03  0.9869E+01
  0.2900E+03  0.9947E+01
  0.2910E+03  0.9342E+01
  0.2920E+03  0.9751E+01
  0.2930E+03  0.9818E+01
  0.2940E+03  0.9865E+01
  0.2950E+03  0.1000E+02
  0.2960E+03  0.1037E+02
  0.2970E+03  0.1017E+02
  0.2980E+03  0.1024E+02
  0.2990E+03  0.1018E+02
  0.3000E+03  0.1021E+02
  0.3010E+03  0.1002E+02
  0.3020E+03  0.1037E+02
  0.3030E+03  0.1029E+02
  0.3040E+03  0.1016E+02
  0.3050E+03  0.1054E+02
  0.3060E+03  0.1048E+02
  0.3070E+03  0.1078E+02
  0.3080E+03  0.1033E+02
  0.3090E+03  0.1100E+02
  0.3100E+03  0.1093E+02
  0.3110E+03  0.1095E+02
  0.3120E+03  0.1089E+02
  0.3130E+03  0.1067E+02
  0.3140E+03  0.1086E+02
  0.3150E+03  0.1091E+02
  0.3160E+03  0.1120E+02
  0.3170E+03  0.1117E+02
  0.3180E+03  0.1118E+02
  0.3190E+03  0.1115E+02
  0.3200E+03  0.1110E+02
  0.3210E+03  0.1102E+02
  0.3220E+03  0.1097E+02
  0.3230E+03  0.1134E+02
  0.3240E+03  0.1144E+02
  0.3250E+03  0.1153E+02
  0.3260E+03  0.1155E+02
  0.3270E+03  0.1124E+02
  0.3280E+03  0.1150E+02
  0.3290E+03  0.1161E+02
  0.3300E+03  0.1119E+02
  0.3310E+03  0.1168E+02
  0.3320E+03  0.1150E+02
  0.3330E+03  0.1135E+02
  0.3340E+03  0.1149E+02
  0.3350E+03  0.1187E+02
  0.3360E+03  0.1156E+02
  0.3370E+03  0.1165E+02
  0.3380E+03  0.1094E+02
  0.3390E+03  0.1137E+02
  0.3400E+03  0.1168E+02
  0.3410E+03  0.1151E+02
  0.3420E+03  0.1182E+02
  0.3430E+03  0.1132E+02
  0.3440E+03  0.1166E+02
  0.3450E+03  0.1116E+02
  0.3460E+03  0.1119E+02
  0.3470E+03  0.1143E+02
  0.3480E+03  0.1094E+02
  0.3490E+03  0.1179E+02
  0.3500E+03  0.1174E+02
  0.3510E+03  0.1129E+02
  0.3520E+03  0.1127E+02
  0.3530E+03  0.1160E+02
  0.3540E+03  0.1175E+02
  0.3550E+03  0.1146E+02
  0.3560E+03  0.1136E+02
  0.3570E+03  0.1163E+02
  0.3580E+03  0.1132E+02
  0.3590E+03  0.1123E+02
  0.3600E+03  0.1184E+02
  0.3610E+03  0.1166E+02
  0.3620E+03  0.1148E+02
  0.3630E+03  0.1179E+02
  0.3640E+03  0.1176E+02
  0.3650E+03  0.1176E+02
  0.3660E+03  0.1153E+02
  0.3670E+03  0.1139E+02
  0.3680E+03  0.1142E+02
  0.3690E+03  0.1179E+02
  0.3700E+03  0.1177E+02
  0.3710E+03  0.1200E+02
  0.3720E+03  0.1185E+02
  0.3730E+03  0.1148E+02
  0.3740E+03  0.1186E+02
  0.3750E+03  0.1203E+02
  0.3760E+03  0.1233E+02
  0.3770E+03  0.1210E+02
  0.3780E+03  0.1204E+02
  0.3790E+03  0.1212E+02
  0.3800E+03  0.1243E+02
  0.3810E+03  0.1260E+02
  0.3820E+03  0.1236E+02
  0.3830E+03  0.1239E+02
  0.3840E+03  0.1240E+02
  0.3850E+03  0.1236E+02
  0.3860E+03  0.1239E+02
  0.3870E+03  0.1215E+02
  0.3880E+03  0.1252E+02
  0.3890E+03  0.1245E+02
  0.3900E+03  0.1316E+02
  0.3910E+03  0.1293E+02
  0.3920E+03  0.1236E+02
  0.3930E+03  0.1298E+02
  0.3940E+03  0.1275E+02
  0.3950E+03  0.1327E+02
  0.3960E+03  0.1331E+02
  0.3970E+03  0.1331E+02
  0.3980E+03  0.1292E+02
  0.3990E+03  0.1350E+02
  0.4000E+03  0.1305E+02
  0.4010E+03  0.1324E+02
  0.4020E+03  0.1329E+02
  0.4030E+03  0.1298E+02
  0.4040E+03  0.1299E+02
  0.4050E+03  0.1291E+02
  0.4060E+03  0.1302E+02
  0.4070E+03  0.1349E+02
  0.4080E+03  0.1373E+02
  0.4090E+03  0.1286E+02
  0.4100E+03  0.1351E+02
  0.4110E+03  0.1327E+02
  0.4120E+03  0.1389E+02
  0.4130E+03  0.1374E+02
  0.4140E+03  0.1373E+02
  0.4150E+03  0.1342E+02
  0.4160E+03  0.1335E+02
  0.4170E+03  0.1342E+02
  0.4180E+03  0.1364E+02
  0.4190E+03  0.1344E+02
  0.4200E+03  0.1386E+02
  0.4210E+03  0.1378E+02
  0.4220E+03  0.1355E+02
  0.4230E+03  0.1366E+02
  0.4240E+03  0.1362E+02
  0.4250E+03  0.1407E+02
  0.4260E+03  0.1386E+02
  0.4270E+03  0.1353E+02
  0.4280E+03  0.1369E+02
  0.4290E+03  0.1363E+02
  0.4300E+03  0.1317E+02
  0.4310E+03  0.1336E+02
  0.4320E+03  0.1288E+02
  0.4330E+03  0.1370E+02
  0.4340E+03  0.1368E+02
  0.4350E+03  0.1278E+02
  0.4360E+03  0.1336E+02
  0.4370E+03  0.1350E+02
  0.4380E+03  0.1311E+02
  0.4390E+03  0.1382E+02
  0.4400E+03  0.1247E+02
  0.4410E+03  0.1317E+02
  0.4420E+03  0.1255E+02
  0.4430E+03  0.1303E+02
  0.4440E+03  0.1306E+02
  0.4450E+03  0.1234E+02
  0.4460E+03  0.1289E+02
  0.4470E+03  0.1248E+02
  0.4480E+03  0.1265E+02
  0.4490E+03  0.1323E+02
  0.4500E+03  0.1234E+02
  0.4510E+03  0.1285E+02
  0.4520E+03  0.1296E+02
  0.4530E+03  0.1238E+02
  0.4540E+03  0.1253E+02
  0.4550E+03  0.1264E+02
  0.4560E+03  0.1273E+02
  0.4570E+03  0.1274E+02
  0.4580E+03  0.1255E+02
  0.4590E+03  0.1221E+02
  0.4600E+03  0.1291E+02
  0.4610E+03  0.1252E+02
  0.4620E+03  0.1220E+02
  0.4630E+03  0.1256E+02
  0.4640E+03  0.1254E+02
  0.4650E+03  0.1235E+02
  0.4660E+03  0.1202E+02
  0.4670E+03  0.1250E+02
  0.4680E+03  0.1224E+02
  0.4690E+03  0.1252E+02
  0.4700E+03  0.1208E+02
  0.4710E+03  0.1240E+02
  0.4720E+03  0.1246E+02
  0.4730E+03  0.1242E+02
  0.4740E+03  0.1251E+02
  0.4750E+03  0.1256E+02
  0.4760E+03  0.1224E+02
  0.4770E+03  0.1193E+02
  0.4780E+03  0.1203E+02
  0.4790E+03  0.1271E+02
  0.4800E+03  0.1256E+02
  0.4810E+03  0.1150E+02
  0.4820E+03  0.1288E+02
  0.4830E+03  0.1225E+02
  0.4840E+03  0.1217E+02
  0.4850E+03  0.1307E+02
  0.4860E+03  0.1218E+02
  0.4870E+03  0.1168E+02
  0.4880E+03  0.1226E+02
  0.4890E+03  0.1265E+02
  0.4900E+03  0.1223E+02
  0.4910E+03  0.1244E+02
  0.4920E+03  0.1202E+02
  0.4930E+03  0.1212E+02
  0.4940E+03  0.1210E+02
  0.4950E+03  0.1145E+02
  0.4960E+03  0.1200E+02
  0.4970E+03  0.1182E+02
  0.4980E+03  0.1177E+02
  0.4990E+03  0.1206E+02
  0.5000E+03  0.1145E+02
  0.5010E+03  0.1161E+02
  0.5020E+03  0.1124E+02
  0.5030E+03  0.1160E+02
  0.5040E+03  0.1116E+02
  0.5050E+03  0.1153E+02
  0.5060E+03  0.1114E+02
  0.5070E+03  0.1113E+02
  0.5080E+03  0.1095E+02
  0.5090E+03  0.1067E+02
  0.5100E+03  0.1011E+02
  0.5110E+03  0.0000E+00
  0.5120E+03  0.0000E+00
