  0.1000E+01  0.1120E+01
  0.2000E+01  0.1261E+01
  0.3000E+01  0.1284E+01
  0.4000E+01  0.1354E+01
  0.5000E+01  0.1262E+01
  0.6000E+01  0.1416E+01
  0.7000E+01  0.1369E+01
  0.8000E+01  0.1261E+01
  0.9000E+01  0.1422E+01
  0.1000E+02  0.1326E+01
  0.1100E+02  0.1390E+01
  0.1200E+02  0.1359E+01
  0.1300E+02  0.1409E+01
  0.1400E+02  0.1352E+01
  0.1500E+02  0.1553E+01
  0.1600E+02  0.1382E+01
  0.1700E+02  0.1466E+01
  0.1800E+02  0.1412E+01
  0.1900E+02  0.1395E+01
  0.2000E+02  0.1424E+01
  0.2100E+02  0.1490E+01
  0.2200E+02  0.1525E+01
  0.2300E+02  0.1561E+01
  0.2400E+02  0.1734E+01
  0.2500E+02  0.1895E+01
  0.2600E+02  0.2171E+01
  0.2700E+02  0.2219E+01
  0.2800E+02  0.1959E+01
  0.2900E+02  0.1889E+01
  0.3000E+02  0.1918E+01
  0.3100E+02  0.1722E+01
  0.3200E+02  0.1594E+01
  0.3300E+02  0.1487E+01
  0.3400E+02  0.1355E+01
  0.3500E+02  0.1357E+01
  0.3600E+02  0.1396E+01
  0.3700E+02  0.1379E+01
  0.3800E+02  0.1536E+01
  0.3900E+02  0.1390E+01
  0.4000E+02  0.1423E+01
  0.4100E+02  0.1416E+01
  0.4200E+02  0.1360E+01
  0.4300E+02  0.1437E+01
  0.4400E+02  0.1619E+01
  0.4500E+02  0.1532E+01
  0.4600E+02  0.1494E+01
  0.4700E+02  0.1430E+01
  0.4800E+02  0.1406E+01
  0.4900E+02  0.1585E+01
  0.5000E+02  0.1476E+01
  0.5100E+02  0.1567E+01
  0.5200E+02  0.1708E+01
  0.5300E+02  0.1502E+01
  0.5400E+02  0.1607E+01
  0.5500E+02  0.1678E+01
  0.5600E+02  0.1756E+01
  0.5700E+02  0.1710E+01
  0.5800E+02  0.1693E+01
  0.5900E+02  0.1869E+01
  0.6000E+02  0.1836E+01
  0.6100E+02  0.1760E+01
  0.6200E+02  0.1966E+01
  0.6300E+02  0.1790E+01
  0.6400E+02  0.1848E+01
  0.6500E+02  0.2144E+01
  0.6600E+02  0.2119E+01
  0.6700E+02  0.2148E+01
  0.6800E+02  0.2368E+01
  0.6900E+02  0.2391E+01
  0.7000E+02  0.2702E+01
  0.7100E+02  0.2670E+01
  0.7200E+02  0.2931E+01
  0.7300E+02  0.2973E+01
  0.7400E+02  0.3251E+01
  0.7500E+02  0.3410E+01
  0.7600E+02  0.3565E+01
  0.7700E+02  0.3726E+01
  0.7800E+02  0.4026E+01
  0.7900E+02  0.4177E+01
  0.8000E+02  0.4387E+01
  0.8100E+02  0.4299E+01
  0.8200E+02  0.4499E+01
  0.8300E+02  0.4547E+01
  0.8400E+02  0.4586E+01
  0.8500E+02  0.4513E+01
  0.8600E+02  0.4180E+01
  0.8700E+02  0.3988E+01
  0.8800E+02  0.3936E+01
  0.8900E+02  0.3686E+01
  0.9000E+02  0.3386E+01
  0.9100E+02  0.2965E+01
  0.9200E+02  0.2741E+01
  0.9300E+02  0.2551E+01
  0.9400E+02  0.2397E+01
  0.9500E+02  0.2336E+01
  0.9600E+02  0.2295E+01
  0.9700E+02  0.2222E+01
  0.9800E+02  0.2251E+01
  0.9900E+02  0.2322E+01
  0.1000E+03  0.2222E+01
  0.1010E+03  0.2375E+01
  0.1020E+03  0.2487E+01
  0.1030E+03  0.2207E+01
  0.1040E+03  0.2295E+01
  0.1050E+03  0.2437E+01
  0.1060E+03  0.2263E+01
  0.1070E+03  0.2276E+01
  0.1080E+03  0.2207E+01
  0.1090E+03  0.2242E+01
  0.1100E+03  0.2546E+01
  0.1110E+03  0.2343E+01
  0.1120E+03  0.2396E+01
  0.1130E+03  0.2385E+01
  0.1140E+03  0.2397E+01
  0.1150E+03  0.2287E+01
  0.1160E+03  0.2491E+01
  0.1170E+03  0.2470E+01
  0.1180E+03  0.2514E+01
  0.1190E+03  0.2563E+01
  0.1200E+03  0.2454E+01
  0.1210E+03  0.2590E+01
  0.1220E+03  0.2543E+01
  0.1230E+03  0.2538E+01
  0.1240E+03  0.2582E+01
  0.1250E+03  0.2558E+01
  0.1260E+03  0.2562E+01
  0.1270E+03  0.2751E+01
  0.1280E+03  0.2592E+01
  0.1290E+03  0.2817E+01
  0.1300E+03  0.2644E+01
  0.1310E+03  0.2648E+01
  0.1320E+03  0.2777E+01
  0.1330E+03  0.2670E+01
  0.1340E+03  0.2972E+01
  0.1350E+03  0.2913E+01
  0.1360E+03  0.3003E+01
  0.1370E+03  0.3059E+01
  0.1380E+03  0.3202E+01
  0.1390E+03  0.3083E+01
  0.1400E+03  0.3262E+01
  0.1410E+03  0.3301E+01
  0.1420E+03  0.3375E+01
  0.1430E+03  0.3438E+01
  0.1440E+03  0.3358E+01
  0.1450E+03  0.3480E+01
  0.1460E+03  0.3578E+01
  0.1470E+03  0.3606E+01
  0.1480E+03  0.3764E+01
  0.1490E+03  0.3866E+01
  0.1500E+03  0.3846E+01
  0.1510E+03  0.3773E+01
  0.1520E+03  0.3917E+01
  0.1530E+03  0.3861E+01
  0.1540E+03  0.3912E+01
  0.1550E+03  0.3954E+01
  0.1560E+03  0.3581E+01
  0.1570E+03  0.3429E+01
  0.1580E+03  0.3432E+01
  0.1590E+03  0.3526E+01
  0.1600E+03  0.3189E+01
  0.1610E+03  0.3233E+01
  0.1620E+03  0.3268E+01
  0.1630E+03  0.3034E+01
  0.1640E+03  0.2959E+01
  0.1650E+03  0.2862E+01
  0.1660E+03  0.2786E+01
  0.1670E+03  0.2925E+01
  0.1680E+03  0.2746E+01
  0.1690E+03  0.2906E+01
  0.1700E+03  0.2543E+01
  0.1710E+03  0.2666E+01
  0.1720E+03  0.2443E+01
  0.1730E+03  0.2839E+01
  0.1740E+03  0.2579E+01
  0.1750E+03  0.2730E+01
  0.1760E+03  0.2480E+01
  0.1770E+03  0.2547E+01
  0.1780E+03  0.2687E+01
  0.1790E+03  0.2845E+01
  0.1800E+03  0.2907E+01
  0.1810E+03  0.3056E+01
  0.1820E+03  0.2848E+01
  0.1830E+03  0.2979E+01
  0.1840E+03  0.2905E+01
  0.1850E+03  0.2901E+01
  0.1860E+03  0.3095E+01
  0.1870E+03  0.3146E+01
  0.1880E+03  0.3266E+01
  0.1890E+03  0.3173E+01
  0.1900E+03  0.3133E+01
  0.1910E+03  0.3258E+01
  0.1920E+03  0.3094E+01
  0.1930E+03  0.3145E+01
  0.1940E+03  0.3347E+01
  0.1950E+03  0.3559E+01
  0.1960E+03  0.3603E+01
  0.1970E+03  0.3448E+01
  0.1980E+03  0.3579E+01
  0.1990E+03  0.3575E+01
  0.2000E+03  0.3505E+01
  0.2010E+03  0.3613E+01
  0.2020E+03  0.3866E+01
  0.2030E+03  0.3656E+01
  0.2040E+03  0.4010E+01
  0.2050E+03  0.3726E+01
  0.2060E+03  0.4176E+01
  0.2070E+03  0.4323E+01
  0.2080E+03  0.4136E+01
  0.2090E+03  0.4617E+01
  0.2100E+03  0.4220E+01
  0.2110E+03  0.4390E+01
  0.2120E+03  0.4333E+01
  0.2130E+03  0.4357E+01
  0.2140E+03  0.4126E+01
  0.2150E+03  0.4313E+01
  0.2160E+03  0.4500E+01
  0.2170E+03  0.4898E+01
  0.2180E+03  0.4542E+01
  0.2190E+03  0.4779E+01
  0.2200E+03  0.4791E+01
  0.2210E+03  0.4859E+01
  0.2220E+03  0.4737E+01
  0.2230E+03  0.4692E+01
  0.2240E+03  0.5018E+01
  0.2250E+03  0.5073E+01
  0.2260E+03  0.4827E+01
  0.2270E+03  0.4986E+01
  0.2280E+03  0.5111E+01
  0.2290E+03  0.5243E+01
  0.2300E+03  0.5313E+01
  0.2310E+03  0.5504E+01
  0.2320E+03  0.4968E+01
  0.2330E+03  0.5419E+01
  0.2340E+03  0.5513E+01
  0.2350E+03  0.5815E+01
  0.2360E+03  0.6027E+01
  0.2370E+03  0.5533E+01
  0.2380E+03  0.5465E+01
  0.2390E+03  0.5909E+01
  0.2400E+03  0.5608E+01
  0.2410E+03  0.5833E+01
  0.2420E+03  0.5810E+01
  0.2430E+03  0.5875E+01
  0.2440E+03  0.6033E+01
  0.2450E+03  0.6168E+01
  0.2460E+03  0.5590E+01
  0.2470E+03  0.6030E+01
  0.2480E+03  0.6183E+01
  0.2490E+03  0.6206E+01
  0.2500E+03  0.6125E+01
  0.2510E+03  0.6077E+01
  0.2520E+03  0.6024E+01
  0.2530E+03  0.6432E+01
  0.2540E+03  0.6290E+01
  0.2550E+03  0.6023E+01
  0.2560E+03  0.6413E+01
  0.2570E+03  0.6304E+01
  0.2580E+03  0.6433E+01
  0.2590E+03  0.6586E+01
  0.2600E+03  0.6561E+01
  0.2610E+03  0.6783E+01
  0.2620E+03  0.6733E+01
  0.2630E+03  0.6868E+01
  0.2640E+03  0.6655E+01
  0.2650E+03  0.6575E+01
  0.2660E+03  0.6796E+01
  0.2670E+03  0.6803E+01
  0.2680E+03  0.6711E+01
  0.2690E+03  0.6780E+01
  0.2700E+03  0.7221E+01
  0.2710E+03  0.6568E+01
  0.2720E+03  0.6641E+01
  0.2730E+03  0.6712E+01
  0.2740E+03  0.7011E+01
  0.2750E+03  0.6893E+01
  0.2760E+03  0.6777E+01
  0.2770E+03  0.7063E+01
  0.2780E+03  0.6990E+01
  0.2790E+03  0.7254E+01
  0.2800E+03  0.7184E+01
  0.2810E+03  0.7350E+01
  0.2820E+03  0.6988E+01
  0.2830E+03  0.7438E+01
  0.2840E+03  0.7247E+01
  0.2850E+03  0.7599E+01
  0.2860E+03  0.7474E+01
  0.2870E+03  0.7253E+01
  0.2880E+03  0.7312E+01
  0.2890E+03  0.7360E+01
  0.2900E+03  0.6962E+01
  0.2910E+03  0.7348E+01
  0.2920E+03  0.7112E+01
  0.2930E+03  0.7529E+01
  0.2940E+03  0.7221E+01
  0.2950E+03  0.7410E+01
  0.2960E+03  0.6941E+01
  0.2970E+03  0.7159E+01
  0.2980E+03  0.7393E+01
  0.2990E+03  0.7143E+01
  0.3000E+03  0.7161E+01
  0.3010E+03  0.7420E+01
  0.3020E+03  0.7089E+01
  0.3030E+03  0.7388E+01
  0.3040E+03  0.7311E+01
  0.3050E+03  0.7476E+01
  0.3060E+03  0.7562E+01
  0.3070E+03  0.7447E+01
  0.3080E+03  0.7419E+01
  0.3090E+03  0.7382E+01
  0.3100E+03  0.7311E+01
  0.3110E+03  0.7241E+01
  0.3120E+03  0.7403E+01
  0.3130E+03  0.7422E+01
  0.3140E+03  0.7131E+01
  0.3150E+03  0.7595E+01
  0.3160E+03  0.7370E+01
  0.3170E+03  0.7266E+01
  0.3180E+03  0.7385E+01
  0.3190E+03  0.7473E+01
  0.3200E+03  0.7425E+01
  0.3210E+03  0.7346E+01
  0.3220E+03  0.7207E+01
  0.3230E+03  0.7591E+01
  0.3240E+03  0.7740E+01
  0.3250E+03  0.7414E+01
  0.3260E+03  0.7601E+01
  0.3270E+03  0.7337E+01
  0.3280E+03  0.7213E+01
  0.3290E+03  0.7136E+01
  0.3300E+03  0.7022E+01
  0.3310E+03  0.7291E+01
  0.3320E+03  0.7141E+01
  0.3330E+03  0.7092E+01
  0.3340E+03  0.7028E+01
  0.3350E+03  0.7308E+01
  0.3360E+03  0.7288E+01
  0.3370E+03  0.7289E+01
  0.3380E+03  0.7453E+01
  0.3390E+03  0.6797E+01
  0.3400E+03  0.7470E+01
  0.3410E+03  0.6650E+01
  0.3420E+03  0.7143E+01
  0.3430E+03  0.7144E+01
  0.3440E+03  0.7085E+01
  0.3450E+03  0.6858E+01
  0.3460E+03  0.7099E+01
  0.3470E+03  0.6892E+01
  0.3480E+03  0.7043E+01
  0.3490E+03  0.6952E+01
  0.3500E+03  0.7132E+01
  0.3510E+03  0.7229E+01
  0.3520E+03  0.7164E+01
  0.3530E+03  0.6899E+01
  0.3540E+03  0.7141E+01
  0.3550E+03  0.6804E+01
  0.3560E+03  0.6688E+01
  0.3570E+03  0.6973E+01
  0.3580E+03  0.6451E+01
  0.3590E+03  0.6942E+01
  0.3600E+03  0.6790E+01
  0.3610E+03  0.6530E+01
  0.3620E+03  0.6627E+01
  0.3630E+03  0.6579E+01
  0.3640E+03  0.6495E+01
  0.3650E+03  0.6587E+01
  0.3660E+03  0.6521E+01
  0.3670E+03  0.5970E+01
  0.3680E+03  0.6312E+01
  0.3690E+03  0.6545E+01
  0.3700E+03  0.6654E+01
  0.3710E+03  0.6538E+01
  0.3720E+03  0.6512E+01
  0.3730E+03  0.6670E+01
  0.3740E+03  0.6589E+01
  0.3750E+03  0.6408E+01
  0.3760E+03  0.6402E+01
  0.3770E+03  0.6351E+01
  0.3780E+03  0.6568E+01
  0.3790E+03  0.6297E+01
  0.3800E+03  0.6111E+01
  0.3810E+03  0.5942E+01
  0.3820E+03  0.5947E+01
  0.3830E+03  0.6233E+01
  0.3840E+03  0.6153E+01
  0.3850E+03  0.6123E+01
  0.3860E+03  0.5827E+01
  0.3870E+03  0.6247E+01
  0.3880E+03  0.6030E+01
  0.3890E+03  0.6225E+01
  0.3900E+03  0.6305E+01
  0.3910E+03  0.6227E+01
  0.3920E+03  0.6171E+01
  0.3930E+03  0.5901E+01
  0.3940E+03  0.5980E+01
  0.3950E+03  0.5459E+01
  0.3960E+03  0.5925E+01
  0.3970E+03  0.5598E+01
  0.3980E+03  0.5873E+01
  0.3990E+03  0.5628E+01
  0.4000E+03  0.5733E+01
  0.4010E+03  0.5704E+01
  0.4020E+03  0.5443E+01
  0.4030E+03  0.5642E+01
  0.4040E+03  0.5510E+01
  0.4050E+03  0.5596E+01
  0.4060E+03  0.5477E+01
  0.4070E+03  0.5249E+01
  0.4080E+03  0.5178E+01
  0.4090E+03  0.4991E+01
  0.4100E+03  0.5226E+01
  0.4110E+03  0.5481E+01
  0.4120E+03  0.5403E+01
  0.4130E+03  0.5085E+01
  0.4140E+03  0.5244E+01
  0.4150E+03  0.5263E+01
  0.4160E+03  0.5256E+01
  0.4170E+03  0.5009E+01
  0.4180E+03  0.4866E+01
  0.4190E+03  0.5085E+01
  0.4200E+03  0.4649E+01
  0.4210E+03  0.4811E+01
  0.4220E+03  0.4863E+01
  0.4230E+03  0.4815E+01
  0.4240E+03  0.4885E+01
  0.4250E+03  0.4716E+01
  0.4260E+03  0.4851E+01
  0.4270E+03  0.4589E+01
  0.4280E+03  0.4394E+01
  0.4290E+03  0.4304E+01
  0.4300E+03  0.4459E+01
  0.4310E+03  0.4290E+01
  0.4320E+03  0.4414E+01
  0.4330E+03  0.4406E+01
  0.4340E+03  0.4206E+01
  0.4350E+03  0.4640E+01
  0.4360E+03  0.4504E+01
  0.4370E+03  0.4380E+01
  0.4380E+03  0.4295E+01
  0.4390E+03  0.4049E+01
  0.4400E+03  0.4102E+01
  0.4410E+03  0.4075E+01
  0.4420E+03  0.4011E+01
  0.4430E+03  0.3909E+01
  0.4440E+03  0.3996E+01
  0.4450E+03  0.3848E+01
  0.4460E+03  0.3942E+01
  0.4470E+03  0.3633E+01
  0.4480E+03  0.3760E+01
  0.4490E+03  0.3799E+01
  0.4500E+03  0.3630E+01
  0.4510E+03  0.3596E+01
  0.4520E+03  0.3573E+01
  0.4530E+03  0.3648E+01
  0.4540E+03  0.3604E+01
  0.4550E+03  0.3441E+01
  0.4560E+03  0.3296E+01
  0.4570E+03  0.3346E+01
  0.4580E+03  0.3316E+01
  0.4590E+03  0.3553E+01
  0.4600E+03  0.3638E+01
  0.4610E+03  0.3500E+01
  0.4620E+03  0.3211E+01
  0.4630E+03  0.3120E+01
  0.4640E+03  0.3199E+01
  0.4650E+03  0.3135E+01
  0.4660E+03  0.3280E+01
  0.4670E+03  0.3189E+01
  0.4680E+03  0.3005E+01
  0.4690E+03  0.2881E+01
  0.4700E+03  0.3067E+01
  0.4710E+03  0.3083E+01
  0.4720E+03  0.2929E+01
  0.4730E+03  0.2983E+01
  0.4740E+03  0.2896E+01
  0.4750E+03  0.2872E+01
  0.4760E+03  0.2872E+01
  0.4770E+03  0.2806E+01
  0.4780E+03  0.2876E+01
  0.4790E+03  0.2900E+01
  0.4800E+03  0.2571E+01
  0.4810E+03  0.2655E+01
  0.4820E+03  0.2655E+01
  0.4830E+03  0.2773E+01
  0.4840E+03  0.2266E+01
  0.4850E+03  0.2559E+01
  0.4860E+03  0.2458E+01
  0.4870E+03  0.2469E+01
  0.4880E+03  0.2600E+01
  0.4890E+03  0.2430E+01
  0.4900E+03  0.2437E+01
  0.4910E+03  0.2277E+01
  0.4920E+03  0.2265E+01
  0.4930E+03  0.2229E+01
  0.4940E+03  0.2543E+01
  0.4950E+03  0.2198E+01
  0.4960E+03  0.2150E+01
  0.4970E+03  0.2316E+01
  0.4980E+03  0.2221E+01
  0.4990E+03  0.2015E+01
  0.5000E+03  0.2395E+01
  0.5010E+03  0.1869E+01
  0.5020E+03  0.2021E+01
  0.5030E+03  0.2092E+01
  0.5040E+03  0.1817E+01
  0.5050E+03  0.2101E+01
  0.5060E+03  0.1908E+01
  0.5070E+03  0.1864E+01
  0.5080E+03  0.1775E+01
  0.5090E+03  0.1795E+01
  0.5100E+03  0.1794E+01
  0.5110E+03  0.0000E+00
  0.5120E+03  0.0000E+00
